18.58,2.41,0.82,9.76,-2.79,7.77,-4.01,-1.46,-17.18,-15.68,-23.84,-16.07,-16.49
18.36,37.48,21.23,1.17,3.44,4.8,20.99,7.42,4.29,-13.63,-7.1,-16.19,-6.78
18.81,32.19,17.61,3.96,8.11,10.51,22.68,9.41,2.62,-15.38,-11.81,-15.05,-3.46
17.67,28.49,12.47,-1.28,-0.96,2.39,14.92,7.91,2.05,-13.47,-12.07,-12.79,-1.38
17.79,25.41,12.48,4.7,3.69,4.09,8.53,0.96,-5.59,-15.42,-14.15,-10.35,-0.16
17.62,41.99,18.63,-14.29,1.33,6.63,39.22,9.05,13.42,-19.56,2.56,-11.52,15.58
18.28,33.04,19.13,0.87,0.9,3.86,22.9,13.08,6.69,-14.9,-8.32,-6.98,11.57
18.09,26.31,12.52,4.4,5.13,8.66,14.87,7.36,-1.12,-10.45,-7.6,-3.21,4.81
16.98,23.85,8.56,-0.7,-0.6,-1.29,2.6,-4.99,-7.17,-13.13,-11.16,-11.38,-5.4
18.36,44.22,21.36,-14.96,-5.32,-6.69,26.77,4.81,11.4,-13.63,8.02,-7.67,15.75
17.48,23.62,11.25,4.61,1.81,2.85,9.75,9.27,6.27,-2.25,-6.53,-7.39,-2.68
17.72,36.08,20.72,-4.26,-3.85,-0.72,23.33,12.15,11.18,-8.43,1.4,-4.05,10.72
17.36,26.24,10.19,-3.8,-3.83,-3.73,5.37,-4.08,-7.84,-21.95,-22.79,-28.7,-18.48
17.96,28.65,15.03,4.64,5.47,10.01,21.68,15.3,7.87,-7.98,-9.98,-11.71,-3.33
17.99,37.29,19.98,-0.98,8.86,13.78,34.23,13.68,9.84,-12.68,-3.95,-12.98,3.07
17.85,23.95,11.59,5.47,4.93,6.61,12.19,9.08,5.55,-0.9,-1.61,-1.81,2.15
18.71,52.26,27.07,-16.65,5.88,4.47,42.82,7.05,17.02,-6.38,18.29,-14.42,3.63
18.05,37.04,21.88,-3.93,0.02,4.87,30.04,11.23,5.2,-16.12,0.27,-4.0,9.33
17.49,40.86,20.77,-4.46,8.41,7.56,24.87,-5.9,-6.78,-23.2,0.2,-3.26,13.07
18.49,41.07,24.73,-0.37,3.01,3.9,31.0,17.52,19.32,-5.61,0.83,-11.02,6.67
18.04,38.38,21.4,-3.45,0.69,3.82,25.64,9.26,8.81,-14.01,-1.29,-5.82,9.21
18.21,28.82,15.82,5.41,5.34,7.01,14.54,4.97,-0.57,-9.45,-2.46,0.86,9.2
17.53,28.96,17.39,5.44,-0.54,-1.7,8.76,5.08,-1.36,-15.22,-10.58,-3.06,11.24
16.52,34.14,16.54,-7.92,-8.14,-6.08,13.97,0.04,-3.4,-21.79,-6.66,-6.19,9.09
17.47,31.86,15.88,-3.63,-1.75,1.28,21.72,11.42,7.12,-15.07,-9.24,-10.59,6.85
17.19,34.4,19.37,-3.5,-3.44,0.22,18.32,1.9,-3.15,-16.7,1.7,0.28,7.01
18.09,32.25,16.83,-3.37,-0.44,3.79,26.39,13.88,7.76,-16.2,-6.42,-4.44,16.39
17.26,53.6,32.38,-24.01,-8.03,6.23,49.64,-10.29,-3.88,-32.74,7.55,-20.38,10.43
16.31,41.58,13.92,-24.13,-8.54,-12.01,14.33,-17.14,-10.36,-37.36,-8.32,-20.65,0.73
17.24,33.62,16.82,-7.19,-1.75,2.0,31.17,18.5,17.18,-12.86,-2.94,-8.42,14.27
18.3,43.06,26.53,-9.02,0.63,3.45,44.6,22.59,22.8,-18.84,-3.11,-17.67,12.83
17.85,25.62,12.51,4.38,4.46,6.07,11.53,3.0,-4.13,-12.7,-7.51,-2.12,5.85
16.96,30.48,14.58,-1.7,2.86,7.13,19.54,2.53,-4.29,-18.28,-5.23,-2.12,11.82
18.0,35.6,22.37,-1.81,0.43,4.66,29.59,13.21,8.47,-15.71,-3.95,-8.36,10.05
18.14,33.57,20.3,4.22,2.07,2.79,17.77,10.47,6.15,-10.43,-7.12,-9.45,2.9
18.08,31.45,17.97,3.34,0.98,1.41,16.04,10.57,7.46,-8.11,-4.19,-2.17,12.99
17.95,41.18,26.43,0.14,2.73,2.24,26.32,5.0,0.23,-24.78,-4.87,-3.14,21.28
17.56,29.99,16.25,1.33,-3.14,-3.81,7.19,1.42,-1.99,-12.83,-6.61,-4.12,4.83
18.23,30.3,16.91,3.96,6.32,10.72,24.38,12.9,4.73,-11.33,-4.06,-1.83,9.19
18.08,25.92,14.84,8.39,5.46,1.45,2.02,-4.4,-5.65,-9.77,-7.45,-8.49,-4.55
17.72,27.37,13.49,3.49,2.77,2.22,7.41,-0.99,-3.46,-7.53,0.9,5.21,13.23
17.9,38.79,21.41,-2.1,2.73,6.17,26.67,7.76,5.47,-13.28,2.09,-5.55,7.61
18.22,28.17,15.43,4.43,2.14,4.72,16.29,11.94,5.79,-7.15,-5.47,-3.16,5.95
18.42,24.74,11.15,5.38,7.73,12.11,17.13,9.29,2.13,-5.41,-3.32,-0.8,4.95
17.33,26.13,10.71,-2.91,-1.53,3.48,18.13,9.8,3.4,-10.61,-4.25,-2.52,6.4
17.59,28.41,21.36,12.18,4.48,-1.65,10.25,11.08,6.58,-12.31,-16.6,-13.86,0.15
17.95,32.47,18.63,2.0,3.88,8.67,26.96,14.56,7.57,-11.38,-1.02,1.53,15.9
18.58,25.79,14.01,7.7,6.9,8.12,13.1,7.56,2.05,-5.41,-2.72,1.44,9.46
19.27,36.79,22.98,6.01,12.57,13.97,31.36,12.72,5.18,-17.6,-6.76,-7.04,15.12
18.35,23.23,11.86,5.71,1.19,-1.59,1.59,1.06,0.87,-1.75,0.55,4.52,11.06
17.38,23.08,11.26,6.11,2.73,-1.47,-2.86,-7.65,-6.33,-3.58,1.13,2.36,3.88
17.1,43.6,21.43,-9.25,3.21,1.6,26.45,-3.91,-4.64,-26.84,-6.85,-18.89,-1.06
17.43,44.49,24.57,-4.6,9.0,9.55,31.93,0.58,1.6,-20.08,1.28,-10.57,5.34
18.16,29.68,18.91,11.36,8.81,6.97,11.0,4.36,0.41,-6.02,-2.49,-0.36,5.31
18.68,28.53,17.82,12.18,12.83,13.96,18.16,8.58,-0.62,-10.42,-7.67,-3.89,4.53
18.16,23.59,11.08,7.04,4.4,2.46,-0.48,-5.66,-8.66,-7.18,-3.58,0.21,1.42
17.53,33.62,22.15,8.04,2.81,1.89,14.96,8.32,4.59,-7.7,-3.47,-4.31,2.51
18.27,32.64,19.21,5.75,6.34,9.47,22.4,16.36,14.29,1.46,1.84,-5.63,-2.53
18.0,32.37,19.9,9.46,11.29,13.47,22.58,12.95,7.41,-7.49,-6.51,-11.12,-4.32
17.87,30.77,20.85,11.4,7.91,4.98,12.15,7.4,6.2,-4.19,-5.59,-9.59,-3.71
17.89,45.9,29.67,-2.79,-0.46,-5.0,21.2,-3.08,-3.02,-23.2,-3.39,-13.11,2.95
17.84,27.67,15.37,6.72,3.01,1.39,5.2,-0.05,-3.75,-8.4,-2.61,1.74,6.18
17.76,32.66,17.61,1.96,1.7,1.45,11.8,3.02,3.09,-5.67,1.19,-2.54,5.11
17.42,40.98,22.88,-1.48,3.54,4.11,21.94,2.07,4.4,-8.23,6.39,-4.84,1.96
18.19,31.82,17.77,2.43,4.29,9.4,24.52,12.38,5.32,-8.61,2.41,2.83,11.34
18.31,36.41,22.88,5.03,10.22,11.31,21.92,1.15,-2.75,-9.92,11.42,8.88,12.91
18.5,27.31,16.75,10.46,6.49,5.24,9.8,6.92,4.43,0.65,3.28,5.58,6.78
18.08,25.43,14.71,9.21,7.27,6.01,8.41,2.11,-2.88,-8.56,-6.57,-5.1,-1.74
18.03,26.66,14.52,6.73,5.67,6.31,10.84,0.69,-8.12,-16.83,-12.52,-9.54,-5.82
17.21,25.71,12.69,5.64,4.86,4.98,7.28,-0.11,-2.13,-4.75,-0.54,-1.49,-0.43
17.93,25.22,14.25,10.34,11.85,13.34,15.31,5.15,-3.22,-9.21,-4.62,0.63,6.09
18.31,25.23,14.05,10.53,10.98,11.94,14.09,7.69,2.81,-3.29,-4.49,-5.33,-1.68
18.16,56.77,40.24,-7.31,6.83,2.69,50.47,-7.17,-4.8,-11.66,9.07,-17.51,-4.33
17.59,38.68,23.54,1.11,7.24,12.32,33.5,10.61,4.17,-17.25,-3.33,-10.07,-0.75
18.29,50.34,28.25,-5.56,14.03,4.57,36.73,5.51,10.5,-19.3,-3.63,-22.07,2.84
18.02,25.5,12.93,8.82,7.29,7.63,7.52,2.47,-2.32,-5.82,-6.35,-5.44,-2.6
18.42,30.84,20.54,10.93,4.47,0.67,7.01,5.45,4.18,-5.18,-7.05,-9.04,-1.66
17.56,27.46,17.25,9.12,4.72,1.7,6.41,1.29,-3.03,-13.33,-12.54,-10.43,-1.8
18.4,50.23,36.39,-2.31,0.55,-1.14,38.01,9.27,7.99,-23.18,2.91,-4.78,17.56
18.6,38.22,25.37,8.5,11.53,15.5,32.98,16.26,9.47,-11.2,-4.73,-9.83,2.17
18.14,37.08,25.14,8.05,6.23,8.01,27.09,16.55,11.89,-6.19,0.38,-1.68,9.15
17.49,29.5,16.49,7.38,8.56,9.79,15.42,4.47,-1.81,-10.76,-3.99,-1.49,6.22
17.17,23.99,11.87,7.83,11.2,11.02,9.26,-5.3,-12.42,-15.31,-5.58,0.79,6.86
17.82,40.71,21.93,-7.57,2.53,8.67,30.11,-0.61,-1.87,-17.2,10.44,-1.1,7.49
18.04,43.28,24.13,-5.39,5.16,7.18,34.82,12.72,14.56,-7.49,9.0,-2.65,14.08
17.38,31.33,20.1,10.71,6.65,3.92,8.17,2.93,0.99,-5.27,-3.27,-5.6,-2.43
16.7,26.73,13.12,3.62,2.82,3.33,9.06,1.07,-3.51,-11.08,-7.76,-5.83,0.77
18.16,25.89,14.29,8.69,5.75,5.94,9.85,7.71,3.94,-2.18,-4.89,-5.53,-2.76
18.25,25.57,15.1,9.84,5.09,3.48,7.28,6.28,3.39,-3.07,-6.17,-4.99,1.11
18.07,45.38,29.87,-3.05,-0.15,2.74,31.73,5.04,0.45,-23.48,0.99,-7.55,9.05
18.09,48.26,26.74,-13.05,6.33,9.99,49.78,14.0,15.91,-15.98,4.74,-9.76,15.12
17.34,28.3,15.59,6.47,4.23,4.28,10.92,6.41,4.28,-4.05,-4.04,-6.93,-1.71
16.19,21.42,8.73,4.1,3.57,3.27,4.21,-2.63,-7.93,-13.17,-11.31,-7.52,-1.93
18.18,49.06,23.84,-12.64,14.23,7.62,48.69,9.69,15.28,-15.58,6.44,-4.44,20.32
17.17,20.55,7.86,3.26,1.75,1.62,4.1,2.13,1.33,-0.86,-1.9,-2.29,0.46
17.35,32.41,18.62,6.78,7.64,8.44,16.01,4.46,-2.14,-15.17,-10.38,-12.0,-3.91
17.47,57.64,28.55,-24.08,5.59,-10.18,36.59,-11.2,-0.75,-26.3,3.9,-16.02,10.84
17.39,32.49,17.44,-0.53,-2.32,-1.2,11.97,0.77,-4.44,-18.41,-9.97,-8.8,3.57
17.3,55.52,34.92,-24.55,-7.28,8.11,45.51,-12.5,-2.37,-21.82,11.34,-18.94,16.39
17.03,57.43,31.68,-23.43,4.05,-2.43,41.71,-10.12,-3.45,-31.15,6.47,-13.89,29.94
17.9,29.93,18.61,6.3,2.93,5.6,22.28,19.51,12.93,-6.11,-5.29,-1.99,11.09
18.39,32.82,17.09,3.59,11.86,19.99,34.57,16.18,7.33,-11.59,-3.81,-5.82,9.57
18.57,48.03,30.48,-6.17,4.57,13.71,46.76,4.54,0.43,-23.26,4.48,-8.63,7.47
18.12,25.2,15.2,9.62,10.3,10.81,16.21,7.95,1.95,-6.15,-0.44,4.21,10.7
17.02,26.38,13.05,3.41,2.02,3.79,10.63,2.84,-3.74,-12.48,-9.05,-7.22,-1.31
17.6,29.2,17.34,3.52,2.04,5.13,21.18,15.13,7.84,-8.65,-3.19,1.07,12.71
17.18,56.56,27.06,-29.96,2.57,6.6,49.51,-11.93,-4.13,-31.46,12.7,-26.42,6.9
17.97,36.94,18.5,-5.1,8.51,18.23,46.05,23.48,17.22,-13.08,-3.06,-16.8,-1.58
17.42,26.12,12.54,-0.21,-5.92,-8.31,1.36,0.77,1.3,-10.54,-14.65,-20.04,-11.35
17.78,30.25,16.42,1.54,0.41,3.12,18.3,12.3,7.65,-9.22,-7.24,-8.48,2.76
18.38,42.71,29.92,-0.33,-0.09,-3.35,28.52,14.3,17.06,-15.47,-1.97,-11.07,18.36
17.77,23.26,9.5,1.23,-0.77,-0.07,5.72,2.33,-1.6,-10.35,-12.17,-12.23,-4.74
18.32,33.53,21.47,3.23,2.1,4.52,26.94,17.53,8.56,-20.46,-17.34,-15.33,7.26
18.08,30.54,18.15,6.81,5.32,4.62,11.79,4.69,3.63,-4.02,-0.73,-4.78,0.06
18.15,25.93,12.56,4.23,6.87,9.79,17.35,7.1,-0.31,-9.84,-2.3,3.68,12.52
18.84,39.6,21.99,-3.87,5.54,11.61,34.09,8.51,4.56,-16.9,1.28,-7.46,9.37
18.52,26.88,16.8,11.36,6.61,4.84,9.47,10.33,8.87,1.99,-1.35,-1.34,4.16
17.06,25.77,13.45,7.49,8.1,9.3,12.66,4.67,-1.68,-9.55,-6.39,-3.54,3.67
16.5,40.6,24.24,-7.09,-3.93,-2.39,25.0,3.02,-2.29,-36.24,-14.72,-18.35,10.24
16.48,32.45,14.18,-2.25,4.64,9.2,23.31,7.16,2.25,-14.52,-5.1,-7.76,8.96
17.24,33.38,18.32,-3.3,-4.66,-2.73,18.21,7.13,2.14,-19.72,-11.16,-12.07,4.65
16.96,23.03,12.62,7.26,6.43,6.06,11.12,4.11,-3.23,-13.66,-10.13,-4.3,4.55
18.41,36.64,21.62,-2.4,-0.79,5.93,29.36,13.34,8.06,-7.57,9.78,5.84,13.95
17.23,32.55,19.75,4.09,2.15,3.08,17.15,6.21,1.0,-15.32,-10.14,-10.87,-0.44
17.52,24.57,11.09,3.05,2.61,4.95,13.17,10.83,9.33,1.79,0.63,-1.43,3.5
18.06,39.61,22.12,-7.71,1.1,8.18,42.26,22.45,19.2,-11.25,2.4,-12.89,3.44
17.9,42.81,23.65,-11.95,-0.39,5.11,42.34,16.8,14.56,-22.07,-0.14,-11.03,16.02
17.98,23.4,9.89,4.74,5.85,9.03,13.18,8.62,4.02,-1.26,-1.46,-0.91,2.59
18.12,24.19,11.7,6.64,11.97,16.52,21.48,8.84,-1.89,-12.34,-6.55,1.34,14.92
17.98,21.29,7.89,3.31,3.15,5.78,9.8,7.48,4.29,1.11,2.67,7.05,12.85
18.27,29.01,18.03,8.28,1.8,-1.94,5.35,5.9,6.98,-1.11,-2.77,-3.78,5.95
17.7,24.47,11.74,4.32,-0.34,-1.48,1.8,-0.32,-2.84,-5.9,-3.47,1.54,7.93
17.12,30.59,16.9,1.18,-3.39,-2.5,10.93,5.88,2.62,-8.93,-3.93,-3.28,5.56
18.0,29.93,16.77,6.75,5.65,3.99,8.77,2.69,4.97,4.68,10.39,5.83,5.9
18.16,30.74,17.42,5.58,8.61,9.59,17.55,2.49,-4.4,-16.38,-5.83,-0.97,12.66
16.93,25.92,13.58,8.44,9.04,10.08,10.54,-0.03,-8.42,-14.07,-8.64,-2.5,3.94
17.99,51.03,29.59,-11.64,4.54,4.52,39.82,4.54,9.7,-19.25,8.64,-5.57,15.52
17.76,23.0,10.61,5.54,5.38,4.94,8.32,6.27,8.91,8.88,10.69,5.89,3.66
17.38,55.11,30.55,-20.21,0.07,-1.99,43.63,-4.7,1.93,-19.22,17.62,1.53,17.12
18.14,33.55,20.07,1.54,0.9,3.16,18.99,8.09,5.7,-4.31,6.4,1.5,3.21
17.64,25.12,13.37,5.69,1.3,1.38,8.06,6.24,1.28,-7.76,-8.26,-4.35,3.25
18.15,28.11,13.37,4.95,3.98,5.92,8.87,3.48,1.76,0.24,4.3,4.97,8.55
17.1,23.06,9.32,2.88,5.6,8.66,13.5,5.2,0.07,-4.33,1.69,4.95,9.84
17.75,31.79,18.73,7.14,7.24,7.98,17.35,10.08,6.55,-4.15,0.53,2.09,12.06
18.18,48.87,28.25,-11.06,3.09,8.33,42.64,5.27,8.72,-15.36,15.27,-0.07,21.94
18.24,33.27,22.59,5.33,4.02,5.77,27.22,20.18,13.8,-10.22,-7.47,-7.49,6.67
17.19,45.37,24.96,-7.91,6.16,2.86,33.51,-0.68,-2.02,-33.55,-12.08,-17.86,9.7
17.33,23.73,10.92,6.76,5.58,6.03,6.27,1.74,-1.17,-2.42,-1.88,-1.69,-1.54
18.02,24.98,13.76,10.09,11.22,10.94,11.33,1.81,-5.12,-12.07,-11.39,-9.06,-1.19
18.11,44.87,25.79,-3.0,8.18,11.47,31.89,-0.75,-2.91,-20.9,4.8,-9.74,5.25
18.11,54.37,31.64,-12.62,7.33,8.36,41.99,-5.89,-1.03,-28.29,9.49,-20.34,1.35
17.07,24.77,11.92,2.03,-0.0,0.97,10.85,8.92,7.52,0.11,4.18,7.0,13.6
16.89,29.19,16.11,7.05,7.42,6.9,13.13,6.96,5.17,-3.27,-2.97,-5.56,1.31
17.25,28.36,14.64,4.05,3.03,4.2,12.06,5.11,1.56,-8.44,-5.64,-4.8,4.49
17.41,27.8,14.75,5.36,4.04,3.78,10.05,4.41,1.42,-5.72,-3.26,-3.07,3.13
16.84,52.01,25.58,-18.28,2.77,-0.26,36.17,-6.06,4.87,-25.91,5.9,-11.43,11.87
16.56,27.26,12.22,0.7,2.24,5.76,16.9,10.4,6.5,-5.35,-4.61,-9.0,-3.86
17.16,24.99,11.79,4.66,3.58,2.5,2.67,-6.43,-10.13,-11.81,-4.52,-1.21,3.2
17.38,23.94,12.2,6.37,3.34,3.11,6.75,3.23,-1.46,-7.01,-5.95,-2.02,3.27
18.11,44.35,24.07,-4.92,6.93,11.49,33.0,4.01,6.82,-12.82,11.55,-2.95,11.6
18.55,51.36,29.7,-13.11,5.08,11.98,48.95,4.38,7.72,-20.15,13.4,-7.11,16.52
18.7,44.77,22.55,-2.0,9.79,-7.51,38.64,7.13,10.81,-2.85,11.12,11.4,4.85
18.28,22.08,9.83,7.39,9.05,7.11,9.41,4.51,3.55,2.66,1.98,-0.52,-0.26
17.94,34.78,19.42,3.2,6.14,9.91,21.24,9.44,8.81,1.29,11.04,5.67,10.9
17.7,46.18,29.64,-4.17,2.38,9.15,35.92,2.19,-2.15,-22.91,4.3,-8.33,4.26
17.7,37.61,21.19,0.08,1.82,3.02,19.93,6.59,6.3,-11.54,-1.92,-8.73,2.74
17.6,27.59,13.61,0.36,-2.06,-0.57,11.12,4.05,-2.23,-15.58,-10.88,-6.86,4.6
18.44,39.02,22.76,1.19,4.15,5.02,23.4,7.71,9.36,-10.61,4.24,-0.78,14.94
18.99,24.22,12.54,8.89,10.17,10.44,11.33,4.31,1.8,0.43,3.56,3.93,5.4
18.35,25.37,14.36,9.88,8.55,9.18,11.83,5.59,-2.1,-8.33,-4.91,2.03,7.51
17.39,29.13,16.39,6.07,10.31,14.9,25.62,11.61,1.56,-14.24,-8.34,-6.97,0.73
18.22,40.12,27.72,4.88,7.12,9.67,31.72,10.0,4.44,-15.47,2.32,-0.84,9.5
17.52,20.81,7.68,1.78,-1.24,-2.66,-1.05,-4.61,-7.13,-9.94,-8.62,-5.65,-0.7
18.18,28.34,17.49,10.59,7.35,6.33,11.58,9.15,9.33,5.72,7.01,5.64,8.51
17.48,26.85,15.16,8.6,7.53,6.81,9.1,1.4,-0.45,-1.57,7.03,11.08,13.95
17.13,44.64,31.47,-7.52,-3.79,0.56,31.45,8.47,6.58,-9.71,22.61,10.74,15.6
17.62,27.03,15.28,8.96,8.13,7.79,10.1,2.89,-2.02,-8.08,-6.88,-6.68,-2.7
17.5,30.31,17.9,7.83,6.46,6.13,12.72,5.2,2.61,-3.73,1.07,1.64,9.15
17.62,53.15,32.14,-8.84,9.8,-1.57,32.45,2.45,5.7,-9.65,6.67,-13.28,8.3
16.91,32.3,19.27,7.16,6.71,3.94,10.78,-1.79,-8.46,-20.64,-15.07,-13.33,-2.57
17.19,38.75,21.09,-1.82,4.0,4.76,22.84,5.01,6.67,-8.48,4.26,-5.72,3.81
17.12,30.67,13.59,-3.91,1.65,7.16,21.42,4.96,-0.5,-13.37,2.26,4.4,15.73
17.72,26.91,13.12,4.4,6.62,9.46,16.01,6.64,1.84,-4.33,1.75,2.95,9.85
18.18,32.86,21.13,6.03,5.69,8.56,24.78,14.26,5.6,-12.11,-3.15,1.16,13.33
17.38,24.41,12.95,9.07,9.09,8.86,9.83,3.84,2.16,2.37,6.29,6.97,7.16
17.13,52.04,36.25,-11.6,2.91,13.62,47.5,-8.95,-7.07,-22.94,12.4,-1.12,16.79
18.02,49.48,29.36,-4.65,16.03,14.33,46.0,7.68,5.37,-26.91,0.56,-11.8,18.17
17.75,39.04,21.25,-0.15,10.28,18.17,41.55,15.53,9.9,-17.54,-0.85,-8.76,9.79
16.75,35.5,17.42,-5.56,2.21,4.91,25.93,7.32,2.33,-20.04,-11.16,-20.17,-5.9
17.17,39.22,23.39,-9.26,-6.79,-2.13,29.77,10.25,5.68,-23.58,-7.67,-17.22,1.06
17.29,32.99,18.36,-1.01,-2.38,0.31,20.52,12.95,10.3,-8.87,-4.45,-10.18,2.49
18.04,32.94,18.01,2.24,7.23,10.91,27.7,16.41,12.29,-8.33,-6.62,-15.35,-3.06
17.71,43.0,27.86,-7.73,-7.81,-5.0,35.17,21.63,24.32,-9.88,8.28,-6.34,12.08
16.99,34.83,15.83,-20.2,-17.65,-18.4,15.22,-2.9,-1.32,-31.96,-16.93,-27.98,-4.87
17.47,20.81,4.14,-6.11,-2.85,1.73,13.0,7.74,5.09,-5.51,-3.69,-3.11,8.08
18.13,26.58,13.06,3.3,5.99,10.38,22.71,15.03,8.93,-7.45,-7.67,-9.87,1.01
17.94,51.07,30.86,-12.39,-1.67,0.85,40.7,4.92,9.27,-21.55,5.71,-13.88,11.53
16.32,33.5,17.89,-2.55,-6.07,-6.87,8.98,0.39,-1.46,-17.59,-10.69,-11.48,3.69
17.02,53.15,30.1,-14.07,-0.26,-5.02,29.02,-9.92,1.33,-24.1,4.9,-12.31,15.91
17.75,51.79,32.38,-11.5,-2.9,-0.91,34.54,-3.98,2.81,-18.11,8.71,-15.75,1.06
18.23,33.84,19.57,2.56,1.38,2.55,17.16,7.7,5.38,-7.38,1.09,0.68,8.98
17.8,28.82,14.39,5.59,5.32,7.19,13.13,7.09,3.63,-3.78,-3.68,-4.85,1.93
16.76,31.83,15.34,-2.7,1.5,4.76,21.7,9.31,5.49,-15.66,-13.45,-20.43,-5.6
16.48,29.49,11.81,-8.06,-5.87,-0.46,20.84,10.62,8.39,-11.94,-5.01,-9.05,5.83
17.34,22.72,9.67,4.67,7.51,9.84,13.57,5.92,1.44,-3.49,-0.12,0.7,2.14
18.69,32.89,19.0,2.16,4.87,9.19,29.68,20.17,14.22,-9.12,-5.03,-7.74,7.82
18.7,36.43,19.34,-1.8,7.81,13.64,33.13,12.52,7.56,-10.4,5.0,-0.2,13.28
18.09,33.57,19.85,5.39,4.15,7.46,21.4,15.15,11.82,-1.68,1.37,0.48,9.88
17.61,46.11,27.35,-8.79,-0.28,2.06,34.29,12.04,16.37,-11.26,6.2,-14.32,2.86
18.59,50.82,24.38,-18.45,0.01,-8.42,40.57,6.43,17.1,-16.94,9.99,-6.11,23.31
18.29,33.65,21.15,-0.43,0.14,1.92,28.56,18.39,12.58,-18.95,-11.89,-11.9,14.77
17.75,53.26,28.14,-24.36,1.61,-5.98,47.64,7.96,15.32,-25.9,1.13,-20.55,14.75
17.8,22.14,8.13,1.59,2.49,2.42,3.19,-7.3,-12.48,-15.59,-9.14,-5.65,-0.89
17.98,34.84,23.59,5.11,2.27,3.62,21.69,10.64,2.56,-18.35,-7.85,-3.84,9.49
18.6,49.12,20.42,-15.49,17.08,9.49,52.8,5.45,11.51,-19.26,4.12,-7.1,11.87
18.57,27.73,15.51,7.27,8.14,11.58,18.91,9.89,1.6,-7.31,-0.96,3.96,9.69
18.41,26.7,15.62,10.27,9.74,10.11,13.92,7.55,1.77,-6.66,-7.01,-5.25,1.64
18.08,43.61,27.95,-3.43,2.09,4.1,35.06,13.52,9.38,-21.64,-0.02,-5.5,19.86
17.6,25.56,13.97,6.91,2.26,0.05,3.54,1.3,-1.18,-6.43,-7.21,-6.89,-2.22
18.1,40.84,22.51,-6.21,1.38,5.7,30.39,6.63,7.44,-15.24,3.86,-3.04,19.16
17.72,25.93,12.9,5.07,4.4,3.49,5.99,-2.52,-5.55,-8.12,-0.51,3.02,7.49
18.26,29.91,16.04,3.84,2.56,5.1,15.66,9.59,5.68,-2.01,6.8,10.77,16.87
17.8,29.99,14.43,-2.02,4.66,10.63,29.33,13.55,7.71,-9.41,4.02,6.54,20.25
18.59,25.49,12.66,3.07,2.78,5.93,16.85,12.44,7.05,-4.2,-1.09,2.04,11.22
18.74,26.94,13.32,4.57,8.22,11.84,20.05,9.72,3.44,-5.28,0.98,5.09,15.54
17.74,48.73,23.97,-18.52,8.49,4.03,44.93,5.21,11.07,-28.54,4.18,-10.08,21.06
16.44,47.86,25.77,-18.16,-5.1,-0.07,34.03,-5.85,-4.82,-31.53,6.93,-5.97,20.86
18.03,27.76,14.14,4.08,3.6,5.29,12.26,3.81,-1.54,-8.88,-0.63,4.86,12.79
18.1,37.23,20.67,-1.92,7.06,8.44,25.3,-2.05,-6.84,-23.2,4.05,6.32,21.67
18.75,29.58,15.48,4.49,3.64,6.01,16.89,14.1,14.42,7.3,11.01,8.59,12.36
17.57,25.22,14.51,8.91,4.89,4.94,9.95,8.55,4.12,-2.81,-3.24,0.19,6.17
17.34,35.72,14.96,-9.47,-0.66,0.71,22.66,4.86,8.23,-9.11,7.47,1.01,14.15
17.86,28.6,15.57,5.29,5.11,6.53,15.29,7.95,2.72,-8.64,-5.44,-2.63,8.96
18.09,31.52,16.25,0.71,-1.86,0.25,14.53,12.32,10.86,-1.46,1.19,1.72,13.06
17.7,25.15,11.46,2.59,2.21,4.3,13.28,9.63,6.28,-2.94,-1.13,1.88,11.76
17.35,26.43,13.34,6.7,10.63,11.32,12.61,-1.63,-7.33,-12.64,-2.37,1.92,9.79
16.99,36.09,20.7,-4.13,-2.57,-0.05,26.13,12.15,6.41,-20.2,-6.78,-5.61,15.52
18.16,24.69,9.9,0.6,1.0,5.53,16.28,13.65,11.51,4.0,7.36,8.63,14.53
18.54,23.87,10.64,3.7,2.63,2.77,6.29,1.64,1.01,0.52,6.22,8.94,13.17
18.46,24.87,15.04,10.35,9.64,7.46,9.73,3.61,2.54,-0.13,4.63,5.6,8.71
18.3,43.21,24.69,-7.02,1.19,2.96,30.47,8.25,10.57,-15.89,5.8,-5.09,15.28
18.67,47.28,21.93,-11.5,7.4,9.8,38.8,6.47,15.25,-11.49,21.62,2.83,21.35
18.93,55.83,32.34,-10.86,6.81,1.14,37.46,-9.02,4.15,-17.03,14.48,0.68,26.46
17.71,24.12,12.86,8.64,8.18,6.95,7.16,0.58,-3.28,-6.31,-2.63,0.4,4.69
16.21,54.61,23.96,-24.73,2.95,-7.05,34.25,-10.14,8.07,-14.75,21.37,9.05,24.65
15.78,26.83,9.2,-7.38,-5.35,-1.54,12.34,0.59,-4.62,-15.95,-2.22,2.26,13.35
16.99,42.91,24.65,-13.0,-10.85,-9.55,25.91,2.19,5.4,-21.84,-2.14,-12.51,8.42
18.29,29.31,15.89,4.79,2.53,4.4,13.86,9.98,5.71,-4.5,-4.61,-4.98,2.39
18.63,28.27,14.66,4.51,5.66,9.32,19.9,13.99,10.62,1.9,5.67,5.8,11.66
17.94,47.26,25.78,-5.52,6.93,10.9,40.94,8.5,10.78,-22.52,2.04,-12.17,14.15
17.73,41.39,21.76,-5.61,5.2,8.0,32.44,11.63,14.62,-8.27,6.76,-6.52,4.89
18.36,45.78,29.73,-6.09,-0.51,5.41,40.22,11.76,9.64,-17.32,6.24,-6.09,11.77
17.42,25.2,11.82,3.01,1.81,3.14,9.3,1.22,-5.6,-14.06,-9.83,-5.76,2.02
17.99,32.98,14.45,-0.1,5.25,8.64,16.35,0.91,0.6,-4.52,8.36,3.7,7.83
17.96,31.24,17.94,4.11,2.75,3.66,14.0,3.82,-2.57,-16.5,-11.16,-8.17,5.35
18.46,32.83,15.4,-0.28,4.2,9.34,22.98,10.69,8.45,-2.7,8.8,5.9,13.9
18.72,37.44,21.14,-1.92,5.6,11.62,33.54,8.19,0.56,-17.66,3.48,1.41,18.08
18.48,48.91,29.42,-11.07,1.11,8.54,40.16,-0.93,0.65,-22.62,11.34,-2.92,16.99
18.02,55.82,24.37,-19.03,13.62,0.29,38.32,-8.93,4.18,-28.1,7.62,-10.24,14.07
17.8,24.42,10.04,2.09,0.67,2.98,9.33,6.1,1.74,-5.03,-4.48,-1.81,5.3
18.59,35.23,22.6,4.05,0.84,3.57,22.53,13.18,8.53,-7.59,2.35,2.18,13.52
18.49,23.33,11.81,8.31,8.14,7.03,6.62,0.32,-2.09,-2.9,1.38,3.97,7.38
19.09,58.28,26.45,-17.03,16.57,-17.47,61.37,6.6,5.64,-15.71,10.75,-6.64,12.49
18.89,30.25,16.29,5.25,5.45,8.31,18.71,14.77,12.09,1.78,0.37,-4.07,0.83
17.49,27.2,12.64,0.3,0.3,3.81,14.73,7.84,3.48,-6.14,-0.14,1.56,9.13
18.29,31.0,16.55,0.09,1.42,6.37,24.92,17.04,12.76,-3.95,2.2,0.65,11.4
18.66,31.13,15.75,0.59,7.21,11.37,26.31,11.5,7.15,-9.23,-0.59,-3.16,9.17
18.11,25.4,13.0,5.56,3.67,4.54,9.33,3.28,-3.6,-11.64,-8.09,-2.11,5.05
17.48,42.88,24.46,-5.57,0.95,1.92,23.77,-1.03,-0.78,-18.98,2.18,-6.94,8.08
17.34,42.76,25.1,-8.52,-2.04,3.02,28.43,-1.79,-3.53,-19.56,12.07,3.59,16.96
18.44,33.36,16.74,-2.74,7.27,15.1,37.33,18.49,11.56,-11.55,0.1,-4.97,9.34
18.17,34.0,19.63,-1.57,2.37,7.75,34.22,21.65,15.53,-10.34,0.76,0.53,18.22
18.22,28.79,13.67,0.96,3.66,8.2,20.12,11.12,6.71,-5.28,-1.62,-5.44,0.73
17.69,48.11,19.76,-20.4,6.07,0.76,40.84,7.59,14.51,-15.17,12.52,-6.95,13.35
18.01,47.4,28.5,-16.46,-4.59,9.99,49.57,7.3,5.03,-24.48,5.24,-20.62,1.39
18.77,27.4,12.75,3.64,9.71,18.91,33.2,25.82,16.43,-1.16,-1.88,-3.46,6.73
18.27,30.55,17.08,5.68,6.84,8.14,16.29,7.85,7.5,2.53,10.13,5.99,5.15
17.77,31.19,16.65,3.25,1.95,1.95,10.03,3.3,4.48,-0.29,6.62,1.83,1.76
17.22,57.22,38.85,-24.34,-20.08,-10.39,40.94,-15.18,-10.37,-23.23,24.62,-15.4,6.71
18.01,36.61,21.03,-0.46,-1.86,-1.69,15.38,4.74,7.41,-4.43,6.27,-2.94,2.26
18.07,31.9,16.67,-1.91,-5.14,-4.09,10.47,4.84,6.74,-2.26,5.68,-0.98,2.33
18.28,49.44,30.23,-17.88,-4.13,6.73,46.84,6.27,17.1,-1.58,26.89,-5.43,4.81
16.89,32.08,15.82,-0.55,2.86,4.25,14.06,-1.96,-6.31,-16.06,-3.13,-4.21,3.65
17.23,33.26,17.85,-2.85,-5.02,-6.57,9.97,1.58,0.13,-15.74,-4.77,-3.61,11.63
18.32,43.59,22.72,-12.04,-0.35,5.86,35.22,6.5,8.01,-13.21,13.84,0.18,13.99
17.7,39.08,18.37,-8.96,-0.39,2.66,24.03,0.07,0.88,-16.7,7.18,-1.58,11.17
17.97,30.36,14.57,0.93,8.76,14.37,26.88,8.83,-0.18,-16.29,-6.25,-5.24,8.39
17.49,31.64,16.63,-0.86,-1.45,-0.62,10.74,-3.68,-12.64,-26.89,-15.71,-13.06,-1.3
17.75,36.18,18.6,-4.6,1.44,5.42,24.2,3.3,-0.57,-18.75,-3.97,-9.57,1.22
17.42,26.62,15.09,8.13,8.59,7.45,11.16,3.24,2.06,-5.28,-5.33,-11.78,-8.44
18.09,51.18,25.69,-14.47,9.81,9.92,42.34,-1.99,6.84,-12.29,20.94,-4.02,14.36
18.38,40.0,22.95,-0.19,8.69,13.09,29.18,4.36,3.78,-8.66,10.48,0.67,7.66
17.48,34.55,19.88,2.49,5.02,8.49,21.25,2.93,-1.92,-11.57,5.43,4.85,10.73
17.23,52.6,24.33,-14.36,7.57,5.72,31.34,-9.42,4.8,-14.32,23.92,0.57,15.15
17.1,33.75,17.15,0.89,5.88,7.2,18.86,3.63,1.9,-10.95,-2.76,-9.44,0.95
18.02,50.65,27.9,-21.02,-1.9,4.34,35.03,-19.2,-17.71,-30.52,17.42,-11.91,1.57
16.54,39.32,12.92,-17.48,0.99,-4.1,19.86,-5.26,2.58,-18.62,5.06,-4.89,14.56
17.33,34.19,14.65,-9.19,-4.76,-0.9,18.85,1.73,0.06,-18.38,-2.6,-5.67,11.48
17.96,30.0,15.13,0.66,1.03,5.44,20.28,14.8,12.96,0.85,5.53,1.07,4.03
17.75,31.25,17.39,1.49,-0.85,-0.85,12.95,7.72,6.65,-9.16,-9.22,-14.76,-2.47
17.98,57.64,29.92,-22.31,4.68,4.29,50.0,-5.41,7.25,-18.66,18.08,-13.67,13.42
18.57,38.02,20.47,1.72,10.23,14.17,28.01,9.67,5.76,-11.07,0.33,-7.48,3.02
17.9,32.01,17.59,2.87,6.91,13.85,32.76,22.67,17.72,4.6,11.96,6.97,11.1
17.98,47.84,24.91,-6.42,9.68,13.33,38.72,2.43,5.29,-17.28,6.83,-11.25,7.56
17.68,38.99,23.42,0.18,3.38,6.66,26.1,10.31,8.99,-9.12,4.52,-4.15,4.98
16.11,39.45,16.39,-11.8,0.51,-0.06,27.21,4.96,8.96,-16.58,-2.88,-15.08,3.85
16.72,46.87,15.96,-18.8,7.28,-8.55,26.9,-4.85,7.75,-21.85,2.93,-11.33,6.69
17.17,32.24,19.4,-0.32,-4.87,-4.73,12.9,4.72,-0.81,-17.48,-9.21,-7.5,4.74
17.75,49.02,25.27,-15.78,2.94,7.65,40.26,0.17,5.66,-21.65,7.06,-15.09,2.74
18.02,33.74,22.38,4.5,1.19,0.7,15.79,4.3,-4.69,-23.19,-13.01,-9.83,2.43
17.67,38.79,23.63,-2.68,-0.03,6.11,30.08,8.98,3.24,-14.56,5.59,-0.18,5.38
18.02,34.58,22.78,6.27,6.42,8.01,23.01,8.97,0.84,-17.63,-9.81,-12.43,-6.05
18.44,42.72,25.26,1.38,11.14,11.99,32.4,8.38,9.12,-9.77,8.4,-0.6,7.05
17.94,51.46,31.94,-12.45,4.31,13.12,51.14,7.12,11.45,-3.53,20.52,-9.65,11.69
17.41,28.88,13.89,0.86,3.18,7.87,18.69,7.47,2.22,-6.57,1.07,-0.68,2.78
17.66,43.13,17.85,-6.51,15.93,12.28,32.06,0.55,4.24,-17.8,4.76,-6.48,10.48
16.33,49.71,28.05,-13.03,2.5,5.64,31.53,-9.14,-1.58,-21.25,6.39,-12.69,10.49
17.37,35.03,19.45,-2.48,-2.6,-3.21,9.88,-8.77,-12.13,-21.07,-2.28,-3.46,4.19
18.18,36.24,18.15,-0.82,12.68,17.06,31.78,5.76,2.65,-11.17,6.18,-4.73,1.13
18.06,55.12,31.87,-11.73,6.42,-3.5,42.26,2.11,13.02,-15.06,4.32,-12.01,6.91
18.55,28.81,18.11,11.59,11.1,11.96,17.23,10.83,4.92,-5.35,-4.55,-1.99,7.17
17.62,50.79,29.37,-17.3,-4.56,-2.44,40.18,10.22,19.05,-10.85,16.05,-8.72,13.85
18.24,41.42,22.68,-3.66,6.04,7.95,29.17,3.46,2.48,-16.42,2.55,-6.75,7.96
17.41,48.15,24.23,-20.73,-1.24,6.59,46.08,5.94,11.96,-15.38,19.17,-7.34,9.19
16.97,44.74,21.35,-15.84,2.02,8.13,30.27,-8.02,-1.22,-19.43,14.18,-2.58,13.94
17.82,35.94,20.95,-7.37,0.64,6.7,27.21,-4.2,-11.89,-26.26,0.02,-6.88,-0.13
18.2,41.97,24.32,-7.27,0.55,7.15,32.07,1.46,1.2,-15.14,16.49,11.54,23.91
17.91,38.49,24.39,-1.92,-0.04,1.3,22.69,3.24,0.12,-17.04,-3.77,-8.76,3.0
18.66,37.29,22.44,1.33,2.41,4.17,22.56,7.64,4.48,-10.08,6.43,5.69,16.16
18.21,37.83,19.32,-0.83,5.4,9.53,27.3,10.88,11.42,-5.91,3.73,-4.77,8.07
18.57,35.16,19.43,0.43,5.81,11.31,29.96,15.34,12.39,-1.87,8.33,1.55,9.23
18.15,49.42,27.1,-13.72,2.74,9.49,45.95,1.06,4.55,-18.62,15.56,-7.57,5.87
17.24,33.0,14.43,-6.35,0.16,3.06,20.57,7.75,12.16,-0.94,9.38,-0.39,10.45
18.22,41.43,26.49,-2.55,2.81,7.56,33.58,12.54,6.59,-16.04,3.85,-4.6,6.1
17.67,36.09,20.33,-0.32,3.47,8.66,27.01,11.02,5.81,-11.23,1.01,-6.55,1.52
18.11,42.51,23.62,-11.02,3.07,11.94,46.67,18.84,13.76,-18.75,4.04,-14.48,1.29
18.52,27.97,14.39,4.19,7.51,13.82,27.82,21.03,14.33,-0.76,-0.78,-3.3,3.59
17.44,40.08,19.2,-10.88,-0.39,4.37,28.4,5.94,8.72,-6.14,14.23,-2.11,3.6
16.48,43.37,21.11,-11.19,5.27,5.53,31.32,0.21,-1.27,-30.02,-2.9,-11.38,10.54
17.22,30.26,13.0,-8.73,-3.31,4.19,22.79,3.36,-4.01,-20.49,-7.45,-14.48,-8.41
17.59,33.96,17.46,-5.71,-5.5,-0.64,21.74,7.77,3.12,-14.39,-0.91,-5.72,3.08
18.71,28.54,13.12,3.5,10.21,19.14,31.08,19.54,13.25,1.86,8.78,8.35,14.5
18.57,46.2,24.29,-11.45,3.72,8.6,42.02,12.25,17.35,-8.81,15.97,-0.16,14.33
17.07,31.98,17.05,-0.29,-0.1,3.44,20.91,13.74,9.4,-6.16,-0.35,-1.27,8.97
17.06,38.59,24.73,1.88,2.41,6.86,29.7,12.79,7.06,-12.81,-1.13,-5.44,6.14
17.4,47.28,26.25,-13.41,1.68,5.83,38.61,-0.13,2.63,-14.53,20.58,4.38,17.13
18.4,33.91,18.16,0.86,5.95,10.76,25.87,10.69,8.24,-4.76,5.88,2.13,13.35
18.6,51.92,27.64,-12.36,9.26,4.53,39.99,2.62,11.61,-5.2,17.11,4.12,15.03
18.23,23.5,10.09,5.18,9.38,11.91,14.58,6.01,4.16,2.0,6.44,5.66,9.54
17.09,34.06,12.27,-3.84,12.09,18.72,30.63,6.87,13.17,5.64,22.29,3.49,4.46
18.04,28.99,14.97,4.58,9.46,13.24,19.05,2.24,-1.91,-3.72,11.2,9.68,10.24
18.37,53.78,28.23,-19.89,19.1,23.43,65.09,-13.79,-1.95,-4.0,27.13,-2.18,12.61
17.12,27.18,13.52,5.02,12.52,18.18,23.83,6.13,-1.24,-7.15,5.97,4.83,4.57
16.79,36.96,18.52,-4.19,4.75,10.5,28.08,7.36,7.46,-8.26,7.66,-2.48,5.11
17.49,47.51,20.16,-12.46,14.48,8.16,35.46,1.82,14.94,-5.26,18.18,-2.36,13.79
17.91,37.74,19.79,0.47,5.35,6.44,17.75,0.32,3.03,-3.06,13.18,4.91,9.12
18.16,32.67,18.57,6.28,8.9,9.79,17.97,7.18,6.94,-0.04,7.91,4.02,7.62
17.82,31.72,16.2,2.49,8.09,14.15,28.11,15.58,9.15,-4.11,4.49,1.21,7.44
17.51,36.75,21.3,1.95,6.04,9.4,24.81,6.75,1.31,-13.04,0.43,-2.4,9.49
18.19,36.06,17.12,1.44,15.55,17.06,28.36,3.99,4.54,-8.2,7.63,-4.71,0.11
17.94,34.13,17.02,-2.08,5.87,10.15,22.08,-2.29,-8.25,-20.95,-0.72,-2.19,6.92
17.97,27.46,13.79,6.19,9.85,13.76,19.35,6.49,-4.04,-14.96,-9.76,-6.41,1.77
16.73,26.44,12.67,1.85,5.1,9.46,21.3,9.47,-1.06,-18.65,-11.44,-2.96,14.1
17.77,37.13,21.38,-1.62,7.38,13.58,37.19,12.99,4.88,-22.17,-6.9,-9.47,10.47
17.59,54.67,25.42,-24.56,3.74,1.03,41.43,-7.2,5.21,-28.74,8.66,-17.29,10.69
17.82,31.59,14.34,-2.35,2.55,8.84,26.46,13.53,9.63,-5.45,4.89,3.32,13.47
17.78,42.16,23.11,-9.71,-2.12,2.92,32.45,8.34,8.08,-20.65,0.66,-11.0,4.03
16.91,31.27,13.16,-12.45,-6.99,0.32,25.49,6.71,3.15,-13.7,4.93,-2.24,3.32
17.78,42.38,18.37,-8.5,9.33,4.93,27.97,2.69,9.44,-13.47,3.07,-9.29,5.31
17.25,42.43,16.3,-20.31,5.38,7.13,44.04,8.31,16.38,-12.84,16.08,1.85,18.75
