2.74,-42.99,-22.33,-11.87,-17.46,-1.58,-11.94,1.41,-3.43,1.13,-9.99,-2.61,-6.12
7.19,8.38,4.22,-29.57,-30.74,11.18,33.82,1.84,-16.45,-7.6,13.58,13.58,2.93
7.63,9.07,0.52,-32.07,-34.89,2.6,22.64,-3.69,-13.88,-11.45,1.5,0.76,-2.85
6.44,2.91,-6.38,-17.19,-8.47,6.98,9.45,-2.85,-6.26,0.7,-6.04,0.47,-0.77
14.15,33.19,14.46,-10.72,-7.47,-2.04,17.05,-3.47,-5.73,-21.49,-0.83,-3.02,7.4
15.39,25.87,11.13,1.96,0.91,0.85,4.76,-2.25,-4.12,-7.01,-0.66,0.85,7.38
16.85,39.98,22.77,-3.53,2.69,0.61,13.53,-13.85,-12.68,-24.41,-0.92,-4.55,10.74
16.39,30.52,14.3,4.44,4.32,4.64,7.06,-2.92,-7.19,-13.64,-10.31,-9.48,-1.04
16.35,28.87,16.09,6.85,5.77,3.54,5.54,-3.35,-3.47,-4.5,3.96,4.48,5.52
17.02,34.31,19.19,1.27,0.8,0.41,9.16,-7.03,-11.81,-21.38,-5.71,-2.76,8.21
16.95,32.64,17.86,1.9,-0.04,-2.6,5.93,-5.78,-6.6,-13.5,-1.78,-1.66,6.13
17.4,37.65,23.62,-0.8,2.66,2.78,18.98,-10.57,-19.28,-37.4,-9.46,-4.69,14.24
17.35,37.42,24.29,5.12,2.63,0.67,15.58,4.19,1.89,-13.69,-2.23,-2.83,10.76
16.91,36.54,20.35,-4.47,-6.59,-6.68,12.04,-3.56,-6.07,-22.56,-4.57,-4.32,11.5
18.31,43.17,25.38,-3.7,1.57,0.48,19.85,-8.17,-6.2,-19.65,3.91,-0.59,15.96
18.14,32.83,20.77,5.0,4.35,4.45,16.8,2.37,-7.05,-23.1,-10.43,-4.17,9.96
18.19,34.66,20.78,5.24,5.52,5.55,15.39,2.45,0.37,-10.78,-1.94,-2.82,8.12
18.04,42.42,27.53,0.14,0.74,-4.72,12.6,-8.32,-6.6,-21.6,2.49,0.23,14.56
18.05,28.0,14.57,4.5,1.93,-2.32,-1.04,-9.44,-8.05,-7.59,1.5,0.82,2.06
17.88,30.98,16.45,3.7,9.07,8.5,12.77,-10.34,-19.89,-30.7,-13.59,-6.85,7.39
18.25,27.89,15.1,6.32,4.78,3.06,5.67,-2.63,-4.58,-8.7,-5.18,-7.66,-5.02
18.05,34.23,19.98,0.46,2.23,4.19,18.87,1.62,-4.44,-18.51,-2.26,0.55,11.78
18.59,41.51,22.42,-0.37,10.39,6.42,24.76,-3.24,-2.12,-11.3,10.13,2.11,9.95
18.65,31.88,18.84,7.84,6.38,4.96,10.69,1.29,-3.16,-12.63,-8.45,-8.58,0.12
17.6,22.64,8.02,-1.72,-3.74,-4.79,-2.28,-12.57,-18.58,-23.38,-13.66,-4.37,6.86
18.87,33.16,21.63,9.12,7.87,6.22,13.75,2.71,-0.85,-11.0,-4.86,-6.44,0.83
17.82,44.08,24.59,-7.45,3.17,5.27,27.28,-7.29,-7.74,-26.99,4.06,-3.49,14.78
17.48,27.36,10.91,-5.45,-12.13,-15.03,-7.89,-14.41,-16.79,-22.78,-13.59,-8.64,1.48
17.31,41.37,22.09,-6.46,-0.68,-5.51,12.34,-11.79,-7.77,-21.9,2.34,-2.14,16.48
17.98,45.53,25.1,-5.89,4.56,4.86,24.81,-11.32,-13.24,-31.3,1.42,-7.94,11.85
18.75,32.36,19.41,6.03,5.57,7.58,16.59,2.12,-6.23,-16.2,-5.87,-6.22,-1.11
18.32,31.61,18.06,4.89,2.47,0.25,6.98,-2.18,-6.31,-15.65,-6.92,-1.74,11.39
18.07,56.96,31.8,-23.69,-3.57,0.23,41.87,-24.23,-16.84,-28.42,20.73,-13.05,9.66
18.06,24.86,11.15,4.02,2.31,2.31,5.78,0.72,-1.22,-2.97,1.98,3.11,5.1
18.04,34.75,17.08,-4.27,-0.97,-0.9,11.96,-5.66,-5.94,-17.56,-0.98,-0.93,12.85
17.34,47.85,24.36,-13.31,2.26,0.79,28.17,-12.24,-6.71,-28.53,10.67,0.72,24.73
18.47,33.5,18.42,0.48,1.91,0.4,8.98,-12.15,-18.16,-29.37,-11.22,-6.15,10.2
18.7,25.7,9.84,-2.2,-4.18,-3.52,2.61,-5.44,-9.88,-15.58,-7.38,-1.73,9.76
18.92,19.79,3.74,-6.68,-10.05,-11.79,-8.34,-14.65,-17.64,-21.13,-13.76,-6.46,3.99
18.83,40.08,22.84,-4.66,1.66,2.01,19.34,-12.34,-16.67,-28.4,6.32,5.59,19.16
17.5,24.46,11.3,3.94,1.78,0.19,1.67,-5.88,-9.82,-13.08,-8.58,-5.44,-0.65
17.94,27.98,12.35,0.36,-2.62,-1.97,4.73,-1.52,-4.51,-8.88,-1.25,3.16,11.45
18.98,32.31,18.38,4.21,4.58,3.91,11.88,-3.19,-9.15,-19.61,-7.65,-3.13,8.37
18.9,34.29,18.15,-4.32,-4.01,-4.79,10.19,-9.24,-14.55,-29.59,-10.32,-6.16,12.52
18.82,30.99,13.63,-3.43,3.18,0.22,6.8,-17.81,-24.14,-36.72,-14.91,-4.98,17.44
18.69,37.1,21.42,0.24,5.19,7.29,25.22,2.39,-5.73,-25.64,-7.08,-4.0,17.02
18.67,22.74,9.87,4.89,4.86,3.75,4.29,-1.51,-1.78,-1.18,3.26,3.51,4.21
18.95,38.31,21.05,1.06,5.5,4.72,16.29,-7.82,-10.65,-24.36,-3.4,-3.88,13.71
18.07,48.7,29.31,-9.23,1.56,2.88,28.66,-12.27,-8.46,-30.86,2.63,-4.15,21.26
18.46,33.71,17.38,-0.02,0.34,1.2,12.5,-1.57,-5.21,-16.57,-2.57,-1.87,7.95
18.11,55.96,32.91,-18.43,-0.32,-4.53,36.39,-10.3,-2.11,-36.69,-3.1,-22.3,23.36
18.63,41.93,21.73,-9.33,-2.65,-2.42,18.7,-9.41,-8.56,-25.13,-0.4,-9.14,7.5
18.41,36.79,23.25,0.01,-0.97,-2.61,13.18,-11.57,-21.71,-39.34,-12.86,-4.96,13.75
18.56,32.07,18.19,1.47,-0.47,-3.99,4.29,-8.76,-9.7,-16.61,-2.97,-2.15,8.81
18.57,45.05,26.03,-8.97,-2.91,-3.39,21.52,-10.56,-9.32,-30.28,-2.0,-10.58,11.5
18.44,36.98,17.23,-6.2,-1.8,-4.26,10.84,-9.92,-10.26,-28.32,-8.06,-7.23,11.98
18.34,35.41,18.02,-5.59,-0.87,4.91,24.65,5.19,1.84,-12.63,6.22,0.99,8.53
18.35,29.76,14.66,-2.17,-5.72,-7.76,1.06,-9.72,-12.19,-17.92,-2.4,3.75,12.63
18.6,37.17,16.76,-6.69,1.87,-1.07,8.94,-14.74,-8.35,-14.01,7.63,-0.47,10.3
18.29,43.29,20.73,-16.79,-4.44,-0.67,28.36,-8.98,-10.16,-33.45,3.21,-7.04,17.83
18.5,34.25,18.46,-0.84,0.05,-1.58,9.15,-9.17,-12.86,-23.95,-6.64,-4.07,9.45
18.64,46.68,28.42,-5.39,2.32,-0.2,23.44,-5.52,-3.85,-27.6,0.6,-6.66,11.11
18.62,26.86,12.99,3.5,3.18,1.41,3.63,-7.28,-9.6,-10.91,0.41,5.09,11.21
18.74,30.86,15.46,2.61,1.56,1.65,8.65,0.6,-1.33,-7.48,-0.51,-0.62,5.15
18.97,51.75,25.8,-7.89,10.54,-13.86,33.28,-5.64,4.96,-22.36,-4.06,4.06,2.65
18.47,27.43,14.97,4.68,-1.47,-4.0,1.02,-1.99,-4.29,-8.75,-3.71,1.64,8.63
18.71,33.74,18.77,3.15,8.01,8.17,18.64,0.84,-3.56,-15.89,0.25,6.73,22.69
18.18,36.34,19.93,-2.72,-3.54,-5.82,6.96,-10.25,-11.83,-25.03,-6.99,-6.73,5.6
18.82,50.58,23.56,-21.22,-0.88,-1.29,33.14,-12.5,-2.49,-26.01,7.45,-14.17,9.61
18.65,54.96,26.56,-16.19,6.29,-3.86,36.04,-2.53,13.79,-18.45,7.21,-19.12,5.83
19.05,28.41,15.22,4.2,2.2,4.04,12.76,6.14,0.69,-8.23,-4.76,-5.1,-0.52
18.29,25.89,6.73,-8.66,-7.61,-6.24,1.05,-10.24,-10.42,-15.89,-7.48,-12.21,-8.17
18.05,38.25,20.17,-10.09,-4.19,3.43,30.4,4.7,-1.05,-22.15,1.6,-6.37,6.53
18.29,40.39,21.79,-8.44,2.75,6.01,24.89,-10.0,-13.7,-28.45,3.27,-2.66,11.29
18.67,48.97,20.83,-18.03,6.53,-0.13,30.96,-9.33,-2.29,-31.43,-2.6,-18.87,5.16
18.71,24.14,10.7,4.29,3.66,5.38,8.82,2.15,-4.45,-9.91,-5.54,0.42,8.52
17.7,29.36,10.81,-8.24,-8.17,-10.07,-1.33,-14.3,-12.54,-18.12,-6.1,-7.79,2.55
18.03,37.29,19.09,-7.44,-5.85,-6.9,13.79,-4.22,-4.79,-26.79,-8.97,-9.43,14.01
18.25,31.54,16.87,1.53,-0.94,-1.55,8.58,1.57,1.49,-7.72,-1.54,-3.52,4.41
18.21,34.34,18.19,-1.37,2.86,5.54,17.26,-3.04,-12.39,-27.98,-13.31,-12.03,2.82
19.0,40.65,28.17,1.42,1.18,-0.55,16.22,-14.3,-10.69,-16.92,-1.05,3.22,30.63
19.37,48.02,21.74,-5.1,13.22,-17.5,32.06,-9.72,6.94,-14.4,-13.75,10.78,-8.37
18.87,29.66,18.13,10.91,11.48,12.48,17.07,7.67,1.85,-5.64,-3.01,-3.46,0.93
18.4,34.03,18.75,4.46,5.02,4.58,13.09,-0.33,-1.79,-13.18,-2.13,-2.28,9.23
18.01,26.73,13.12,3.96,3.75,4.01,9.51,1.37,-2.49,-9.35,-4.68,-1.83,7.91
18.86,45.95,28.55,-2.86,1.22,-4.19,19.91,-7.14,-5.79,-32.86,-8.54,-12.27,14.94
18.33,34.0,16.19,-5.45,-5.74,-7.61,4.84,-9.38,-6.48,-15.14,-1.59,-6.21,2.95
18.6,31.61,16.4,2.85,4.1,5.4,12.8,-2.84,-8.1,-14.74,-0.21,0.98,5.47
18.65,48.31,30.07,-11.09,0.82,6.33,45.27,2.19,1.42,-20.42,19.15,8.02,25.27
18.88,41.09,22.08,1.1,9.58,9.08,26.03,-0.77,-1.65,-19.33,-0.41,-4.04,10.46
17.69,38.2,15.57,-12.38,0.43,-4.56,11.88,-21.02,-19.74,-34.89,-8.38,-14.31,1.23
18.39,33.23,17.37,2.89,5.67,8.01,18.97,4.02,0.54,-10.3,0.79,-1.59,5.24
18.61,41.46,26.16,-3.28,1.25,4.8,31.33,3.8,-2.46,-24.87,0.22,1.25,19.15
17.86,36.73,17.77,-1.3,3.87,4.76,16.34,-4.64,-8.53,-23.86,-6.13,-6.58,8.86
17.6,50.87,26.74,-16.0,-0.42,-1.16,32.17,-5.55,2.69,-25.73,9.85,-5.26,19.45
18.42,45.06,26.96,-3.68,6.33,7.29,30.04,3.24,1.57,-15.54,3.38,-8.25,2.52
18.81,28.16,16.0,7.44,7.62,8.95,14.86,3.89,-5.09,-16.59,-12.26,-6.55,4.93
18.73,38.76,25.22,1.82,0.62,2.1,23.06,6.09,-0.4,-19.99,-5.09,-3.42,13.61
18.96,47.57,28.7,-7.57,2.94,1.64,27.3,-11.1,-11.25,-37.57,-9.81,-17.97,8.5
18.79,32.27,16.54,3.26,4.52,8.06,17.18,6.05,1.68,-6.82,1.39,-0.38,5.24
18.86,59.32,26.03,-19.28,18.95,-4.92,43.57,-17.34,-5.26,-30.92,1.46,-12.07,14.62
18.54,31.47,16.63,-2.89,-5.75,-6.17,7.58,-6.38,-12.66,-27.09,-14.95,-13.07,0.4
18.83,35.33,20.43,3.48,7.33,7.28,17.97,-2.0,-8.71,-23.52,-10.91,-9.64,6.14
18.96,30.15,16.15,3.54,0.24,0.31,9.39,4.23,0.91,-9.34,-7.12,-7.8,-0.6
19.09,28.48,15.6,5.32,3.87,2.95,7.22,-4.63,-12.43,-21.64,-14.41,-10.45,-1.39
18.96,37.66,22.56,1.15,3.74,4.14,18.73,-2.11,-7.8,-21.35,0.81,2.96,15.79
18.73,55.04,30.46,-16.71,-0.5,-3.48,33.69,-12.05,-1.28,-29.42,10.8,-10.38,17.15
18.07,45.73,20.42,-13.35,3.64,-4.45,16.25,-23.56,-15.23,-31.51,5.66,-8.44,7.85
18.74,54.72,25.45,-18.03,13.33,-1.9,45.36,-1.5,10.8,-30.6,-4.33,-20.56,11.62
18.06,26.37,10.75,2.07,5.45,7.78,9.06,-8.44,-19.26,-26.8,-15.81,-8.26,2.78
18.32,46.03,25.37,-14.96,-4.73,-6.44,22.55,-17.93,-18.15,-41.76,-4.66,-11.65,11.73
18.86,40.33,17.96,-4.48,10.48,-4.22,23.74,-1.65,-3.03,-31.08,-10.8,-0.83,7.3
19.12,25.47,13.08,7.29,9.31,4.35,4.26,-0.26,-7.79,-25.13,-15.75,-4.13,9.02
19.36,28.44,15.15,2.3,-0.47,-1.44,8.76,-0.13,-6.94,-17.73,-5.67,5.26,21.53
18.94,49.25,19.52,-10.22,12.2,-18.3,35.99,-16.5,-2.62,-9.63,1.95,9.99,1.38
19.31,33.22,18.63,-0.52,1.17,2.62,16.15,-2.83,-12.0,-28.7,-14.06,-11.1,3.97
18.49,29.02,15.13,1.53,-2.96,-5.36,1.56,-6.51,-9.52,-16.71,-7.59,-3.52,6.74
18.71,49.74,33.41,-3.25,1.39,-2.33,26.38,-3.49,-1.21,-22.58,7.77,-5.57,10.58
18.03,25.54,13.06,6.26,6.46,7.29,10.1,0.5,-6.6,-13.62,-9.22,-6.04,-0.55
17.9,32.96,17.19,-6.77,-10.92,-14.09,1.87,-13.19,-16.11,-30.85,-13.33,-11.16,2.58
18.79,43.21,26.57,-4.78,-3.56,-8.72,10.04,-18.74,-15.83,-27.85,2.99,-4.76,9.45
18.75,30.02,19.12,5.05,-2.74,-7.72,2.51,-0.18,-1.75,-12.01,-7.13,-4.72,4.87
18.91,34.93,22.35,4.32,0.76,-1.95,12.07,0.3,-5.34,-24.3,-14.9,-11.18,9.57
18.6,40.43,25.43,-3.34,-3.03,-6.4,14.11,-10.02,-13.21,-35.37,-11.74,-10.54,10.7
18.24,41.1,24.14,-5.5,-1.61,2.0,25.39,0.9,-3.66,-25.05,-0.84,-5.24,12.34
18.32,31.96,17.51,3.27,1.78,2.39,11.91,3.07,-1.71,-13.27,-7.75,-6.28,4.06
18.21,25.95,12.15,2.37,1.67,1.9,6.97,-2.51,-8.5,-17.54,-13.12,-9.26,-0.17
18.38,32.02,19.67,3.57,3.23,2.45,16.74,4.22,-1.07,-19.68,-10.7,-8.13,9.46
18.42,31.66,17.32,0.28,-2.37,-3.08,11.8,5.42,3.76,-11.16,-4.99,-4.81,8.93
18.28,33.72,14.45,-3.54,1.11,3.88,16.28,0.11,-2.64,-15.07,1.68,1.87,16.13
18.74,27.81,16.24,9.79,8.67,6.57,8.34,1.85,-0.33,-3.71,0.46,0.62,2.12
18.45,26.46,13.06,5.99,4.87,5.74,9.11,2.21,-2.84,-7.13,-2.33,0.49,4.84
18.99,38.52,22.75,-3.62,0.42,1.21,23.54,0.61,-7.23,-32.74,-13.2,-15.5,4.4
18.66,34.92,19.16,0.2,0.29,-1.69,8.63,-10.02,-15.16,-28.39,-11.36,-9.35,5.53
18.56,25.69,13.26,6.24,7.14,6.76,8.62,-3.79,-10.31,-13.92,-2.4,6.37,14.16
18.27,26.88,12.25,2.98,0.93,-0.71,0.81,-6.85,-7.8,-8.38,-1.05,0.61,5.33
18.3,32.13,18.15,5.17,6.42,5.38,9.96,-5.73,-9.85,-17.19,-5.42,-4.13,5.17
18.42,30.19,16.58,3.42,0.11,-0.86,7.77,-1.08,-6.91,-17.8,-8.75,-1.15,11.91
18.82,38.76,24.04,1.32,-0.11,-2.18,12.86,-3.11,-4.27,-19.0,-4.78,-8.46,3.41
18.46,35.16,21.98,4.9,2.42,-0.99,9.48,-2.89,-5.82,-19.69,-11.24,-11.54,0.06
18.4,41.82,23.26,-2.11,7.75,3.34,20.18,-7.33,-7.45,-21.38,3.94,2.35,18.73
17.8,26.75,15.19,8.19,6.86,4.69,7.45,0.73,-0.35,-4.37,0.68,0.52,2.54
17.78,46.8,24.51,-12.0,1.57,0.73,25.4,-12.9,-6.57,-25.24,9.1,0.21,19.59
18.41,50.13,27.05,-10.21,7.61,-3.25,26.13,-8.15,-1.52,-24.31,5.09,-6.0,18.01
18.24,28.34,14.82,4.24,4.58,3.09,4.92,-11.17,-16.6,-19.49,-3.45,3.04,8.77
18.91,28.97,15.21,3.98,2.76,4.75,12.47,4.19,-2.25,-11.93,-8.93,-8.87,-2.88
18.84,22.7,10.6,5.14,2.32,0.3,1.92,-2.5,-6.11,-9.47,-5.16,1.57,10.54
18.3,27.7,15.37,5.67,3.16,2.0,6.99,-2.92,-9.71,-18.53,-12.12,-7.11,2.76
18.44,44.69,28.21,-1.5,6.27,7.16,33.58,2.79,-4.55,-31.81,-9.06,-15.25,7.01
18.53,25.71,12.23,6.02,2.36,-0.8,-3.86,-12.91,-18.21,-18.77,-12.52,-6.7,-1.65
18.44,35.95,23.24,6.47,5.53,2.5,11.8,-5.37,-10.64,-23.59,-7.76,-2.63,12.39
17.89,37.42,22.12,1.27,3.85,3.9,22.19,3.91,-5.2,-29.09,-16.68,-14.25,11.81
18.55,31.64,18.3,5.62,4.91,3.72,14.13,3.57,-1.23,-10.75,-1.27,2.4,14.05
18.85,26.89,13.0,4.24,1.79,2.93,7.18,0.48,-8.87,-18.92,-17.68,-13.07,-8.13
18.49,35.88,22.34,2.92,4.29,5.81,19.75,-2.62,-11.76,-25.34,-3.53,0.46,11.39
18.53,29.04,17.96,12.29,11.93,8.55,5.83,-8.57,-15.87,-20.13,-11.41,-5.88,2.37
18.59,30.55,18.07,7.32,6.04,4.72,9.51,-1.07,-6.49,-14.86,-7.36,-4.57,4.44
18.53,27.38,14.87,6.3,9.42,12.77,19.9,5.65,-4.98,-17.91,-10.39,-7.07,0.06
18.03,26.4,12.49,2.76,2.49,3.0,9.84,1.46,-4.71,-14.41,-10.06,-6.21,4.36
18.56,38.12,22.13,1.42,8.86,9.81,24.88,-4.43,-12.0,-34.55,-15.39,-14.64,8.18
19.11,29.73,15.95,4.23,6.17,7.53,14.19,-0.8,-7.65,-17.21,-7.87,-4.04,5.28
19.1,35.61,20.12,3.47,5.36,2.32,14.48,-0.55,-1.76,-16.48,-6.76,-9.09,-0.72
19.16,32.86,20.95,8.65,8.44,8.48,18.25,5.09,-3.43,-17.58,-8.34,-1.45,13.22
19.04,46.41,22.5,-5.12,13.21,1.62,33.78,-2.13,-4.49,-31.01,0.53,-1.66,13.55
18.43,28.74,16.78,9.3,9.96,9.79,12.44,1.0,-6.28,-15.13,-10.07,-6.45,2.17
17.5,32.77,19.6,4.59,2.37,1.81,12.25,1.26,-3.05,-15.78,-5.43,-0.76,10.78
18.08,27.65,14.45,4.16,1.85,0.78,5.39,-2.97,-7.49,-14.63,-10.21,-9.24,-3.32
18.14,41.86,27.38,-4.6,-2.58,-0.97,27.29,0.87,-5.64,-29.55,-5.29,-7.94,13.23
18.38,39.5,24.77,1.09,-0.25,-5.05,10.58,-6.78,-6.63,-21.77,-2.94,-2.9,13.43
18.7,33.13,18.51,3.67,3.45,3.45,12.8,-0.4,-7.13,-21.28,-11.93,-8.76,4.87
18.43,34.03,18.55,-0.34,2.06,3.18,17.25,-0.42,-5.73,-21.87,-9.54,-7.38,10.05
18.88,25.43,12.36,7.72,6.23,5.54,4.32,-2.36,-6.11,-5.6,-0.13,4.47,7.75
18.59,28.53,15.28,1.61,-3.57,-4.0,7.03,1.39,-5.27,-18.84,-15.81,-12.7,-2.11
18.56,27.78,16.78,9.66,9.58,8.59,12.16,1.86,-3.34,-9.11,-1.4,3.01,9.45
18.37,30.43,16.23,3.78,3.92,4.02,9.77,-2.37,-5.01,-9.35,0.22,-1.42,0.56
18.16,30.42,15.82,0.46,-0.95,-2.83,3.49,-11.79,-14.18,-20.39,-6.23,-5.69,0.3
17.73,31.93,17.3,0.84,1.76,3.75,13.91,-3.07,-9.53,-17.01,1.88,5.68,11.63
19.18,31.29,18.16,9.29,8.57,7.22,9.84,0.8,-1.57,-5.75,-0.74,-2.89,-1.46
18.82,36.56,25.35,12.08,13.51,10.96,17.27,-2.42,-8.28,-16.48,0.43,1.72,7.2
17.45,36.89,19.77,-4.64,-2.18,2.28,24.79,8.88,3.84,-14.52,2.59,-1.58,9.85
18.03,32.1,17.92,3.56,2.89,1.62,8.86,-3.39,-6.04,-13.21,-1.21,-0.88,4.74
18.93,32.4,20.03,8.47,7.16,7.08,15.06,5.4,-0.94,-13.69,-10.55,-10.79,-0.46
18.46,26.0,14.18,8.92,9.3,8.32,9.31,1.44,-2.09,-6.85,-6.4,-10.15,-10.05
17.65,26.75,13.21,4.56,2.02,0.24,2.12,-6.02,-8.81,-9.1,0.2,4.46,6.98
18.14,26.49,14.13,5.21,1.18,-0.81,3.1,-3.32,-8.79,-18.45,-18.46,-16.68,-7.01
19.01,32.87,19.64,5.97,5.93,6.88,18.17,6.1,-2.51,-19.89,-14.13,-10.36,5.0
18.29,25.83,13.16,3.62,-0.85,-2.77,2.47,-3.25,-8.19,-15.49,-9.49,-2.73,5.98
18.67,35.54,20.88,4.97,7.64,8.02,20.8,5.43,0.57,-16.85,-10.42,-14.14,2.52
18.09,52.26,28.21,-13.71,7.13,7.93,37.17,-9.34,-2.09,-26.46,11.69,-6.24,18.03
18.28,29.07,18.78,8.02,2.11,-0.3,8.53,5.78,2.87,-6.48,-3.99,-2.51,4.28
18.25,43.88,24.6,-5.11,10.02,11.69,33.31,-0.11,-3.33,-28.9,1.78,-7.12,9.73
18.47,38.08,23.63,-1.15,3.65,4.99,24.98,-1.37,-9.23,-31.56,-10.35,-11.45,7.49
17.78,33.99,16.85,-2.38,3.84,5.3,18.41,-3.64,-8.45,-23.05,-6.66,-6.41,8.33
18.47,24.99,12.96,5.79,2.92,3.01,8.96,5.41,1.09,-6.52,-6.21,-4.2,2.29
19.07,53.07,28.76,-14.54,5.39,1.38,37.32,-10.03,-5.17,-30.73,3.7,-17.07,10.69
18.43,32.66,15.45,-4.7,0.27,5.86,23.83,5.97,-1.61,-20.78,-6.39,-4.77,10.3
17.95,45.83,24.48,-12.31,1.69,4.88,33.35,-5.0,-5.12,-31.19,-3.25,-13.87,7.86
17.97,26.44,8.94,-6.48,-3.69,1.2,16.65,10.01,10.69,2.29,12.49,11.7,18.78
18.62,44.79,22.56,-10.44,5.57,3.87,32.5,-0.55,-0.48,-30.56,-9.1,-20.2,5.0
18.55,48.88,31.52,-21.76,-15.25,-9.0,30.67,-12.04,-13.43,-37.6,11.21,-4.2,15.8
18.64,57.04,33.21,-19.16,-3.22,-10.9,36.25,-14.72,-4.2,-33.68,3.72,-16.99,15.31
18.49,30.77,18.72,4.52,-0.96,-3.6,5.29,-2.74,-7.27,-15.33,-3.42,3.77,13.02
18.35,43.15,24.39,-5.94,3.43,-0.62,21.34,-6.52,-7.86,-35.67,-11.54,-12.17,14.48
18.38,30.92,15.96,4.65,5.62,6.65,12.26,-1.49,-8.53,-16.2,-4.39,0.93,9.85
18.98,37.86,23.01,-2.15,-2.86,-3.78,15.83,-4.6,-9.93,-28.08,-6.16,-2.96,14.82
18.54,34.17,19.56,2.49,1.21,0.36,12.74,0.5,-5.46,-21.7,-8.97,-2.6,13.99
17.95,28.67,15.14,3.72,1.61,2.37,11.56,5.42,1.37,-8.27,-5.4,-4.84,1.61
18.37,27.43,12.5,1.18,-0.5,-2.18,0.96,-7.87,-9.75,-14.13,-7.51,-7.39,-1.69
17.97,27.59,16.59,6.64,-0.8,-2.49,6.62,6.49,2.71,-7.86,-7.81,-3.37,6.13
18.22,33.77,18.7,-4.02,0.36,6.35,31.49,14.94,10.18,-8.66,7.07,4.71,15.29
18.88,27.68,15.12,8.59,12.77,14.14,17.26,3.32,-1.98,-5.08,4.34,6.26,7.33
18.59,40.17,22.22,-5.53,2.43,7.22,33.98,9.64,6.14,-18.41,-1.58,-10.65,7.11
18.1,29.66,15.43,4.76,7.28,8.16,13.8,1.49,-3.54,-13.1,-8.91,-10.44,-2.6
18.89,34.32,19.11,2.07,4.42,6.04,19.34,4.07,-2.64,-19.54,-6.55,-2.8,13.67
17.59,24.03,9.55,1.63,4.85,8.0,14.05,4.17,-1.68,-8.97,-2.58,0.88,8.11
18.41,26.22,12.89,4.52,1.17,1.38,5.71,-0.36,-8.72,-18.35,-17.7,-11.8,-0.41
18.6,37.64,23.65,1.98,1.82,1.68,19.26,2.86,-3.84,-25.31,-10.85,-8.83,11.68
18.66,57.0,42.34,-9.05,-3.2,-13.27,40.59,-2.78,-1.89,-37.03,-0.8,-17.6,10.87
18.12,37.65,21.14,-1.93,-1.44,-8.4,5.06,-12.84,-11.65,-24.91,-7.03,-10.47,6.65
17.53,38.01,21.71,-3.06,-3.31,-0.54,21.81,9.45,7.82,-10.2,0.98,-7.29,4.69
18.08,30.13,16.34,1.79,1.49,4.5,18.4,6.8,-1.17,-15.74,-6.07,-0.0,14.53
18.58,36.68,19.12,-2.78,0.88,-0.41,9.76,-15.35,-17.29,-25.06,-1.47,-6.31,2.53
18.5,42.31,25.43,-3.4,1.64,1.49,23.16,-4.1,-6.19,-26.09,-1.78,-5.26,12.2
18.37,46.74,22.73,-10.28,2.65,-1.86,19.49,-14.17,-8.6,-26.83,2.75,-7.94,16.46
18.41,47.23,17.98,-15.67,9.17,-9.39,20.6,-17.27,-7.81,-33.86,-5.12,-14.15,12.18
17.03,28.97,10.36,-4.58,-2.71,0.8,11.14,1.26,-1.56,-10.12,-0.65,0.55,10.0
18.78,38.68,23.67,1.37,3.52,5.01,20.98,0.58,-4.27,-20.33,-2.67,-4.19,7.95
18.57,45.82,32.84,-10.12,-4.23,4.79,40.33,-0.48,-7.92,-32.16,-1.35,-7.66,13.15
18.31,42.83,25.32,-4.48,2.91,3.33,27.88,-0.94,-5.83,-31.13,-4.31,-7.2,12.01
18.52,58.26,31.22,-23.43,5.72,-2.05,39.21,-14.21,-6.47,-29.76,13.58,-12.02,10.53
18.34,35.21,20.87,3.67,5.03,7.52,22.18,8.39,3.04,-11.76,-3.97,-7.62,0.5
17.63,35.65,19.6,-5.12,-1.78,1.7,22.36,0.75,-5.42,-24.57,-5.77,-6.2,9.62
18.28,35.63,21.0,3.72,5.13,4.93,16.19,0.17,-4.12,-17.2,-5.59,-5.43,5.74
18.34,27.08,13.92,6.43,4.93,2.68,1.91,-8.75,-13.31,-14.81,-5.2,-0.02,4.47
18.0,34.86,19.85,-0.19,1.41,1.07,15.95,-1.67,-7.88,-27.09,-11.07,-5.61,14.55
17.35,23.11,9.3,2.07,0.37,-0.83,1.95,-2.57,-2.66,-3.97,0.82,2.28,6.03
18.65,27.42,14.32,6.04,6.53,5.92,8.56,-2.83,-7.96,-13.5,-6.6,-2.6,4.49
18.61,42.72,25.5,-3.36,0.08,-0.18,22.39,-3.09,-6.8,-28.08,-5.5,-10.92,7.17
18.43,46.37,30.86,-4.73,-4.73,-5.59,25.25,1.82,2.03,-22.64,4.12,-6.34,13.4
18.32,30.58,16.67,3.86,2.29,2.6,9.91,0.23,-5.54,-15.59,-8.16,-4.88,5.53
18.26,31.7,17.69,-1.13,-4.06,-3.58,14.68,6.52,1.28,-19.09,-14.29,-13.43,3.9
18.04,32.79,14.77,-0.81,3.49,3.95,10.03,-9.88,-14.59,-23.44,-6.83,-6.74,2.56
18.99,24.58,11.83,6.43,8.7,10.72,13.89,5.47,1.16,-3.37,-0.7,-1.04,1.33
18.78,36.8,24.45,0.67,0.02,-1.11,18.22,2.37,-4.14,-24.2,-9.46,-12.19,-0.26
18.39,26.2,10.52,-4.94,-9.04,-10.46,0.46,-5.43,-7.5,-15.64,-4.2,3.2,18.18
18.73,36.51,19.89,0.55,4.81,5.56,14.74,-7.66,-10.45,-21.0,-4.82,-11.7,-4.02
18.89,59.43,36.06,-21.72,-1.91,-3.13,46.31,-27.15,-21.7,-22.08,27.32,-14.58,7.69
18.14,30.2,16.4,5.26,2.76,1.12,3.7,-6.65,-9.81,-11.98,-1.91,0.98,5.68
18.01,25.24,12.32,5.24,5.51,4.65,5.67,-4.25,-7.16,-9.44,-3.16,-1.85,1.98
18.53,38.7,24.3,-1.42,-2.55,-3.29,13.2,-11.05,-16.06,-28.21,-4.75,-7.03,0.4
18.09,28.76,14.21,3.49,7.26,7.96,12.32,-4.42,-12.06,-21.96,-14.04,-11.93,-1.28
18.29,31.37,17.25,0.82,-4.73,-6.74,3.95,-2.45,-6.24,-19.08,-11.53,-6.16,5.86
18.2,26.75,14.78,7.07,5.73,6.44,13.14,6.57,-0.99,-12.18,-9.77,-3.27,9.04
18.75,54.7,33.1,-15.36,0.05,3.15,46.8,-6.31,-2.46,-27.71,9.23,-11.04,14.2
18.23,28.75,14.74,2.39,4.2,5.16,13.13,-1.05,-9.19,-22.26,-11.61,-4.88,10.59
18.54,31.75,18.92,7.9,4.64,5.49,12.57,6.38,-0.46,-9.65,-6.28,-3.73,2.39
18.23,51.52,26.95,-23.2,-5.87,-5.24,37.85,-8.0,-1.77,-34.59,3.98,-14.85,18.5
17.74,44.17,25.96,-10.71,-4.54,-3.84,22.85,-6.65,-6.52,-27.77,-2.28,-7.81,10.96
18.11,34.62,19.32,-6.2,-10.27,-9.39,12.11,1.32,-0.18,-20.73,-8.06,-9.01,11.6
18.98,42.5,18.51,-10.58,7.98,-5.92,33.8,12.21,11.82,-23.11,0.81,-7.59,-2.4
18.81,46.85,27.06,-5.17,8.08,9.04,33.87,-1.96,1.65,-19.76,2.11,-7.98,10.35
17.26,26.09,11.65,1.73,-0.86,-1.31,3.97,-1.55,-3.86,-7.72,-0.42,4.79,12.63
18.33,51.71,25.18,-13.11,8.28,-2.1,35.15,-5.04,2.64,-22.35,13.12,2.18,20.44
18.83,37.67,21.31,0.46,5.06,4.67,19.21,-1.16,-6.19,-23.43,-7.39,-10.27,3.64
18.83,24.47,10.82,1.08,-2.88,-5.86,-2.57,-8.94,-13.64,-23.06,-23.32,-22.93,-12.77
18.66,29.92,14.19,0.67,3.68,2.95,7.61,-12.82,-19.36,-28.34,-12.48,-7.79,7.41
17.66,39.47,20.13,-6.66,1.47,0.63,20.11,-6.01,-6.64,-26.35,-5.46,-10.4,10.74
18.53,56.35,33.28,-17.22,2.9,-0.81,42.97,-11.85,-6.49,-31.38,2.52,-21.15,6.45
17.67,40.63,20.49,-7.21,0.67,-2.8,16.45,-6.88,-2.69,-20.82,-0.42,-4.49,13.82
18.74,31.59,16.26,2.93,4.21,5.33,12.58,-0.48,-3.36,-9.11,2.46,2.19,8.45
18.81,34.78,18.79,-3.61,-2.25,-0.68,17.74,0.7,-6.32,-26.68,-13.31,-15.74,1.19
18.57,33.98,21.23,4.21,0.87,-0.75,13.94,3.36,-0.86,-19.11,-13.57,-13.39,4.57
18.12,39.37,25.64,2.24,-1.01,-4.47,13.67,0.08,0.25,-17.59,-3.61,-5.82,12.4
17.97,36.37,20.51,0.32,3.04,2.6,14.94,-8.02,-11.91,-24.93,-4.05,-4.38,12.29
18.21,42.61,23.43,-6.27,0.21,0.16,19.89,-6.76,-3.98,-18.26,5.49,-6.42,5.4
18.05,43.35,28.4,-4.05,-2.61,-2.51,19.71,-2.7,-3.03,-17.08,7.49,-0.46,8.3
18.52,54.21,32.89,-16.75,-0.9,-1.85,40.9,-7.01,-4.66,-28.05,5.75,-14.21,17.38
18.45,25.75,14.34,7.34,4.46,1.87,4.4,-1.25,-3.55,-8.3,-5.8,-5.61,-1.09
17.95,20.0,7.44,4.91,8.1,10.03,11.24,3.08,-2.78,-8.54,-8.16,-6.55,-0.09
18.43,43.37,25.65,-4.53,2.53,0.32,20.03,-4.51,-1.05,-13.12,11.84,1.31,12.36
18.29,35.92,19.55,-2.63,-1.4,1.11,17.61,0.63,-2.92,-17.24,-4.0,-12.85,-5.41
18.72,57.87,34.38,-16.45,0.07,-11.07,36.17,-6.0,4.3,-25.72,6.21,-18.84,3.3
17.59,45.06,21.04,-13.38,2.25,-4.3,23.53,-8.98,-4.26,-33.76,-10.57,-17.14,13.71
17.51,34.85,19.03,0.51,2.37,1.51,13.96,-3.87,-6.82,-21.19,-6.35,-5.25,12.81
18.47,39.06,21.25,-3.41,0.54,-0.85,17.26,-2.2,-3.4,-20.25,-3.26,-7.61,7.36
18.01,29.71,13.16,-2.72,-0.54,3.99,19.9,10.63,6.03,-7.7,2.94,6.27,20.18
18.47,25.4,9.67,-1.89,-1.38,-3.57,-2.0,-16.93,-22.58,-29.61,-20.72,-17.03,-5.34
18.36,39.02,20.47,-5.94,-1.63,-1.09,16.36,-7.54,-9.55,-24.99,-2.83,-5.94,11.64
17.96,48.08,26.34,-14.69,-3.92,-7.93,24.27,-9.68,-5.58,-36.88,-4.84,-16.82,9.56
18.66,43.2,23.21,-9.12,-1.48,-2.25,18.08,-15.28,-18.29,-39.23,-9.7,-19.26,-0.86
18.0,31.94,20.22,4.94,-0.75,-1.86,9.96,0.77,-7.98,-22.75,-11.81,-3.9,11.31
18.28,39.29,20.87,-7.76,-3.25,-1.96,21.63,0.74,0.47,-20.9,-0.42,-7.19,11.43
18.63,38.11,20.54,-2.52,3.74,4.1,20.59,-2.29,-5.71,-22.78,-5.28,-8.72,4.18
18.52,36.52,20.74,-0.27,2.3,2.79,19.08,1.4,-1.28,-20.73,-5.64,-6.23,12.07
18.63,33.76,17.5,-0.2,6.17,10.0,24.43,5.41,-2.12,-21.18,-12.16,-15.78,-1.49
18.91,37.62,19.26,-0.45,7.64,4.99,29.02,9.74,5.78,-19.9,-10.1,-8.59,0.11
17.81,28.04,15.17,6.46,5.67,5.36,8.23,-1.38,-5.98,-11.76,-5.83,-4.46,-0.67
18.43,39.14,27.68,5.02,0.19,-5.11,16.21,5.25,5.4,-15.1,-8.34,-16.7,-1.04
18.38,31.39,17.98,3.84,0.18,-2.24,6.29,-1.0,-3.54,-14.14,-9.72,-9.78,0.08
18.19,44.14,27.54,-5.29,-2.04,-6.91,16.38,-5.71,-5.63,-26.81,-6.04,-9.98,11.34
18.3,36.87,21.95,1.5,2.39,-0.41,11.78,-5.75,-8.42,-22.11,-5.74,-3.49,13.56
18.08,29.89,16.13,5.77,6.53,7.93,14.98,4.1,-2.69,-13.76,-7.66,-5.3,3.96
18.18,28.34,16.58,7.89,5.09,2.73,6.58,-0.96,-5.67,-14.36,-11.01,-5.75,6.94
18.52,32.11,18.56,4.79,1.51,0.15,9.81,2.36,-2.64,-17.33,-15.49,-16.15,-2.49
18.47,47.41,30.11,-2.95,0.91,-3.47,24.75,3.36,10.76,-12.69,6.35,-11.26,4.23
17.56,36.54,21.02,4.28,7.35,7.61,18.69,4.16,4.03,-9.21,-3.85,-14.64,-5.46
17.38,37.36,20.17,-1.86,2.78,4.89,21.68,1.68,-0.19,-14.74,-1.05,-8.13,-0.64
18.45,36.92,21.77,-1.65,1.95,4.44,23.96,2.38,-1.2,-18.92,-5.16,-16.02,-5.31
18.06,42.8,22.75,-9.89,-3.86,-4.66,19.82,-8.0,-7.7,-27.98,-3.74,-15.86,1.0
17.47,52.64,22.22,-20.13,9.54,-5.07,26.01,-18.43,-2.39,-20.35,14.89,-7.77,15.56
18.33,29.16,17.06,6.55,1.44,-2.25,2.52,-3.1,-6.15,-13.44,-7.99,-3.57,4.88
18.27,47.75,24.92,-7.7,5.55,2.71,28.89,-6.05,-4.72,-25.65,4.37,-10.62,8.95
18.19,34.68,20.15,2.52,3.38,5.05,18.62,3.48,-2.35,-17.09,-6.28,-5.32,6.08
17.82,30.01,14.54,2.8,1.26,0.87,5.66,-3.05,-4.65,-8.72,-1.64,-0.77,8.07
18.58,45.44,24.91,-7.74,4.41,5.32,26.31,-10.08,-7.84,-24.28,4.01,-5.19,10.0
17.19,30.15,15.6,1.63,-1.38,-3.34,3.49,-4.6,-6.75,-14.76,-6.87,-5.75,-0.41
17.65,34.87,23.12,1.46,-6.85,-9.3,9.81,-0.37,-6.29,-25.62,-13.2,-13.31,1.04
17.66,53.02,34.55,-21.05,-9.05,-4.09,39.09,-11.94,-12.17,-31.03,13.07,-10.06,14.03
17.47,42.86,24.99,-5.61,4.37,8.4,33.82,-0.03,-6.9,-28.21,2.16,-4.4,15.81
17.68,29.8,20.29,7.44,0.43,-5.84,4.02,2.11,3.38,-6.71,-3.43,-3.65,6.67
18.16,32.94,20.25,7.61,9.45,10.02,19.28,3.97,-4.66,-18.67,-8.33,-3.01,10.85
18.1,35.12,20.59,2.13,4.97,7.65,23.99,5.7,-3.58,-22.33,-6.23,-4.68,8.33
17.8,26.32,10.45,-3.35,-5.73,-8.81,-5.33,-18.65,-23.14,-29.43,-21.34,-18.76,-9.94
17.41,31.96,17.13,7.95,8.59,10.06,12.7,-1.46,-11.81,-21.23,-13.21,-6.47,5.31
17.62,27.69,16.35,8.39,3.15,-2.68,-3.39,-11.04,-13.13,-15.85,-11.02,-9.08,-3.49
17.81,47.8,33.48,-2.63,-0.99,-2.17,29.53,0.35,0.0,-24.83,4.28,-3.19,16.38
16.72,38.92,22.9,-2.5,-3.28,-5.6,14.54,-0.02,4.94,-8.47,5.6,-0.67,13.36
17.91,31.03,19.41,9.58,5.99,3.61,9.09,3.71,2.11,-6.07,-4.88,-6.02,1.66
17.66,44.63,28.91,-6.2,-1.94,-1.87,22.52,-17.33,-15.49,-30.49,9.99,8.26,27.94
17.35,24.67,13.72,8.31,2.91,-1.64,-2.07,-6.04,-9.64,-14.81,-16.02,-14.28,-8.37
17.71,25.15,12.71,5.5,2.0,-3.47,-5.28,-13.49,-15.06,-15.96,-11.29,-9.93,-6.0
17.01,35.22,17.57,-1.07,-0.19,-2.44,4.88,-15.46,-16.76,-23.96,-3.6,-1.9,10.8
16.69,53.56,24.35,-16.89,10.19,-10.38,28.96,-17.02,-6.48,-30.79,-6.09,-13.23,14.15
17.19,36.96,23.16,4.18,7.45,8.3,21.49,-1.18,-9.76,-26.14,-8.58,-6.89,5.49
17.42,29.93,18.06,7.36,3.75,2.37,9.09,1.72,-3.75,-12.14,-5.17,-0.85,6.62
17.58,49.39,31.73,-11.22,-0.31,3.7,35.83,-8.26,-8.76,-30.14,3.41,-12.56,7.31
16.63,29.71,16.45,5.24,5.32,3.77,8.67,-4.01,-10.16,-16.77,-4.34,0.43,7.86
16.54,23.72,10.91,4.37,0.9,0.64,4.26,1.15,-4.24,-12.01,-13.91,-10.88,-3.65
17.0,39.63,24.62,1.19,4.39,4.37,23.06,2.02,-3.43,-23.39,-6.2,-3.94,13.53
