17.93,16.47,12.87,14.77,2.53,9.18,-0.17,0.49,-8.32,-3.4,-2.27,6.85,9.51
18.39,40.86,26.97,-0.76,3.04,-4.37,13.08,-14.69,-13.94,-31.31,-6.28,-5.47,21.38
18.1,27.7,17.18,11.82,9.39,6.69,7.2,0.79,-2.65,-6.6,-2.47,0.86,5.74
18.1,47.15,34.68,1.2,-2.14,-10.02,17.31,-6.43,-4.8,-23.85,0.76,-8.81,11.8
18.73,34.93,21.51,6.51,6.79,5.74,14.96,1.26,-0.3,-7.61,4.75,4.37,13.46
18.27,33.7,24.42,14.06,9.64,3.98,7.44,-2.24,-6.8,-14.21,-3.31,2.29,9.2
17.99,30.89,20.23,11.47,6.93,1.58,2.59,-3.79,-2.92,-4.35,3.0,2.85,6.36
17.76,28.04,15.79,9.55,8.73,7.18,5.98,-2.69,-4.44,-3.8,2.23,2.19,3.78
17.08,29.89,16.9,6.7,6.51,5.32,8.13,-3.77,-6.96,-10.64,-2.86,-4.14,-0.29
17.66,27.86,15.55,6.73,3.49,1.46,5.34,-1.97,-3.64,-5.58,5.33,12.7,20.42
18.03,26.01,13.52,5.45,1.66,-1.95,-0.48,-6.65,-8.95,-12.09,-7.87,-4.49,1.39
18.18,31.82,17.53,4.48,4.79,6.84,15.32,2.84,-3.02,-10.18,1.72,5.55,13.81
17.89,30.39,19.12,8.76,6.24,5.21,9.42,-3.1,-10.32,-17.68,-6.29,0.68,8.71
17.71,38.46,25.67,10.78,9.51,4.45,12.38,-4.39,-2.45,-8.11,10.02,6.77,14.01
18.36,33.01,22.66,11.36,8.4,2.06,5.18,-7.81,-9.2,-13.86,0.01,5.1,15.19
17.9,31.44,21.81,11.29,5.74,-0.92,5.98,4.05,9.28,4.26,10.1,9.7,16.34
18.59,55.07,30.81,-8.51,10.63,-10.55,23.04,-13.67,4.93,-20.91,15.8,3.0,31.19
18.37,31.73,19.81,6.24,1.23,-2.73,6.3,0.51,1.21,-5.94,2.41,5.35,17.47
18.63,30.91,20.19,10.78,5.86,-0.68,1.36,-6.11,-6.25,-9.29,-2.7,-1.65,4.9
18.68,34.42,21.33,8.88,9.04,6.94,12.7,-1.58,-6.35,-14.61,-3.65,-0.69,9.79
18.05,29.78,18.89,11.3,8.15,3.16,2.84,-4.18,-2.08,-1.45,4.99,4.05,4.95
18.26,28.33,16.82,9.86,7.66,7.54,11.96,7.46,3.4,-3.09,-3.41,-2.57,2.96
16.68,21.09,7.73,0.92,-3.6,-6.58,-5.77,-8.32,-7.81,-7.03,-3.09,-1.23,-0.09
17.99,37.53,25.67,6.62,6.61,5.24,19.39,3.84,1.94,-7.28,11.76,15.49,25.02
17.63,23.69,11.11,4.51,0.25,-3.37,-2.28,-5.28,-4.04,-3.12,1.07,2.66,4.65
18.35,41.91,28.85,2.93,0.73,-5.63,12.0,-6.3,-0.19,-10.01,14.32,13.25,28.37
18.09,46.17,29.33,-2.53,3.14,-1.15,20.03,-10.06,-6.27,-20.41,11.1,4.19,19.91
17.95,31.37,17.96,9.21,8.1,7.14,6.62,-4.37,-7.47,-6.17,5.16,10.38,14.72
18.46,27.85,16.98,11.24,9.25,5.98,4.66,-5.19,-8.74,-10.22,-4.43,-1.84,1.44
18.25,36.51,24.13,6.29,1.59,-5.54,2.49,-12.47,-13.6,-23.26,-9.98,-9.66,4.79
18.46,24.32,13.24,8.65,5.91,4.75,6.65,3.12,0.13,-2.66,-0.3,2.77,5.09
18.77,34.2,22.38,9.12,5.51,4.06,12.78,2.44,-3.73,-14.9,-7.49,-4.25,4.47
18.59,31.32,22.29,15.17,10.07,3.54,3.67,-3.99,-5.96,-11.01,-8.64,-9.27,-3.02
18.85,47.75,29.22,-1.66,7.17,2.66,26.66,-10.9,-10.81,-25.83,4.25,-6.28,14.45
18.48,37.1,24.98,8.7,7.93,4.4,12.38,-6.86,-12.97,-23.05,-3.28,-0.58,9.71
18.21,32.86,23.55,12.33,8.54,2.7,8.29,-3.56,-8.55,-20.1,-8.86,-0.67,14.54
17.74,43.19,23.24,-8.65,5.7,2.02,23.77,-6.93,-4.01,-19.08,19.81,19.7,43.73
18.67,32.79,21.26,10.64,7.7,6.24,12.46,5.85,3.71,-2.39,3.43,5.49,12.36
17.48,37.16,25.53,7.81,2.66,0.17,13.6,3.3,1.48,-9.47,3.61,4.98,13.62
18.03,29.09,16.79,10.41,13.22,14.88,16.78,3.02,-5.8,-11.62,-3.9,1.39,10.39
18.08,56.77,38.74,-9.87,6.63,4.22,41.5,-12.19,-7.73,-15.84,21.16,-0.39,15.77
18.12,39.5,28.69,9.0,5.47,1.31,18.31,7.3,7.59,-6.89,3.78,5.12,19.19
17.14,22.72,11.52,8.2,7.82,7.83,8.98,3.41,-1.26,-5.25,-3.5,-0.25,2.35
17.89,45.71,25.83,-5.19,3.89,2.25,21.8,-9.59,-4.02,-12.0,24.97,12.59,25.26
17.57,26.27,16.34,11.69,7.51,1.08,-2.0,-6.54,-2.68,0.49,4.05,2.96,5.17
17.4,32.63,19.22,5.23,3.37,0.37,7.13,-2.52,-0.6,-5.7,3.29,0.04,7.02
17.2,55.46,34.33,-14.24,0.39,-1.22,29.45,-21.32,-5.52,-23.66,17.25,-1.92,26.37
17.75,32.53,16.06,-1.21,-3.63,-3.2,8.55,1.7,3.52,-0.76,9.76,7.47,12.54
18.1,41.42,23.62,-2.23,1.43,-1.5,15.92,-1.34,5.02,-8.09,10.04,3.47,12.92
17.96,40.92,23.22,-1.73,2.08,1.59,19.65,0.17,2.46,-11.58,7.4,2.84,16.19
18.29,37.38,23.13,0.34,-2.31,-2.57,14.12,-2.9,-4.28,-13.78,5.85,6.63,16.49
18.59,45.55,24.64,-4.99,6.0,3.86,29.01,1.17,6.17,-11.48,16.07,5.57,26.36
18.28,35.66,24.78,8.19,1.78,-2.39,10.66,3.7,0.85,-14.07,-3.59,1.94,16.0
18.08,46.97,25.07,-0.97,7.33,4.92,29.6,-1.44,2.89,-16.87,7.61,-2.58,21.32
18.16,45.89,27.56,-6.72,-0.21,-1.16,23.02,-10.65,-5.89,-14.74,21.05,8.43,19.31
18.06,42.24,29.27,3.21,2.61,-0.31,17.92,-2.64,-3.3,-17.37,7.18,6.8,17.9
18.07,22.29,10.84,7.12,4.46,2.07,2.31,0.17,0.47,0.48,1.14,0.97,2.52
18.4,40.74,27.54,1.29,0.5,-1.75,16.86,-3.08,-3.42,-20.93,3.41,6.51,24.48
17.71,44.04,26.46,-3.62,0.96,-7.0,11.56,-15.79,-5.14,-19.58,8.85,-0.6,19.31
17.74,37.02,22.75,1.21,0.38,-5.07,12.69,0.3,8.24,-3.78,12.94,8.43,25.41
17.63,34.21,18.52,-1.59,-2.19,-6.13,5.46,-9.3,-7.17,-14.25,5.26,8.15,21.47
18.2,33.02,18.84,4.67,3.94,3.18,12.22,2.48,2.5,-5.25,3.58,3.66,13.99
17.95,28.66,15.4,4.13,1.3,-0.04,7.92,5.04,6.31,1.41,6.85,6.75,11.35
17.69,55.25,27.44,-12.17,4.08,-5.66,22.34,-24.03,-2.92,-23.54,19.58,-6.14,23.26
18.48,46.5,29.51,-2.24,4.24,0.98,22.66,-8.52,-2.18,-13.67,17.1,10.26,24.69
18.31,45.7,34.4,0.47,-2.24,-5.12,24.17,3.56,2.64,-16.88,9.7,6.91,18.72
17.74,26.39,14.67,7.85,5.04,2.75,4.82,-0.17,-0.68,-0.75,6.39,10.06,12.51
16.91,30.73,17.66,2.33,-0.06,-3.76,3.05,-15.22,-23.13,-35.72,-16.91,-3.81,12.9
18.12,31.68,19.69,11.12,14.29,15.41,20.9,5.97,-1.4,-10.35,-0.79,2.2,10.03
18.59,30.18,18.79,9.0,7.18,9.38,20.67,17.82,13.49,2.67,5.7,8.15,14.96
18.49,28.65,18.21,11.47,8.37,7.23,11.09,5.91,1.46,-3.84,1.65,6.98,13.41
18.19,38.12,22.32,3.04,7.74,7.1,16.05,-7.48,-9.48,-16.43,7.09,4.88,13.76
18.28,25.28,13.99,9.91,10.38,8.04,5.5,-3.89,-5.8,-3.66,5.95,8.75,9.3
18.41,27.11,17.8,14.93,14.49,12.81,14.06,7.68,2.99,-3.41,-2.3,-0.2,5.43
17.69,30.0,16.31,6.41,10.85,11.55,14.98,-1.93,-6.98,-11.45,1.24,2.87,8.5
17.56,32.84,19.77,6.98,7.73,5.23,8.95,-7.72,-10.78,-13.28,5.36,11.28,22.91
17.53,35.68,23.66,9.23,8.68,4.77,8.9,-5.95,-7.15,-12.36,0.61,0.45,4.89
18.15,36.13,24.87,9.29,7.45,5.77,17.15,2.71,-2.09,-11.75,3.31,4.89,11.46
17.59,30.28,19.7,9.75,3.33,0.52,4.87,-1.83,-7.03,-14.8,-8.74,-3.66,3.53
16.82,35.58,19.96,3.89,7.77,4.88,12.7,-6.03,-6.33,-12.7,3.32,4.17,15.45
18.59,49.21,21.87,-4.9,20.18,-8.5,45.22,4.95,10.0,-2.82,16.58,17.32,1.46
17.88,35.43,23.77,5.51,8.39,11.8,27.48,9.07,-0.88,-10.14,13.87,18.09,24.55
17.11,33.84,18.49,-0.01,3.6,4.76,15.91,-3.89,-4.82,-6.91,18.12,21.87,27.03
17.93,27.06,16.57,12.12,9.73,6.22,4.68,-1.61,-3.96,-3.91,0.9,4.78,9.6
18.18,36.66,22.83,6.23,9.35,10.76,20.59,0.95,-3.37,-13.55,0.15,-2.94,2.34
18.38,37.0,25.05,11.38,8.87,6.69,14.38,2.07,1.12,-6.76,3.02,0.24,7.57
18.2,48.47,31.5,2.52,13.75,7.78,27.11,-2.44,-0.9,-22.75,3.77,-3.07,18.04
17.41,23.95,12.76,6.89,3.29,0.67,3.57,2.22,2.28,-2.49,-4.94,-10.29,-9.92
17.88,32.96,21.2,9.15,4.81,-0.07,5.34,-2.0,-0.93,-4.54,3.58,2.88,7.62
18.25,31.84,19.11,10.84,9.8,9.68,14.18,4.49,-0.92,-6.66,2.19,9.67,18.77
17.9,23.92,12.54,7.06,2.3,-1.73,-1.21,-2.73,-1.12,-0.65,2.03,4.3,8.38
17.86,34.23,21.24,4.99,6.56,4.69,11.06,-11.31,-18.55,-29.37,-10.52,-5.04,6.34
18.39,28.73,18.2,11.05,7.2,3.07,4.62,-2.11,-5.45,-10.35,-4.86,0.91,11.11
17.9,35.13,24.6,12.19,7.28,0.73,6.58,-3.78,-5.98,-16.65,-8.12,-5.84,8.0
18.14,30.5,18.3,7.6,5.84,4.59,10.91,0.71,-5.68,-14.22,-3.58,3.73,15.01
17.13,21.13,8.15,3.02,-0.32,-2.12,-1.85,-4.9,-6.25,-5.95,-2.45,2.72,9.06
17.84,40.86,26.63,4.67,9.88,7.88,24.02,-1.04,-6.42,-24.24,-2.17,-0.1,16.88
16.22,36.67,20.66,-1.71,-1.24,-5.69,4.97,-17.28,-18.93,-27.97,-7.46,-4.47,12.3
17.94,31.42,18.83,5.75,3.73,6.83,19.3,12.53,8.66,0.06,8.34,10.59,15.61
17.54,30.8,18.82,9.61,9.27,8.86,12.16,1.81,-5.04,-12.12,-5.85,-3.0,5.33
17.85,53.04,36.5,-7.96,3.38,5.43,42.15,1.51,0.05,-16.61,15.37,0.99,18.03
17.48,26.25,12.8,2.62,-0.09,0.85,10.08,8.38,6.89,0.86,5.41,9.45,14.88
17.15,26.31,13.7,6.61,8.42,9.13,12.62,0.72,-7.31,-15.24,-8.31,-2.59,5.92
16.98,24.85,11.1,4.23,3.77,2.59,3.06,-5.65,-7.39,-8.99,-3.7,-3.37,0.99
17.59,30.24,19.37,11.02,8.8,10.59,16.94,9.88,2.55,-6.42,-1.86,0.45,5.92
17.7,36.97,22.32,6.16,11.32,13.42,21.95,2.26,-1.89,-11.92,5.35,5.32,11.86
18.31,23.31,13.32,11.74,11.0,10.2,10.03,6.17,3.55,1.74,1.51,2.63,4.7
18.3,25.51,14.93,10.63,8.04,6.71,7.89,4.27,1.0,-2.89,-3.45,-3.88,-3.35
18.05,30.7,19.06,9.1,6.93,4.04,7.88,-0.34,-1.31,-3.84,8.57,12.55,17.32
18.26,23.8,11.94,7.15,3.51,0.97,1.25,-1.44,-1.8,-1.65,0.47,1.91,3.8
18.22,26.87,16.77,12.03,7.79,2.69,1.71,-1.75,-0.97,-0.33,3.34,3.65,5.24
18.41,28.05,18.39,11.93,6.78,0.05,-0.74,-7.08,-7.27,-8.58,-2.11,2.14,8.56
18.2,28.46,19.71,15.56,14.37,9.21,5.95,-8.16,-14.79,-16.92,-3.06,8.8,18.81
18.93,34.3,21.1,9.77,8.75,7.89,14.26,3.59,-1.97,-7.37,4.32,8.17,17.01
18.25,29.58,20.14,15.58,13.44,8.41,9.23,7.5,4.16,-5.73,-4.2,-2.41,2.26
18.58,28.96,18.61,12.69,11.18,9.74,12.23,3.28,-3.37,-11.35,-8.75,-6.51,1.56
18.55,42.84,29.72,8.12,16.04,14.0,26.96,-3.17,-8.38,-25.04,0.41,-2.39,9.24
16.73,46.2,27.94,-11.98,1.31,5.9,32.92,-9.07,-16.17,-32.92,4.67,-7.09,11.08
16.88,36.97,22.36,3.89,6.04,6.81,19.36,2.66,-0.53,-12.33,4.09,2.82,13.44
18.08,25.91,14.82,11.72,10.97,10.93,10.6,4.15,-0.9,-2.57,-0.05,3.94,7.96
18.32,51.03,32.74,-6.46,6.62,6.95,45.75,-8.11,-8.16,-21.03,25.04,13.46,29.38
18.0,44.56,24.49,-0.06,16.64,14.35,35.9,4.19,6.07,-4.73,18.08,7.79,21.81
17.88,27.83,17.1,12.55,15.52,16.34,16.46,2.39,-5.45,-10.49,-1.64,2.47,5.57
17.94,24.57,13.26,8.91,6.0,5.01,6.97,6.12,5.77,5.49,6.85,7.8,8.89
17.75,37.48,23.09,5.5,11.07,9.47,20.58,-1.88,-6.92,-21.56,-2.99,0.83,14.3
17.08,33.02,15.74,-3.86,-2.92,-2.75,10.01,-6.91,-8.37,-17.71,-3.84,-9.29,-2.37
18.01,35.78,23.14,5.94,6.14,6.6,21.02,5.91,-2.96,-22.33,-9.52,-3.56,13.69
18.51,27.59,14.95,8.28,7.64,8.81,12.01,6.76,3.96,1.69,7.05,9.74,11.96
18.29,26.97,17.02,12.77,9.69,6.68,6.74,2.73,0.9,-1.65,-0.03,1.23,4.19
17.59,50.88,27.11,-2.72,13.7,5.91,29.18,-6.44,4.14,-17.09,0.0,-21.52,6.01
18.14,38.45,23.59,3.44,9.57,12.02,30.0,6.66,-1.52,-20.09,-3.7,-4.71,11.36
18.28,40.49,32.17,8.54,0.36,-3.76,20.91,14.0,13.1,-10.37,-0.64,-1.22,13.92
17.58,25.14,12.79,4.95,2.01,1.84,7.33,2.8,-2.77,-11.01,-8.6,-2.86,6.63
17.9,24.06,13.46,11.92,14.2,15.33,15.07,3.84,-5.32,-12.17,-8.16,-3.33,1.41
17.83,26.79,14.25,7.11,9.52,11.18,14.41,0.86,-9.56,-19.63,-12.14,-6.27,3.61
17.72,27.47,15.41,8.67,7.6,7.47,9.36,-0.28,-8.22,-15.11,-9.7,-2.99,6.33
18.25,30.25,19.09,11.32,10.18,9.32,12.9,5.35,2.11,-3.46,-0.36,-0.89,2.21
18.07,44.15,30.86,-4.34,5.74,12.89,46.28,15.44,8.31,-16.05,4.16,-4.57,10.9
18.44,52.59,34.06,-5.06,11.35,13.67,58.91,4.55,2.47,-19.51,13.77,-0.94,18.51
16.99,23.01,9.08,1.69,1.46,3.58,8.33,0.11,-8.53,-17.0,-12.62,-5.14,5.89
18.22,44.13,24.03,-6.52,7.58,5.31,29.12,-7.71,-11.16,-39.42,-14.39,-18.22,7.88
18.17,31.74,20.29,11.05,11.55,8.2,11.04,-3.53,-6.8,-12.21,1.18,4.34,13.24
18.2,30.82,16.48,0.79,0.22,-0.79,11.0,-1.8,-7.76,-20.05,-8.93,-3.96,11.86
18.3,48.05,34.77,1.54,4.17,5.9,39.64,11.85,8.52,-16.34,6.78,-5.68,11.09
17.72,27.04,15.0,9.84,13.13,15.31,18.73,10.95,7.73,2.65,5.99,4.35,7.3
17.4,24.26,13.38,8.6,5.58,1.4,-0.19,-6.31,-6.99,-7.17,-3.73,-4.32,-3.78
17.85,30.2,19.48,10.75,5.29,1.93,6.67,4.32,5.87,3.23,7.26,8.0,10.93
17.96,33.79,22.34,9.27,8.34,9.54,21.48,9.18,1.64,-13.88,-9.01,-8.17,3.24
18.0,33.04,18.54,6.05,8.66,9.82,17.77,6.47,5.98,-2.45,4.0,-0.8,3.43
18.36,31.47,20.04,9.54,10.49,13.04,24.6,18.99,14.2,2.48,4.13,0.18,4.88
18.07,44.45,29.95,0.07,2.09,7.5,21.91,-4.03,-0.64,-13.89,12.75,4.94,10.4
18.07,23.82,11.84,7.42,5.04,3.59,4.3,1.36,1.28,1.97,4.76,5.64,6.62
17.52,30.26,16.81,3.71,1.04,-3.88,3.13,-1.9,3.3,0.35,9.34,7.24,13.77
17.85,54.91,39.01,-14.3,-7.63,-8.43,35.02,-8.73,6.18,-9.19,22.32,2.03,23.2
18.06,27.28,16.04,10.29,9.12,8.22,9.72,4.27,3.78,3.89,9.26,9.51,9.51
17.01,26.18,14.05,8.87,6.43,5.15,4.65,-1.39,-6.18,-8.85,-6.34,-1.3,4.69
17.54,28.37,17.86,9.93,3.54,-1.77,1.15,-1.6,-1.66,-5.89,-1.28,4.26,13.19
17.71,39.74,26.0,5.66,4.47,0.53,12.85,0.44,4.46,-8.01,1.22,-8.97,-0.68
18.48,33.99,21.41,6.84,6.08,8.48,22.91,15.79,12.64,-1.92,4.83,4.62,12.52
18.44,29.1,18.97,8.38,3.52,1.52,11.6,9.81,7.4,-3.36,-0.49,3.87,14.3
17.79,22.39,11.12,7.41,4.67,2.69,2.71,-0.85,-3.67,-5.85,-4.71,-2.22,1.21
18.23,27.51,14.46,7.85,8.19,11.29,16.65,10.94,5.46,-0.09,3.88,7.54,13.47
18.3,43.1,27.56,0.51,6.44,9.79,34.55,4.91,-0.83,-16.71,8.12,2.72,15.84
17.88,28.89,16.24,9.0,8.23,8.16,10.9,3.2,1.65,-1.03,6.16,5.91,6.9
17.96,25.07,14.9,11.3,9.18,7.38,8.14,3.34,-0.5,-2.89,0.55,5.85,10.77
18.29,24.46,13.88,10.4,10.5,11.33,14.39,10.03,7.58,5.01,8.23,9.13,8.99
17.81,23.49,11.85,6.55,3.73,3.57,7.88,6.78,5.08,1.39,2.3,4.59,7.92
17.65,33.55,20.93,7.6,6.9,3.31,8.51,-6.02,-6.57,-13.08,1.57,5.83,16.59
17.58,31.36,17.42,0.83,-1.21,-5.68,5.8,-1.07,5.47,-0.6,11.83,10.61,21.26
17.65,30.09,17.59,5.4,0.24,-4.11,2.51,-2.42,-1.3,-6.26,0.68,1.52,7.93
18.29,24.91,13.0,6.09,1.86,1.08,6.87,7.55,7.19,3.68,4.79,6.57,10.01
18.54,26.37,16.05,10.89,8.15,6.51,10.24,8.99,9.9,9.34,13.29,15.87,17.7
17.3,30.87,22.42,14.32,6.69,2.96,5.46,0.7,-0.53,-4.59,3.91,8.92,13.15
16.99,48.27,30.28,-12.49,-0.22,0.1,29.26,-6.13,4.83,-12.09,9.51,4.61,18.16
17.34,28.33,15.44,6.07,4.65,4.49,11.9,7.14,6.08,2.22,6.94,8.64,14.27
17.18,39.77,23.6,-3.65,0.03,1.08,22.38,1.19,0.47,-13.17,14.04,12.07,22.66
16.48,35.27,19.46,-3.47,-5.92,-8.41,7.14,-7.58,-6.4,-15.98,2.38,1.39,10.83
17.22,27.65,13.08,4.93,4.19,6.27,11.26,6.82,5.34,1.97,4.9,3.64,4.75
17.71,27.26,16.85,9.04,1.94,-0.78,5.72,8.13,8.05,2.38,0.3,1.36,6.05
18.28,27.66,15.58,9.26,8.18,8.46,12.23,8.72,8.88,8.61,12.1,10.95,9.31
16.84,25.18,11.59,2.46,-0.14,-2.96,-2.27,-12.03,-14.19,-14.34,-5.99,-3.61,0.03
17.51,26.56,12.95,6.99,5.17,5.23,5.88,1.75,-0.68,-0.83,1.15,2.43,6.23
17.8,27.85,17.34,13.25,14.26,13.53,14.32,6.14,4.16,2.55,5.23,3.06,1.95
18.07,31.2,19.13,9.9,9.59,7.51,12.36,1.84,-0.6,-5.81,5.33,9.92,18.67
17.58,27.56,16.54,9.68,5.22,-0.61,-1.23,-7.14,-7.57,-8.62,-3.23,-0.66,3.44
17.81,30.54,19.64,10.43,6.11,2.58,6.73,1.28,0.23,-5.16,-2.36,-3.88,1.2
18.35,29.48,18.56,10.26,5.22,0.07,3.53,0.4,1.57,-1.49,3.42,5.06,11.43
17.86,26.33,15.4,10.44,6.39,2.78,1.87,-2.53,-4.16,-3.17,2.23,6.74,8.37
17.65,27.67,16.63,10.22,9.26,7.7,9.86,0.95,-3.59,-7.27,2.88,11.04,18.63
18.05,26.11,14.17,7.36,3.39,0.74,2.75,0.46,1.54,2.6,8.35,12.4,16.37
17.61,35.23,23.42,8.66,5.15,0.98,9.81,2.99,5.79,-2.85,5.85,6.48,17.74
18.19,59.49,37.9,-15.92,3.3,-0.94,43.28,-11.72,-2.0,-17.1,16.44,-12.12,13.54
18.13,56.03,24.1,-11.59,19.7,-20.34,25.98,-18.95,2.51,-11.09,10.27,3.46,19.9
18.06,31.24,19.28,8.14,1.79,-3.47,2.07,-0.75,1.78,-0.29,6.78,7.47,10.88
17.87,53.76,29.57,-13.66,3.44,-10.81,17.82,-15.71,7.0,-9.92,13.82,-12.21,10.95
17.82,31.58,17.68,4.63,0.37,-3.77,2.12,-3.67,1.25,-2.17,5.02,1.45,7.8
18.0,30.74,19.27,8.83,5.33,0.45,2.41,-6.91,-8.92,-13.97,-4.58,-0.18,9.48
18.18,35.08,25.58,5.31,-3.42,-15.32,-1.26,-6.21,2.61,-7.19,7.2,6.57,24.36
18.27,27.01,15.54,7.81,4.97,-2.03,-3.86,-14.5,-15.48,-16.04,-4.82,1.1,10.13
17.79,47.84,31.58,-2.09,-2.92,-12.72,17.15,-7.27,-1.23,-25.73,2.24,-4.96,24.68
17.66,26.33,13.81,3.62,-2.87,-7.69,-4.13,-7.36,-7.23,-10.92,-7.16,-3.64,5.2
18.41,32.66,19.71,4.3,1.44,1.01,14.72,8.14,5.88,-7.88,-2.48,-4.14,3.98
19.0,32.46,22.48,13.3,9.08,3.1,5.17,-3.16,-5.05,-9.59,-0.03,4.04,10.98
18.31,23.72,11.38,5.72,2.94,1.6,3.36,-0.27,-3.23,-6.91,-6.2,-4.94,-2.12
17.45,32.61,18.4,2.33,-0.4,-6.13,1.16,-8.7,-5.75,-10.21,3.44,5.69,15.52
18.56,29.63,17.17,6.03,2.28,-0.12,7.03,2.77,3.38,-1.99,3.65,3.4,8.87
18.09,26.88,12.63,-0.01,-1.68,-5.04,-0.03,-12.3,-16.9,-24.1,-9.36,1.64,16.96
18.21,27.72,13.63,5.53,1.33,0.57,3.97,2.49,1.53,-0.91,-0.27,0.39,4.81
18.69,26.62,15.26,7.16,1.83,-2.88,0.8,-0.93,1.94,1.95,8.65,12.8,19.23
18.24,26.62,11.44,-1.15,-8.67,-13.19,-8.87,-11.52,-11.7,-16.18,-12.95,-9.75,-0.86
18.18,35.79,24.09,7.7,2.45,-2.69,7.41,-1.64,-3.52,-15.69,-6.09,-5.29,4.93
18.83,53.63,38.64,-10.2,-1.61,-7.21,37.8,-0.07,3.17,-31.69,-2.23,-13.95,22.87
18.02,25.79,13.67,5.79,0.49,-5.04,-4.28,-7.83,-5.31,-3.97,1.87,2.87,4.76
17.4,28.77,14.01,-0.33,-5.48,-8.02,0.54,-3.59,-2.32,-7.04,0.67,1.69,9.39
17.84,26.15,11.02,-3.46,-7.44,-8.25,4.38,2.83,4.57,-5.05,-0.55,2.18,16.82
17.42,31.58,15.01,-2.81,-8.21,-10.85,-1.06,-8.47,-9.9,-19.04,-8.25,-3.91,7.84
18.13,36.66,19.75,-3.29,-1.24,-2.9,15.19,-0.02,0.35,-14.56,2.34,3.69,20.33
18.52,44.71,28.67,-9.54,-2.99,-7.72,24.74,-0.5,3.14,-27.35,-2.01,-6.31,22.89
18.07,31.56,17.18,0.44,-2.47,-3.08,8.11,-1.31,-3.75,-15.2,-6.3,-4.24,9.18
18.5,32.58,16.85,1.22,-3.79,-5.26,5.68,-0.38,-2.98,-13.14,-3.63,2.98,17.02
18.79,38.56,22.58,-5.77,-5.66,-14.21,6.78,-12.29,-7.03,-26.9,-4.2,-1.69,27.45
18.29,29.06,16.13,5.3,1.24,-1.24,3.97,-2.78,-5.4,-11.07,-2.75,3.61,13.26
18.54,33.79,19.18,1.83,1.19,-1.75,10.1,-0.48,1.08,-5.52,11.34,13.99,25.05
18.47,32.7,18.4,3.59,2.48,1.65,12.42,1.47,-0.9,-12.31,-0.53,4.07,18.73
17.07,32.08,17.16,1.83,2.0,-0.47,7.98,-4.51,-4.26,-12.85,1.52,5.55,20.55
17.43,49.01,27.43,-17.88,-9.54,-18.2,14.17,-21.46,-9.59,-31.95,8.92,-0.68,26.65
18.52,35.0,22.09,5.47,1.96,-1.85,10.32,1.53,1.3,-10.87,-0.32,2.8,18.08
18.25,21.47,7.8,3.06,0.76,0.06,0.08,-3.96,-7.28,-8.73,-6.67,-3.05,1.46
18.91,35.32,23.38,7.63,2.38,-3.13,7.6,0.13,0.25,-12.63,-6.92,-6.2,8.52
18.73,36.32,21.83,6.03,6.13,3.86,13.99,0.28,-0.06,-13.38,-3.76,-6.35,7.93
18.49,22.55,10.15,4.98,3.04,1.52,2.68,-2.64,-6.76,-11.61,-10.8,-7.89,-0.66
18.45,42.73,26.66,-2.06,0.08,-2.7,19.05,-1.31,0.7,-18.61,1.74,-1.94,20.09
18.42,35.03,20.68,3.88,4.75,5.48,17.21,4.8,1.78,-10.31,2.1,1.54,12.56
18.26,26.35,16.73,12.24,10.21,6.78,6.76,-0.64,-4.85,-10.13,-7.71,-4.29,4.32
18.01,33.9,21.69,8.64,5.58,1.97,8.15,0.66,1.59,-6.71,-2.64,-6.28,1.03
17.48,27.75,16.06,7.41,1.76,-2.87,0.33,-1.97,-0.43,-2.97,0.3,2.86,9.67
17.66,32.83,20.69,6.48,2.14,-2.95,3.77,-6.61,-7.7,-16.47,-6.61,-2.96,9.82
18.37,27.16,15.18,5.67,0.36,-2.8,2.68,0.24,1.05,-1.33,5.07,9.48,16.08
18.26,35.07,21.58,5.72,3.64,0.06,9.56,-1.25,-0.66,-8.8,2.57,3.73,13.03
18.15,58.28,34.29,-12.72,5.0,-9.17,30.32,-18.35,-8.05,-23.19,21.54,-2.43,20.03
18.49,29.89,19.2,11.06,6.74,1.7,3.66,-1.15,0.03,-2.96,1.9,3.74,10.95
18.0,22.47,10.48,5.21,0.16,-4.57,-5.81,-8.45,-7.58,-6.8,-5.68,-6.15,-5.31
18.02,31.38,20.29,10.11,4.61,-0.31,4.83,1.08,1.69,-4.37,-2.21,-3.49,3.59
18.05,24.54,13.3,8.49,4.75,2.15,2.71,-0.51,-1.8,-3.04,-0.22,3.12,6.62
18.29,32.46,21.0,7.05,2.76,-0.39,9.34,0.51,-3.28,-15.47,-4.5,2.56,17.88
18.41,35.9,24.06,8.24,7.7,4.29,15.23,2.15,2.49,-11.56,1.98,5.68,22.82
18.15,31.75,21.26,9.25,5.15,-4.87,-3.61,-15.11,-11.04,-12.1,2.64,5.25,14.06
18.3,34.11,25.68,10.75,5.51,-0.98,10.63,0.91,-0.75,-13.84,-3.85,1.08,19.2
18.23,36.96,24.06,5.78,2.41,-1.86,9.2,-0.81,0.97,-7.77,2.12,-2.28,4.15
18.59,41.45,30.49,4.9,0.77,-6.58,13.52,-0.77,4.03,-12.41,9.91,10.09,28.06
18.43,32.54,24.92,17.25,12.98,3.56,0.58,-12.31,-10.82,-10.64,4.88,10.57,17.12
17.45,36.34,25.34,8.49,3.02,-3.55,10.35,4.35,8.37,-0.89,12.38,12.58,25.16
18.12,27.49,16.23,7.53,0.74,-4.05,-0.09,-0.48,1.27,-1.77,1.17,3.88,11.08
18.41,37.83,24.62,6.77,7.08,4.96,16.35,3.12,4.83,-4.27,9.52,8.31,15.5
18.02,25.24,12.64,4.59,1.03,-1.52,1.14,-3.77,-3.97,-4.17,2.96,6.45,10.11
17.78,40.04,20.76,-0.22,1.74,0.73,16.94,5.45,9.08,-0.77,12.74,2.87,11.88
18.13,39.4,24.23,1.12,1.06,-0.03,16.2,4.26,8.31,-2.83,13.57,5.61,13.84
17.79,23.61,11.79,7.65,4.51,0.9,-0.49,-3.75,-2.47,-0.32,1.37,-0.13,0.17
18.19,29.03,17.59,9.47,6.28,3.78,10.69,5.34,5.17,1.32,5.88,10.01,13.76
18.64,33.26,16.46,2.21,4.87,0.05,14.15,5.35,5.64,-3.3,5.56,2.23,0.99
18.38,24.98,13.02,4.55,-2.37,-9.46,-7.41,-6.71,1.74,5.61,10.68,10.03,13.7
18.47,33.31,21.69,7.68,4.27,-5.32,-0.71,-11.26,-5.9,-7.72,7.32,9.24,17.72
17.85,31.87,20.58,7.01,0.28,-4.3,2.55,-5.81,-8.92,-18.23,-8.26,-1.67,10.96
18.0,37.7,24.75,3.87,0.19,-2.56,11.67,1.1,1.21,-11.38,1.75,1.46,14.48
18.25,26.75,15.28,7.36,2.4,0.7,6.07,4.18,1.39,-5.48,-4.89,-1.87,5.77
18.66,43.9,26.81,-4.97,-0.03,0.9,33.31,11.58,11.07,-17.57,4.2,-2.58,20.17
17.66,26.01,10.61,-3.29,-5.18,-4.46,7.98,3.25,0.47,-11.9,-7.03,-2.3,13.1
18.4,32.47,18.49,2.82,0.58,0.62,14.58,8.46,6.2,-7.63,-0.15,3.78,21.05
18.01,28.27,15.66,4.4,-1.92,-6.99,-3.22,-7.04,-4.18,-5.94,-0.25,0.58,6.77
17.78,24.15,10.52,3.16,-1.41,-3.72,-1.43,-3.34,-2.79,-2.29,2.61,7.75,15.59
18.12,32.08,21.29,9.61,3.56,-1.96,4.7,0.41,1.9,-5.89,-2.81,-3.17,8.14
18.26,40.78,29.42,3.94,1.79,-7.77,10.88,-2.15,5.38,-8.56,7.74,-0.05,17.18
18.24,30.85,21.09,11.26,4.23,-4.26,-1.22,-3.08,3.37,0.47,2.3,-2.6,3.3
18.22,24.62,11.97,4.85,-0.04,-2.78,0.6,1.09,2.58,-0.52,-3.1,-6.19,-3.25
18.48,27.98,17.66,8.97,1.92,-7.26,-6.3,-8.09,0.02,3.06,9.98,8.72,12.89
18.12,35.72,21.98,4.94,1.28,-2.75,9.13,4.95,12.17,2.1,5.35,-4.06,4.22
18.29,22.66,10.76,6.63,5.01,1.8,-0.34,-7.14,-10.3,-12.38,-9.85,-7.83,-4.01
18.47,36.68,23.1,5.26,1.46,-2.05,11.19,3.12,2.6,-11.08,-3.09,-2.98,13.18
18.51,47.21,34.78,-2.44,-8.0,-7.45,25.23,0.1,2.3,-13.64,15.23,1.2,10.73
18.21,25.59,12.61,4.71,2.3,-1.64,-1.91,-11.28,-12.82,-13.21,-2.57,5.11,15.83
18.17,41.49,27.71,3.51,2.4,-1.93,18.24,6.01,9.84,-7.48,7.32,3.99,17.74
18.22,29.02,17.37,7.6,2.67,-2.81,-1.0,-8.62,-9.67,-12.33,-2.34,4.78,15.51
18.01,46.26,29.36,-2.9,1.65,-7.51,13.19,-14.44,-7.02,-24.73,2.8,-1.97,18.78
18.65,37.95,23.97,4.94,7.25,4.45,14.02,-6.53,-7.52,-18.03,1.43,1.43,17.12
18.48,27.96,16.77,9.53,6.62,3.97,7.01,2.55,2.59,0.3,3.69,4.55,10.86
18.06,32.06,17.82,5.08,4.85,5.35,15.4,4.86,0.29,-9.38,-0.0,0.78,8.99
18.09,25.81,13.4,6.01,3.31,2.32,6.86,3.39,0.68,-4.25,-2.6,-1.48,3.38
18.08,50.28,29.31,-12.44,1.96,-4.6,38.32,4.01,9.4,-16.21,17.7,4.42,23.96
18.42,39.48,29.2,9.0,2.0,-4.23,13.57,6.44,8.95,-7.76,0.84,0.47,17.73
18.22,29.67,18.94,9.3,3.59,1.91,9.14,8.29,5.68,-1.93,0.44,5.18,12.42
17.8,37.42,24.1,3.08,2.02,-3.13,13.38,0.5,3.67,-8.12,13.67,16.65,30.95
18.0,22.87,8.58,-1.19,-5.87,-11.19,-9.89,-12.85,-5.77,0.55,12.63,16.41,22.15
18.37,27.62,15.52,7.28,3.9,0.04,2.33,-1.44,1.53,2.7,9.51,9.96,11.96
17.5,36.14,21.67,2.6,0.03,-3.12,8.07,-4.74,-3.08,-9.77,2.81,-1.3,5.95
17.36,33.88,19.8,3.28,0.44,-1.6,8.41,-1.41,-1.7,-10.71,-2.34,-3.19,4.23
18.09,27.82,14.85,6.94,5.9,4.34,6.71,-0.71,-0.24,-0.13,8.08,8.3,10.55
18.34,25.04,13.67,8.48,5.33,2.81,4.64,3.35,4.59,3.09,2.34,0.17,1.86
18.68,27.66,15.84,10.5,8.07,7.91,10.5,9.33,9.39,8.5,9.5,9.57,9.74
16.87,21.31,8.26,2.81,1.18,1.2,4.86,2.64,0.5,-3.39,-3.3,-2.17,0.7
16.91,26.87,14.38,3.31,-3.45,-8.44,-2.89,-4.47,-2.09,-5.68,-1.78,-1.88,2.4
18.33,25.04,14.57,10.77,9.62,5.92,3.6,-3.4,-2.85,1.6,11.52,16.17,17.82
18.61,33.59,22.41,9.17,5.56,2.85,12.5,7.05,7.99,-1.42,1.69,-1.53,5.72
18.21,31.93,18.14,5.73,5.48,3.28,9.84,0.16,-0.44,-6.29,1.32,0.75,7.74
17.92,49.83,28.8,-8.91,-0.19,-6.59,24.95,0.81,11.88,-13.45,12.67,-10.74,12.26
16.72,22.19,9.41,2.05,-4.26,-8.39,-6.55,-5.79,-1.67,-0.51,2.0,3.11,7.51
17.51,25.46,14.08,8.16,4.44,1.12,2.57,-1.95,-4.01,-10.41,-12.86,-15.18,-8.94
18.24,26.67,15.77,10.96,10.2,9.72,12.57,7.49,3.25,-4.47,-7.63,-10.07,-5.7
18.42,31.33,18.52,8.93,5.99,6.32,14.77,13.68,13.08,3.06,-2.43,-9.13,-4.91
18.27,26.15,15.59,9.72,4.89,0.12,1.83,2.59,7.78,9.55,9.16,2.91,-0.86
18.56,42.38,26.27,-2.44,1.62,3.05,31.24,17.53,21.1,-3.1,8.63,-7.82,5.67
18.4,41.15,29.6,8.7,7.33,5.43,24.28,13.42,11.63,-8.31,0.71,-0.57,16.25
18.04,21.0,8.7,3.99,0.51,-1.42,0.63,0.56,1.44,0.52,0.03,0.32,5.71
18.31,25.95,15.57,12.17,11.59,8.88,6.65,-2.09,-5.73,-7.3,-2.7,0.73,5.81
18.13,22.76,11.97,9.84,8.53,6.36,5.48,2.38,3.34,5.0,7.13,7.24,8.65
17.95,25.38,14.51,10.87,10.71,9.17,9.26,5.11,5.99,5.93,7.81,4.9,4.04
17.88,32.36,24.23,10.74,1.38,-10.23,-4.25,-10.07,-6.06,-12.57,-2.54,0.59,11.32
18.09,32.91,21.29,9.01,4.1,-0.95,6.31,0.27,-1.06,-9.54,-1.36,3.17,14.96
18.25,42.44,24.82,-7.87,-7.73,-7.81,21.6,1.02,5.23,-14.45,7.9,3.06,26.74
17.95,27.22,14.7,4.56,0.73,-0.68,6.51,2.62,0.69,-6.69,-1.97,2.36,12.92
18.27,29.98,16.9,7.56,5.43,2.99,4.45,-4.56,-7.1,-9.61,1.47,8.14,17.05
18.3,25.51,12.95,6.02,4.01,1.71,2.75,-4.24,-6.27,-7.97,-1.77,2.07,7.9
18.12,34.62,24.86,10.86,5.08,-1.9,4.69,-5.89,-7.82,-17.5,-7.02,-3.07,8.61
18.37,29.17,18.83,11.39,7.35,3.16,4.49,-3.27,-6.37,-9.67,-1.97,4.15,13.55
18.71,29.58,18.42,12.15,7.43,4.47,6.25,4.11,4.31,4.32,6.86,7.44,9.45
17.99,35.18,24.84,7.8,0.67,-8.2,2.49,-8.7,-6.28,-19.5,-9.5,-7.66,13.12
17.86,40.06,26.27,4.92,5.39,-7.05,1.71,-18.21,-14.93,-26.28,-2.36,-6.85,9.56
17.55,26.37,15.76,10.16,5.99,1.99,1.86,-2.57,-2.8,-2.9,2.37,6.92,12.4
18.18,29.55,20.29,10.57,5.23,-0.46,4.77,-0.32,-1.6,-9.16,-1.46,7.07,21.04
17.88,24.51,13.45,9.41,9.29,8.16,7.07,-1.64,-4.76,-4.8,2.72,8.59,12.34
18.2,25.49,13.33,6.97,5.68,5.74,10.39,6.66,5.5,3.75,9.5,12.17,14.23
18.77,33.31,19.68,5.7,4.73,1.48,12.81,7.51,9.21,-2.71,2.96,3.86,11.78
18.69,40.98,24.24,0.17,7.15,-2.98,16.94,4.06,13.65,-8.21,14.56,23.32,18.93
18.35,37.48,22.03,0.48,1.62,-2.71,8.93,-10.83,-13.34,-25.87,-5.91,-7.18,7.44
18.29,31.83,18.96,3.22,-0.71,-4.89,3.54,-6.6,-5.65,-10.23,6.05,12.16,23.96
18.38,29.74,19.1,11.26,7.3,4.1,7.21,1.06,-2.63,-9.0,-4.9,-1.23,7.13
18.37,28.5,16.16,8.12,4.47,3.57,8.37,4.87,1.4,-4.03,-0.26,5.08,12.93
17.6,23.66,11.04,4.61,2.08,-0.06,1.91,-1.29,0.94,3.63,10.9,14.43,16.24
17.53,27.24,14.59,4.98,1.76,-2.33,-0.35,-9.55,-10.99,-13.11,-3.29,0.95,7.9
18.39,58.53,36.0,-11.8,4.68,-1.83,42.33,-13.58,-3.62,-21.19,21.73,1.63,14.62
18.12,34.02,21.97,5.12,-0.38,-3.85,6.04,-2.24,-6.74,-19.51,-12.45,-10.15,2.46
17.77,29.89,17.03,3.31,-2.32,-5.86,3.15,-2.28,-5.97,-19.09,-15.05,-11.45,4.15
18.28,30.07,16.47,3.76,-2.31,-4.9,2.01,-2.66,-4.07,-8.6,0.62,7.72,18.59
17.96,29.23,17.06,7.23,5.13,4.26,10.94,4.81,1.56,-5.03,3.36,9.82,18.3
17.37,31.31,20.01,3.84,-2.68,-6.12,6.74,1.56,-2.61,-17.49,-10.66,-4.07,12.06
18.04,57.24,36.43,-18.78,-7.38,-1.49,41.29,-9.89,-5.0,-19.51,21.55,-9.2,9.1
18.63,28.85,17.95,9.35,7.95,6.55,13.79,7.57,4.19,-5.17,-1.32,0.45,8.28
18.44,56.49,32.64,-16.61,-1.96,-10.85,31.18,-9.38,9.9,-11.78,14.09,-4.6,13.74
18.05,45.5,23.24,-5.47,3.96,-7.22,15.59,-5.12,8.42,-9.48,9.65,-1.73,16.47
17.69,29.63,16.41,4.22,0.0,-1.71,6.63,2.36,0.93,-7.13,-2.25,-0.3,8.01
18.58,30.37,16.42,5.76,5.47,7.2,15.59,9.52,7.52,0.47,5.27,4.12,7.84
17.68,25.79,15.38,11.65,10.25,7.19,6.22,2.18,3.48,3.85,5.52,3.77,4.92
18.16,30.41,18.56,8.35,5.59,3.24,8.72,2.8,4.27,1.06,5.87,3.52,7.99
18.55,36.98,19.49,-4.57,-1.03,2.19,20.64,5.82,7.72,-4.04,14.86,7.09,17.22
17.97,46.53,30.99,0.8,7.36,-1.96,23.19,0.91,6.11,-13.41,1.24,-10.22,7.25
18.26,38.19,23.76,1.98,4.61,8.74,28.13,10.4,4.38,-12.5,4.45,2.47,15.17
17.73,26.58,13.64,4.72,2.87,3.81,9.74,3.7,-0.47,-5.24,1.47,5.79,12.18
18.53,32.9,18.61,5.12,7.86,7.53,14.21,0.36,0.69,-3.45,10.05,8.86,14.14
18.05,39.74,24.81,-1.2,0.68,3.2,27.69,7.46,1.96,-16.0,6.43,3.64,16.07
18.28,41.24,28.34,-0.81,-4.62,-2.64,20.34,-0.39,-5.5,-23.0,3.81,0.57,12.43
18.4,46.08,25.91,-6.08,-0.81,-5.24,15.96,-9.46,-4.38,-21.26,3.82,-11.06,6.23
18.45,46.04,33.04,-1.03,-3.46,-5.53,30.8,8.34,6.9,-20.07,1.3,-6.01,17.12
17.73,30.06,19.21,12.83,13.77,12.88,15.91,3.68,-3.52,-12.18,-8.07,-6.44,1.93
18.14,27.74,16.69,9.65,6.11,4.68,8.86,6.55,5.57,1.37,3.42,4.87,11.0
18.05,47.62,33.93,-2.98,-0.01,-2.96,29.76,4.06,8.7,-19.3,11.43,8.09,32.59
17.87,42.65,24.58,-7.71,1.19,2.62,29.97,-2.85,-4.12,-27.71,3.51,1.16,25.03
17.92,26.7,12.53,3.3,4.57,7.98,15.28,6.89,0.73,-6.08,2.82,10.64,23.76
17.96,32.85,17.95,1.6,2.02,2.45,13.42,0.08,-3.71,-14.64,-2.56,-0.09,10.3
18.07,52.24,35.69,-6.92,3.7,2.93,31.67,-8.63,1.07,-19.87,12.55,2.9,21.4
18.14,29.28,17.32,7.67,3.16,0.09,4.76,0.91,0.71,-4.06,-0.58,-0.24,4.1
18.4,25.92,13.17,6.18,1.57,0.68,4.01,3.72,3.9,2.88,5.51,8.56,10.85
18.39,24.16,13.29,9.4,6.78,3.8,2.77,-1.1,-1.07,0.16,4.32,6.29,7.46
18.66,35.33,24.53,5.65,1.49,-4.4,6.17,-6.63,-3.87,-10.83,8.13,11.46,22.93
18.63,54.51,33.11,-14.12,-0.42,-11.42,27.6,-25.01,-16.38,-28.9,17.56,4.91,28.75
17.97,24.27,12.77,8.16,5.59,3.03,3.61,0.7,2.17,3.94,7.98,8.96,10.14
18.48,29.84,18.13,8.65,4.56,0.24,3.79,-1.47,-0.75,-3.68,2.21,3.08,7.55
