17.49,19.22,14.82,13.51,1.58,13.46,11.72,13.59,0.22,-4.28,-9.85,-4.16,0.04
17.5,44.14,24.5,-5.38,6.56,5.41,30.94,6.41,5.74,-16.81,5.7,-4.01,20.69
17.07,46.27,32.41,-2.22,2.06,5.6,37.65,10.49,5.82,-24.56,-2.93,-11.8,11.65
17.27,36.64,22.27,3.53,5.29,6.78,24.06,9.48,4.76,-15.34,-6.54,-6.98,10.18
15.84,24.61,10.64,1.29,0.95,2.53,10.01,3.48,-1.64,-10.83,-6.89,-1.61,9.03
16.38,27.75,15.8,3.39,-0.28,-1.54,9.02,2.23,-2.01,-14.5,-10.51,-10.8,-1.5
17.4,39.51,26.3,-3.49,-1.02,0.89,34.17,16.83,16.04,-17.91,-4.68,-18.46,2.69
17.22,27.79,16.19,4.82,0.98,-0.27,10.6,8.38,5.7,-9.29,-13.3,-16.61,-5.78
17.26,45.07,27.36,-11.21,4.15,5.49,44.89,11.2,8.67,-41.23,-17.35,-29.74,8.77
17.11,28.63,14.04,0.92,4.11,8.15,21.86,8.57,-3.16,-26.49,-21.82,-16.55,5.61
16.46,37.89,19.86,-10.12,-3.86,-6.29,19.69,-4.58,-7.95,-40.1,-21.14,-17.87,12.44
16.02,29.19,18.24,7.13,1.51,-0.78,8.51,4.19,-1.72,-15.8,-15.49,-10.95,3.4
16.38,41.79,25.41,-4.5,4.17,10.6,36.1,10.7,8.34,-24.51,-10.77,-24.19,0.72
16.87,27.65,15.15,7.57,8.76,11.62,17.42,8.05,-1.56,-14.99,-14.53,-11.13,0.83
16.35,30.65,16.86,1.96,4.65,7.54,21.03,6.04,-4.91,-26.12,-19.98,-15.95,2.91
15.25,21.45,4.11,-3.79,-2.36,1.27,3.51,-7.26,-15.26,-21.17,-14.87,-9.68,-1.77
16.7,38.06,26.13,0.36,0.27,4.81,34.85,18.03,5.1,-32.92,-19.21,-21.48,5.53
16.21,38.5,24.23,0.87,6.14,7.5,32.86,11.6,10.93,-22.79,-11.65,-18.73,9.98
16.19,30.46,14.75,1.31,9.61,15.26,28.2,11.07,2.32,-17.46,-12.95,-16.42,-3.33
16.22,48.91,29.35,-10.06,3.68,6.56,41.64,4.23,-0.68,-21.22,3.78,-14.17,8.86
17.73,30.64,20.38,11.34,10.55,10.89,20.74,13.11,4.78,-11.47,-10.7,-7.52,5.15
17.78,30.4,19.91,11.45,8.38,8.65,16.36,12.37,6.32,-6.1,-8.45,-6.9,1.06
17.23,23.98,13.15,10.41,11.44,12.62,14.63,7.41,0.15,-6.6,-4.53,0.55,6.38
15.24,28.97,13.03,0.07,3.28,6.27,15.52,7.16,3.13,-7.06,-6.81,-11.94,-7.31
17.1,36.63,22.91,2.11,3.18,5.88,28.76,19.48,16.25,-6.54,-0.8,-6.33,10.4
16.53,32.7,15.96,-5.0,-3.84,-0.63,14.41,-1.16,-5.13,-20.85,-10.06,-11.53,0.87
16.84,37.29,21.75,-3.62,0.23,6.44,30.29,10.22,3.47,-18.74,0.97,-0.65,13.84
16.53,39.35,24.54,-2.28,1.28,1.67,25.29,5.02,-2.47,-31.0,-12.42,-10.34,15.54
16.31,27.55,14.06,1.26,-0.98,1.24,14.67,11.46,6.66,-7.05,-6.42,-5.3,4.17
15.78,28.93,13.47,-3.24,-3.8,-0.71,12.72,2.66,-1.86,-14.17,-6.33,-5.57,2.95
17.74,51.8,33.73,-10.84,0.8,2.94,40.81,-6.19,-9.09,-36.26,0.71,-13.02,14.89
17.1,29.61,15.42,6.57,6.09,4.16,4.29,-7.82,-11.78,-16.68,-10.17,-9.43,-1.8
15.93,43.86,26.37,-12.9,-4.61,-2.14,34.4,-0.47,-6.77,-41.23,-7.29,-8.35,27.0
16.3,42.53,28.53,-8.41,-5.08,-3.14,33.93,13.59,10.67,-23.43,-2.7,-9.24,15.93
15.82,39.47,20.33,-7.68,-1.47,-0.36,20.9,-2.74,-1.81,-20.14,0.01,-6.82,10.47
16.17,28.72,12.2,-5.56,-3.11,1.28,16.19,2.12,-5.16,-20.4,-8.2,-4.47,9.49
16.97,29.86,12.57,-4.49,3.4,9.74,26.35,6.74,-2.9,-24.42,-16.59,-19.44,-4.94
15.18,22.62,9.23,-2.68,-6.91,-6.47,5.47,3.19,-2.97,-19.73,-18.94,-10.98,5.72
16.27,33.67,17.63,0.14,5.81,7.25,20.96,0.91,-5.17,-19.19,-6.13,-4.52,6.85
17.08,26.13,12.53,1.12,-1.33,0.3,11.18,7.41,2.37,-9.73,-8.31,-6.23,3.52
17.3,32.43,15.9,2.01,9.38,10.47,18.07,-0.16,-4.67,-15.43,-5.79,-11.35,-2.65
16.88,30.02,15.86,4.88,7.4,9.5,15.91,1.53,-3.83,-12.26,-2.38,0.89,10.19
16.24,22.72,10.9,7.0,5.96,5.61,7.41,2.18,-3.08,-9.86,-10.98,-8.78,-1.83
15.97,43.1,24.02,-8.43,0.02,4.95,36.28,8.91,5.72,-26.28,-5.16,-14.47,9.67
16.1,53.07,30.75,-24.91,-1.56,0.47,35.95,-0.81,7.81,-23.29,5.73,-17.02,17.57
17.0,30.3,15.79,3.68,7.56,11.65,23.24,9.66,1.12,-14.62,-9.14,-8.76,3.16
16.6,29.83,14.48,-1.74,3.2,9.4,28.77,16.51,8.57,-15.56,-11.96,-14.33,3.34
16.33,29.01,15.72,1.28,3.49,7.36,22.95,12.66,4.88,-13.47,-6.13,-5.02,7.09
15.84,21.48,6.6,-2.43,-2.32,-0.47,6.01,-1.4,-7.02,-14.73,-8.07,-1.7,7.13
16.61,48.43,22.6,-16.09,7.24,6.47,35.86,-0.83,6.41,-22.29,4.66,-11.86,15.58
17.17,35.74,21.16,-3.22,-1.15,2.78,27.11,7.89,-1.24,-28.71,-10.62,-6.7,15.84
17.24,36.65,20.9,-1.04,2.32,4.65,24.31,4.02,-3.45,-28.71,-14.17,-10.65,13.96
16.81,29.64,15.77,3.87,3.76,5.01,13.54,4.72,1.54,-6.85,-0.87,1.35,8.75
16.37,24.38,8.69,1.7,11.18,18.84,26.2,7.69,-6.54,-23.54,-17.0,-10.7,6.88
16.16,47.09,24.79,-22.31,-4.49,1.3,37.09,-5.06,-1.25,-40.41,-11.34,-26.23,-1.84
16.14,27.41,13.07,2.08,3.19,6.83,14.74,3.14,-8.62,-21.95,-15.6,-9.37,1.97
17.15,38.31,24.65,0.1,4.86,8.26,34.73,12.29,0.86,-30.69,-14.89,-11.6,13.94
16.28,27.0,12.4,-0.43,3.05,6.27,16.11,-1.5,-14.18,-32.52,-23.01,-17.13,-0.03
17.79,32.18,20.57,9.1,11.68,16.2,28.93,14.43,1.36,-19.83,-13.21,-8.33,7.37
17.05,24.25,11.16,5.85,6.78,8.72,11.42,3.54,-3.49,-9.22,-5.06,-0.18,6.43
15.39,40.79,22.86,-11.42,-2.43,0.9,29.96,-0.3,-9.02,-33.5,-9.91,-13.29,7.9
15.65,40.58,22.76,-9.57,0.48,6.25,31.27,4.99,2.44,-21.29,1.25,-4.43,12.97
16.3,23.46,8.85,0.18,6.45,14.14,25.22,13.89,4.58,-8.64,-1.93,2.67,13.44
15.98,34.68,19.38,-3.96,3.33,6.56,30.4,12.32,7.31,-20.31,-4.83,-2.29,22.41
16.96,49.6,27.77,-14.73,4.85,1.3,38.21,0.64,6.1,-27.07,-1.09,-14.6,14.8
17.15,26.14,14.34,0.78,-4.54,-6.3,7.86,6.86,4.38,-12.08,-12.75,-11.66,3.04
17.43,40.79,25.88,-7.86,0.16,3.91,40.27,14.01,7.53,-34.82,-15.1,-21.82,11.55
16.25,28.33,12.91,4.62,3.55,5.66,8.43,-1.35,-9.02,-15.34,-13.89,-11.09,-5.9
16.73,46.41,29.27,-8.16,-0.13,2.44,40.85,10.62,5.97,-28.41,-3.77,-14.04,18.38
15.78,23.03,7.59,1.29,2.91,5.97,6.65,-6.77,-18.54,-25.46,-17.74,-7.87,3.01
16.39,34.17,20.72,-2.38,-0.19,3.43,32.39,18.39,9.92,-22.29,-10.29,-5.23,22.07
17.23,25.79,12.3,2.86,6.18,11.81,23.82,14.44,5.68,-10.45,-6.22,-2.38,11.32
17.39,21.14,8.15,4.99,10.33,15.37,20.37,12.38,5.61,-2.34,-0.46,2.4,10.02
17.33,22.06,7.89,-2.01,3.89,9.87,25.03,14.32,5.12,-16.02,-10.58,-2.7,22.73
17.12,24.85,12.55,7.17,10.6,14.07,19.37,10.4,2.21,-7.23,-2.3,3.43,14.39
16.36,41.36,28.55,-4.29,1.25,4.6,36.44,8.89,2.98,-28.42,-7.38,-10.16,19.1
16.44,38.54,21.75,-4.41,5.69,8.41,31.82,6.7,0.31,-28.96,-9.86,-9.8,16.82
16.15,22.85,7.59,0.62,6.24,13.52,21.09,7.62,-6.47,-21.73,-15.48,-5.39,11.46
16.91,38.06,24.94,-2.71,1.06,2.37,34.18,15.48,10.78,-25.78,-10.57,-11.15,20.86
15.45,24.81,10.06,-1.63,-2.75,-2.84,6.06,0.67,-0.61,-9.0,-3.72,-1.91,9.14
16.44,26.89,12.13,-3.51,2.51,8.46,28.94,16.53,9.01,-15.98,-9.91,-6.8,16.68
16.84,40.55,23.25,-11.61,-5.63,-3.88,30.41,5.9,6.29,-19.59,5.56,-0.21,23.65
16.89,34.04,20.47,1.65,3.93,9.66,28.96,11.25,0.88,-22.16,-10.31,-7.91,6.01
16.81,34.1,19.07,2.09,7.73,12.2,27.43,7.4,-3.25,-21.53,-7.61,-2.26,14.14
17.33,41.59,26.19,0.79,10.49,15.02,38.36,8.82,2.38,-25.12,-2.8,-5.59,16.62
17.54,26.99,14.76,9.63,12.16,15.83,19.77,9.38,-2.62,-14.79,-16.63,-15.17,-8.13
17.17,27.71,15.0,5.47,1.89,1.71,9.15,5.35,2.22,-6.1,-4.34,-3.06,3.68
16.52,30.78,14.97,0.61,3.18,6.93,21.61,11.92,6.83,-10.6,-5.26,-6.26,6.75
16.61,25.78,11.9,1.71,3.96,8.64,22.26,16.73,9.83,-6.01,-6.42,-4.98,6.89
16.05,35.1,18.37,-6.0,-0.78,4.21,27.55,10.86,8.05,-13.67,-0.41,-5.56,9.22
17.79,27.8,14.13,4.67,7.62,12.15,23.42,16.49,11.83,-0.01,0.49,-1.74,3.4
17.48,34.68,21.73,0.66,3.44,9.48,32.81,17.83,8.51,-13.81,-0.61,0.7,13.53
17.53,25.79,13.91,7.25,4.4,4.45,10.76,10.46,10.2,4.79,2.07,-1.18,1.15
17.04,31.08,16.36,7.04,13.74,18.64,25.5,7.61,-0.97,-11.65,-2.07,-2.15,6.98
17.53,25.66,13.41,4.78,6.3,11.31,22.02,13.04,3.23,-10.25,-5.12,0.52,10.67
17.6,31.81,12.17,-6.04,6.83,12.59,27.95,1.54,-5.45,-24.05,-3.04,0.67,22.37
17.21,32.15,18.05,0.92,5.78,12.27,29.93,10.66,-0.68,-18.89,-4.07,-3.01,8.95
17.79,50.23,31.24,-6.5,11.46,14.81,43.38,-5.65,-9.27,-30.05,5.63,-10.93,6.77
17.35,54.25,37.65,-17.34,-5.72,13.16,53.48,-12.9,-17.29,-29.82,14.81,-22.08,10.2
17.3,42.04,25.86,2.71,8.83,4.13,17.09,-6.58,-8.29,-25.62,-4.27,-5.93,8.26
16.29,24.88,11.55,2.53,2.04,3.25,9.08,-0.66,-9.02,-17.68,-11.1,-3.89,5.43
17.09,26.97,16.61,9.34,9.33,10.95,18.32,8.89,-2.4,-15.88,-10.08,-0.38,12.08
17.1,29.25,16.23,5.35,7.28,10.56,19.04,6.92,-2.21,-14.29,-9.23,-5.94,4.34
17.53,34.91,19.16,2.39,10.79,17.64,33.72,15.59,8.38,-11.16,-3.18,-7.29,4.08
17.71,25.2,13.7,8.61,7.87,9.45,14.19,11.1,7.33,0.8,-0.43,-0.28,3.83
17.6,30.25,20.42,12.42,11.34,12.04,18.62,12.57,6.92,-1.77,1.8,3.2,5.55
16.53,45.96,31.74,-0.83,2.93,6.75,33.99,2.97,-4.43,-28.46,0.21,-6.87,14.98
16.41,51.83,35.92,-13.47,-7.08,2.24,38.45,-5.97,0.27,-22.72,8.65,-13.99,10.38
17.42,30.01,15.88,5.2,9.66,12.67,21.86,10.35,4.9,-6.38,-4.15,-7.2,-0.27
17.5,27.35,15.08,5.98,5.43,7.62,16.68,10.85,6.53,-2.39,0.13,-0.56,5.54
17.64,32.2,19.81,8.51,10.65,12.95,24.62,13.02,5.98,-9.83,-7.92,-8.92,5.67
18.04,26.32,15.28,10.77,11.39,12.43,14.54,3.03,-7.05,-15.63,-10.55,-3.29,6.87
18.34,26.94,15.82,9.52,6.76,6.25,10.45,6.76,2.9,-4.11,-4.41,-2.69,3.1
17.76,24.44,14.16,10.7,8.11,5.29,4.56,0.14,-2.39,-5.17,-5.16,-5.39,-3.5
16.71,23.17,11.63,7.99,6.6,4.96,4.73,-0.14,-1.41,-1.74,0.23,-0.05,0.61
17.22,30.54,16.18,4.69,9.67,14.06,24.86,8.52,-2.49,-20.31,-11.9,-6.06,13.68
17.6,40.37,29.71,5.11,-0.39,0.32,27.92,12.78,6.32,-16.92,-2.78,-1.11,15.84
16.25,26.38,13.89,9.38,12.75,13.21,11.36,-4.38,-14.72,-19.39,-11.43,-5.92,0.87
17.09,28.56,17.3,9.47,6.8,5.08,7.33,-1.99,-7.14,-10.88,-3.63,1.01,4.74
17.11,24.83,12.92,9.61,9.7,11.02,11.68,5.59,-0.18,-5.1,-4.75,-2.34,2.25
17.03,32.54,19.2,4.61,9.63,15.3,32.61,18.04,7.94,-12.66,-3.79,-2.2,12.83
17.2,38.81,25.13,-1.07,3.62,8.33,35.37,11.01,1.9,-22.4,-1.19,-1.04,18.81
17.39,27.62,15.1,5.87,6.88,10.17,20.13,11.26,2.82,-9.35,-3.16,3.26,14.0
18.13,29.4,17.77,10.36,13.29,16.19,22.42,11.36,2.23,-7.78,-2.25,2.33,11.09
17.08,23.82,13.11,9.52,6.56,4.78,5.5,1.11,-3.75,-8.49,-8.65,-5.82,-2.17
16.31,22.78,11.15,5.23,1.8,0.47,4.1,1.75,-1.88,-8.25,-9.12,-7.32,-2.04
16.94,47.71,29.84,-10.23,0.61,7.39,38.39,0.09,-1.15,-27.81,4.85,-4.32,20.28
16.63,39.13,23.45,-2.88,0.38,-0.01,19.49,-0.84,-3.73,-19.57,3.89,1.88,14.62
17.06,26.41,13.54,6.5,9.05,11.29,15.9,6.16,0.62,-4.62,0.93,3.42,7.57
17.18,23.71,10.45,6.64,7.2,10.04,10.81,5.3,0.12,-1.2,0.81,3.31,5.92
17.43,28.5,16.53,10.01,13.55,15.62,18.3,5.43,-1.43,-7.84,0.27,3.75,9.21
18.05,27.82,16.15,9.55,8.79,12.11,19.16,15.11,8.7,0.03,1.01,3.49,7.31
17.26,24.18,14.63,11.89,7.72,4.84,6.13,6.18,4.83,-0.22,-6.53,-10.12,-8.6
16.07,29.04,14.43,3.64,1.07,2.3,8.82,5.23,3.65,-1.82,-0.29,-1.9,3.27
17.04,40.48,25.65,-0.12,1.23,6.21,30.68,11.3,5.97,-15.14,4.34,-0.0,11.63
17.43,32.97,19.97,7.16,6.78,6.51,14.69,3.6,-1.46,-11.63,-0.3,5.17,16.66
16.75,37.07,22.09,-0.32,1.22,2.95,23.03,8.17,3.57,-13.4,1.45,1.39,15.57
17.78,27.04,15.55,9.73,8.43,10.59,15.95,11.19,3.67,-4.94,-4.4,-0.17,6.43
18.02,33.65,22.74,9.68,7.81,8.35,20.69,11.98,4.38,-11.6,-4.45,-2.04,5.44
16.47,27.8,12.7,0.29,-0.72,1.92,9.98,-0.22,-8.67,-20.1,-13.29,-8.05,1.72
16.79,53.28,29.37,-12.14,14.34,7.81,30.72,-11.61,-6.75,-26.11,3.67,-11.73,9.93
17.18,48.83,32.82,-1.43,6.11,7.52,32.44,-7.82,-8.85,-22.48,11.3,-0.78,17.64
16.86,22.5,9.99,6.01,6.99,5.13,3.56,-4.29,-3.01,1.04,7.5,7.08,6.08
17.89,35.26,20.4,3.3,8.98,11.69,24.63,2.12,-3.1,-15.04,3.41,3.46,12.54
18.29,25.36,15.82,12.88,9.37,5.8,4.18,-0.71,-3.87,-5.84,-4.64,-3.12,-0.76
18.34,26.77,15.38,12.63,12.59,14.51,16.12,12.66,9.04,6.23,4.48,2.79,2.79
17.66,26.88,17.37,14.44,12.18,8.71,6.34,0.36,-1.21,-0.85,1.78,1.9,2.27
16.92,28.5,15.24,7.57,7.1,7.48,10.18,3.04,0.28,-2.37,3.95,6.24,9.78
16.76,25.13,13.8,8.11,6.63,6.32,8.99,3.14,-2.71,-8.65,-4.5,0.86,7.97
16.71,29.17,17.28,5.61,3.41,4.44,16.2,9.4,3.32,-6.97,-0.91,3.04,11.55
16.43,31.75,18.04,0.01,-0.72,3.02,23.0,14.04,8.34,-10.49,-1.53,1.63,17.12
16.29,34.98,16.66,-2.07,6.03,10.05,24.86,4.01,0.31,-19.53,-4.62,-6.47,10.21
16.21,27.69,13.03,1.12,3.36,4.27,9.49,-3.74,-7.51,-10.8,3.16,9.82,17.52
16.67,41.01,25.38,-7.23,-5.04,-2.64,26.87,7.69,6.9,-19.09,-0.69,-3.9,18.63
17.44,48.12,30.27,-7.51,-1.92,-5.53,31.43,10.58,16.68,-14.6,3.37,-8.93,15.53
17.27,24.24,11.38,6.14,6.34,8.63,13.36,9.58,5.63,-1.57,-4.22,-6.37,-2.69
17.3,23.23,12.23,7.9,3.55,0.45,1.36,0.29,-0.73,-4.03,-7.0,-8.04,-4.57
18.58,37.42,23.48,5.1,8.84,10.21,27.61,14.4,11.59,-5.21,8.06,7.43,19.35
18.31,22.53,11.61,8.31,5.59,2.3,0.58,-5.22,-9.15,-11.83,-10.68,-8.18,-5.7
17.4,18.19,4.93,0.24,-3.05,-5.94,-7.99,-14.18,-20.66,-26.43,-29.37,-28.54,-24.38
17.26,27.06,14.97,8.21,9.12,10.1,14.9,6.88,1.65,-6.39,-3.78,-0.99,8.16
16.84,34.74,21.95,3.35,6.6,10.98,29.61,8.47,-2.16,-21.6,-2.55,0.5,13.65
17.13,25.37,13.48,7.96,7.55,7.62,9.57,2.38,-3.07,-8.89,-7.13,-5.14,-0.18
17.68,27.91,15.19,7.36,11.03,15.26,22.36,8.15,-4.42,-18.65,-12.7,-6.92,3.75
16.67,35.65,18.38,-3.46,2.41,3.74,19.27,0.13,-3.96,-23.18,-13.01,-16.29,-1.55
16.75,30.66,17.72,2.07,-2.54,-1.37,14.9,10.27,5.26,-9.93,-5.46,-2.74,8.25
17.52,24.81,12.41,7.22,10.21,13.54,18.5,10.75,5.44,-0.56,1.85,1.21,2.19
17.38,22.83,12.31,8.05,6.22,5.08,8.04,4.33,1.71,-2.11,-0.01,1.91,4.02
16.93,30.63,15.83,4.74,12.09,14.12,20.12,1.5,-5.49,-14.32,-0.58,1.37,11.7
16.1,30.0,17.5,2.81,-1.52,-0.39,12.48,5.82,-2.53,-18.11,-12.32,-7.12,4.23
17.19,33.78,20.28,5.44,9.43,13.35,24.66,5.11,-6.19,-22.97,-10.17,-6.98,5.53
17.38,37.27,25.24,0.1,1.46,7.44,29.84,10.53,1.96,-14.84,6.62,5.7,11.86
15.95,20.45,5.74,-0.85,0.3,0.77,1.74,-8.35,-12.88,-15.01,-7.76,-3.12,3.03
17.12,39.96,21.35,-9.64,-0.12,7.15,33.63,7.6,5.75,-14.36,11.64,4.66,20.26
16.23,53.03,28.13,-24.06,2.27,11.55,43.55,-15.8,-9.56,-28.91,15.56,-7.92,13.3
17.09,27.05,14.51,7.88,10.7,11.28,13.58,0.05,-7.18,-15.09,-9.1,-5.5,6.7
16.96,47.73,17.4,-23.24,4.41,-8.66,27.73,-15.89,-13.01,-46.58,-13.48,-28.48,6.23
17.21,35.93,25.7,5.82,3.1,2.37,18.04,2.55,-3.81,-19.69,-1.7,2.11,14.06
17.79,53.13,32.5,-13.22,5.41,12.4,49.86,3.37,4.54,-15.82,16.45,-12.92,7.2
16.68,31.79,19.47,2.48,3.05,8.79,28.85,19.95,11.16,-13.35,-10.04,-10.67,3.15
16.64,32.17,18.77,3.18,3.27,7.87,26.27,18.67,12.91,-7.92,-7.25,-10.88,0.49
17.14,41.48,25.49,-2.38,4.07,6.83,32.97,5.19,-3.04,-26.42,-3.95,-6.12,15.28
17.58,30.11,16.54,6.06,11.14,14.13,20.74,3.39,-2.58,-10.25,4.07,7.73,14.29
17.16,37.4,22.79,1.4,1.15,3.82,20.46,7.31,2.18,-12.82,-1.26,-4.69,5.95
16.54,28.65,15.74,3.22,-0.78,-3.7,3.33,-5.31,-11.32,-21.79,-17.08,-11.84,0.16
17.24,30.57,15.49,5.11,10.04,14.86,22.08,6.67,-1.75,-11.77,-2.62,-2.32,5.03
16.87,53.6,35.52,-14.81,1.73,12.21,46.14,-14.3,-13.01,-30.31,8.31,-14.66,2.22
16.74,34.1,19.16,-3.24,-0.74,4.53,23.36,8.28,4.18,-8.9,8.77,6.93,15.98
16.23,27.03,13.85,4.85,3.68,3.55,8.55,-0.68,-5.41,-11.09,-4.38,-0.68,3.69
16.63,51.01,22.95,-16.23,6.15,3.39,36.72,-0.44,10.6,-20.07,9.5,-10.19,14.86
16.95,25.43,11.75,1.78,-1.24,-2.38,1.96,-5.52,-10.67,-18.99,-15.21,-11.72,-3.44
16.46,32.29,16.73,0.49,-0.56,0.95,13.98,6.19,3.86,-8.47,-0.54,-0.76,8.66
16.31,25.1,11.16,2.42,3.61,5.21,11.29,1.91,-6.85,-20.59,-20.51,-18.84,-7.59
16.71,43.83,29.76,-3.54,-2.89,-1.86,35.02,15.57,12.51,-22.9,-5.37,-11.41,11.0
16.18,26.87,12.12,0.67,1.59,4.5,13.46,3.54,-3.54,-15.39,-9.73,-6.72,4.59
16.49,36.89,23.31,-1.93,-1.27,1.07,26.8,12.03,5.53,-19.12,-5.92,-4.55,13.62
17.08,41.16,24.55,-4.23,5.32,11.63,34.7,3.15,-4.77,-28.63,-4.27,-9.11,8.96
17.67,29.54,18.25,7.34,5.09,6.54,16.0,7.94,-0.84,-12.79,-7.53,-2.94,2.69
16.82,21.77,9.41,5.84,6.67,5.33,3.48,-6.28,-11.34,-13.4,-9.2,-6.72,-3.93
15.51,35.68,15.85,-3.17,7.8,9.58,18.88,-12.57,-16.76,-27.9,-3.31,0.6,16.39
16.42,36.57,19.14,-7.9,6.29,15.59,39.98,4.17,-7.43,-30.05,-1.69,-5.8,10.22
16.92,51.01,23.7,-18.15,13.1,11.66,46.55,-2.99,3.69,-31.7,2.92,-17.28,8.03
15.51,25.97,9.32,-6.48,-1.98,3.13,17.94,4.01,-2.37,-16.28,-2.88,3.32,18.42
16.58,38.41,21.92,-11.94,-7.42,-1.33,33.59,8.58,5.11,-25.1,-2.65,-4.35,22.43
16.71,32.61,19.12,0.85,-2.17,0.11,19.01,11.93,6.28,-13.59,-8.5,-8.95,3.07
16.77,28.62,12.3,-2.49,-0.93,2.25,14.0,4.52,-0.39,-10.58,-0.55,3.31,15.39
16.81,28.02,12.41,0.34,5.83,9.25,17.58,1.11,-5.34,-14.5,-1.35,2.18,9.76
16.11,31.75,16.26,-8.23,-4.57,-0.67,20.46,-2.33,-11.56,-35.02,-12.99,-9.69,5.12
16.63,27.29,13.68,2.18,2.63,6.12,16.63,6.94,-2.57,-17.46,-11.83,-6.46,6.59
17.49,41.2,26.97,-7.84,-0.03,5.69,40.69,13.01,4.54,-31.38,-5.07,-5.47,20.58
16.95,22.91,9.53,-0.65,-5.21,-3.42,9.39,12.09,10.88,0.44,-0.52,2.56,13.29
17.1,37.36,15.27,-10.95,7.21,10.59,34.51,2.5,0.21,-25.74,0.92,-1.21,26.56
17.35,31.64,18.37,4.74,14.76,18.36,32.11,7.99,-7.71,-31.22,-17.02,-9.82,11.32
16.34,43.09,21.8,-6.97,6.76,12.33,37.29,4.32,0.3,-26.56,-5.69,-21.11,0.9
15.97,25.56,10.81,-1.62,0.66,4.11,17.24,8.23,0.45,-16.6,-10.4,-4.61,13.46
16.89,33.16,18.86,-2.5,-1.04,0.98,20.77,5.22,-3.95,-28.22,-18.03,-18.09,0.16
16.18,43.58,21.46,-13.86,4.79,5.16,32.94,1.75,1.62,-28.03,-0.02,-10.96,16.39
16.35,29.33,15.67,-0.77,1.51,6.35,25.83,11.79,-1.09,-26.19,-14.71,-5.37,18.1
17.16,39.85,26.17,-5.84,-3.3,0.64,35.08,14.41,5.31,-33.53,-15.7,-18.88,11.17
16.86,55.74,32.17,-23.82,1.91,7.68,52.64,-6.63,-4.45,-33.34,1.1,-28.19,9.5
16.65,29.72,14.99,1.92,3.54,5.65,14.9,4.77,0.64,-9.35,-2.82,-4.28,2.95
16.14,26.2,14.28,3.48,-1.3,-3.93,3.92,0.91,0.31,-9.64,-9.45,-10.41,-0.4
16.81,33.46,19.37,1.7,5.15,9.22,25.22,6.86,-2.06,-20.13,-5.47,-1.47,15.63
16.87,31.68,19.65,6.95,8.76,12.29,26.61,14.02,1.66,-20.55,-18.66,-16.58,1.33
16.72,50.59,33.07,-9.11,0.02,-0.38,37.32,-0.15,-0.48,-33.72,-0.46,-14.37,8.34
16.63,47.14,21.93,-13.23,7.34,10.88,41.45,2.22,2.57,-34.78,-8.01,-25.2,0.18
16.69,38.96,24.51,0.44,2.58,3.52,25.11,3.41,-3.78,-26.59,-10.8,-10.65,7.47
16.2,42.42,24.24,-4.51,2.9,5.08,32.61,3.6,-3.26,-35.41,-10.87,-13.39,13.21
17.06,41.31,25.39,-2.87,1.01,3.59,31.34,11.57,8.17,-18.29,-3.72,-11.1,7.86
16.92,26.22,13.24,2.51,1.0,3.15,13.92,8.35,1.62,-11.87,-11.13,-9.27,-0.52
17.22,47.85,29.74,-6.22,3.56,2.04,34.52,10.64,13.24,-13.34,12.56,2.81,22.82
16.83,28.72,15.47,4.88,0.74,1.38,10.59,7.62,5.39,-2.56,0.96,3.58,11.23
16.45,32.55,16.25,-0.79,4.3,8.3,21.22,1.18,-5.56,-19.45,-6.89,-7.97,1.19
15.95,38.18,16.98,-14.65,-10.8,-8.0,17.93,-5.73,-6.42,-32.63,-12.83,-21.01,-4.43
17.42,28.03,17.48,10.88,7.16,4.48,7.01,1.74,-2.44,-6.7,-1.92,3.37,8.51
18.58,26.58,17.16,13.52,10.63,7.98,8.23,3.13,-1.67,-7.14,-8.17,-7.46,-3.76
17.65,28.49,16.39,8.41,8.07,9.77,16.55,10.58,7.69,2.91,7.67,7.53,9.48
17.2,24.67,13.82,10.35,10.95,10.2,9.55,-1.19,-9.5,-16.21,-12.61,-6.04,4.72
17.11,42.3,29.45,-0.0,-3.17,-5.43,19.68,-0.7,-6.37,-31.14,-14.98,-22.34,-4.69
15.98,26.2,13.34,1.35,-2.67,-3.85,6.06,1.23,-2.81,-16.21,-13.07,-8.31,4.95
16.59,50.54,27.32,-15.73,9.72,7.88,41.89,5.24,2.09,-22.43,4.62,-13.91,7.11
15.83,54.22,36.86,-25.45,-5.4,14.57,44.67,-11.29,-4.23,-16.93,8.69,-22.13,5.51
17.3,22.86,11.1,6.54,4.42,3.09,3.2,-2.4,-6.02,-9.34,-8.36,-7.26,-4.98
17.43,33.92,21.27,8.48,10.33,11.76,21.13,5.68,-2.43,-15.74,-6.82,-4.2,6.79
17.92,30.13,21.44,14.86,14.07,14.89,24.11,15.2,1.94,-18.96,-18.49,-10.3,5.98
16.77,42.0,22.7,-10.8,-1.59,-0.06,26.11,-2.71,-2.79,-20.01,6.07,-0.75,19.16
16.31,24.58,9.61,-1.19,-2.58,-2.01,4.06,-3.29,-9.55,-20.18,-19.9,-22.44,-17.53
15.55,21.43,7.95,3.14,3.67,5.38,7.53,-0.26,-9.13,-17.01,-14.81,-6.26,5.49
16.73,38.63,19.46,-6.41,1.27,2.78,20.65,-0.29,-2.41,-22.5,-7.52,-17.91,-3.73
16.72,25.65,12.14,2.03,-0.63,-0.91,5.12,-1.16,-4.97,-10.78,-5.04,-1.89,4.26
16.31,46.22,26.24,-20.79,-12.15,-4.3,35.42,3.86,3.76,-30.27,-5.77,-28.43,-1.85
16.43,27.8,14.08,1.0,-2.47,-2.48,8.82,4.92,2.58,-9.15,-8.65,-11.62,-5.14
16.83,44.45,20.42,-18.47,-3.78,-2.27,28.74,-3.46,2.06,-26.98,-5.85,-28.02,-10.17
16.34,35.84,16.83,-16.26,-11.35,-7.16,20.88,-3.11,-3.73,-22.15,2.03,-2.39,15.06
16.49,24.55,11.26,2.47,-0.66,-0.95,4.53,0.83,-1.38,-6.23,-4.71,-4.32,0.14
17.48,51.28,28.73,-8.85,11.62,9.25,41.7,0.35,7.08,-18.76,3.9,-12.25,6.8
16.07,23.69,9.95,2.68,1.7,2.6,7.24,2.2,-0.21,-5.52,-3.12,-2.61,0.85
16.58,41.64,26.08,-1.3,1.13,5.44,27.22,0.86,-4.02,-18.18,5.6,-1.48,9.29
18.06,35.13,22.63,6.54,8.38,11.16,28.52,19.51,12.85,-8.76,-4.91,-7.21,5.34
18.31,24.12,12.77,9.68,8.8,9.67,12.41,9.44,5.77,0.04,-3.27,-3.82,-0.18
18.12,36.19,24.35,10.27,10.19,7.92,20.51,12.48,13.14,2.4,3.09,-8.08,-4.2
17.66,28.06,16.88,9.41,6.82,7.62,15.42,13.67,7.93,-4.88,-8.78,-6.8,2.47
17.73,25.29,13.71,8.99,8.94,8.56,9.99,2.95,-1.61,-6.9,-5.23,-3.44,1.32
16.85,24.6,12.59,4.39,5.14,5.55,12.86,5.9,2.68,-6.45,-4.2,-6.0,1.05
17.34,57.0,30.09,-28.79,2.89,7.65,47.42,-3.96,5.69,-25.8,12.24,-13.46,13.97
17.09,48.39,26.43,-16.1,0.98,2.74,37.29,4.32,10.97,-19.77,4.54,-10.74,20.71
16.24,27.71,15.68,7.52,5.07,3.42,6.32,-1.25,-6.58,-15.3,-12.96,-11.1,-3.36
17.53,29.5,16.53,6.63,6.73,8.59,18.26,11.78,6.22,-7.98,-9.75,-12.86,-5.1
17.61,36.77,23.04,5.8,8.4,7.25,17.1,-1.48,-7.26,-16.81,0.4,2.5,14.24
16.12,42.05,23.59,-12.9,-7.72,-5.85,21.98,-6.36,-8.51,-25.31,4.18,-4.15,11.47
17.1,46.96,31.89,-9.53,-4.87,9.44,43.75,5.33,-1.28,-16.18,17.93,-1.35,2.9
17.68,32.39,16.82,1.8,7.47,13.52,27.58,15.18,11.26,-3.34,2.79,-2.1,6.31
16.47,36.22,20.53,-1.51,3.07,9.92,29.1,10.61,4.89,-11.51,6.46,5.51,15.99
17.47,34.35,20.73,4.2,7.67,11.75,28.77,16.32,10.82,-7.73,-1.73,-2.54,9.49
16.61,24.64,12.66,6.19,3.9,2.91,5.84,-1.43,-9.68,-18.48,-16.32,-10.76,-2.38
16.72,39.33,25.61,-3.93,-5.62,-2.29,24.91,2.97,-2.07,-21.87,2.23,-0.51,17.54
17.55,49.15,28.3,-8.32,6.94,5.38,26.3,-14.0,-9.33,-25.63,0.03,-19.9,-1.66
16.51,37.55,22.4,-1.33,1.23,2.47,18.68,-2.27,-4.59,-18.01,-0.66,-7.39,0.92
15.68,28.24,14.03,1.52,-0.31,-0.33,11.21,7.77,8.3,-1.95,-0.96,-4.59,1.97
16.28,48.66,28.27,-14.48,-1.06,4.59,33.35,-6.26,-3.85,-25.51,8.18,-7.95,13.45
16.45,32.9,15.11,-3.33,4.34,6.31,19.47,-0.85,-5.41,-20.6,-5.35,-4.7,12.95
16.46,27.52,11.68,0.53,4.78,8.64,14.83,-0.91,-8.13,-15.41,-2.94,-0.13,8.7
16.68,25.69,13.2,6.37,7.0,9.55,16.43,11.58,6.75,-1.22,-1.03,-1.46,2.28
17.01,30.34,16.65,6.58,9.54,13.02,19.05,3.41,-6.21,-14.97,-5.59,-2.36,5.66
16.9,18.21,4.12,1.16,9.3,15.98,21.24,10.94,2.61,-5.68,-2.13,2.87,12.17
18.28,39.12,23.73,-3.57,2.8,6.36,37.27,16.36,10.51,-23.83,-10.23,-16.22,11.15
17.81,28.79,17.08,8.39,6.08,6.56,13.83,8.35,2.56,-7.54,-5.32,-2.49,4.88
17.31,23.35,10.29,5.24,5.3,6.36,9.24,3.57,-1.27,-7.59,-8.86,-9.97,-6.07
17.56,41.0,20.67,-9.36,7.63,13.57,41.98,12.16,9.07,-22.38,-6.54,-16.47,9.63
17.44,31.27,17.12,7.23,14.39,19.1,26.21,7.94,-2.27,-17.2,-10.6,-10.99,-0.82
17.85,35.58,22.39,6.42,11.4,14.87,30.15,12.32,3.02,-16.75,-6.86,-5.4,9.14
17.42,28.22,17.7,7.32,5.04,5.75,16.54,8.17,-2.05,-17.57,-11.4,-1.63,11.85
17.68,26.43,14.17,6.47,7.01,8.94,15.41,7.07,-0.2,-8.81,-1.74,3.86,10.39
17.21,22.87,9.2,4.18,3.77,5.84,7.95,2.26,-3.11,-6.18,-4.67,-2.45,-0.73
18.08,48.99,26.28,-6.15,12.08,8.22,35.87,6.06,12.63,-14.82,10.53,-4.38,13.6
17.87,44.39,26.26,-4.77,3.61,8.73,37.12,5.87,2.84,-22.77,2.75,-9.9,7.14
17.36,35.6,19.47,-1.74,4.4,4.94,25.19,4.17,-4.26,-31.09,-17.52,-13.8,13.67
16.74,29.28,13.97,-2.74,-2.34,0.63,14.72,1.72,-5.91,-21.59,-12.98,-11.27,2.99
17.0,23.89,10.21,2.7,1.57,-0.18,1.43,-7.19,-11.17,-15.32,-10.07,-7.53,-3.84
17.03,41.5,19.61,-11.13,2.2,4.38,31.19,-0.1,-0.91,-26.77,-7.42,-20.5,-6.18
17.27,46.29,22.77,-18.57,3.73,12.63,42.18,-2.7,-1.42,-27.59,3.3,-19.04,0.05
17.94,29.43,12.94,3.88,11.41,16.75,21.53,4.72,-3.63,-14.33,-6.21,-5.8,1.91
17.95,22.35,10.95,8.68,10.74,10.38,8.61,-1.05,-5.42,-6.59,-3.72,-3.79,-2.0
18.93,31.35,18.13,10.43,11.0,10.88,14.27,5.55,2.17,-3.8,0.18,-0.09,5.36
18.69,24.45,14.37,10.99,7.14,4.05,4.09,0.97,-2.5,-6.97,-8.93,-7.71,-4.37
17.81,22.2,10.27,7.8,8.53,10.07,10.44,3.43,-4.47,-10.52,-10.28,-6.32,-1.17
17.02,31.9,16.82,0.62,4.38,8.73,24.69,12.63,6.39,-13.67,-7.68,-10.11,4.04
17.55,38.71,20.27,-4.07,1.78,5.12,23.85,2.97,0.64,-12.53,8.57,2.7,13.8
18.22,28.31,13.15,1.65,7.16,11.18,19.0,2.93,-4.63,-15.19,-6.78,-7.45,-1.86
18.17,30.2,15.57,3.74,5.09,8.08,17.61,6.96,-0.94,-13.38,-4.93,-0.94,7.92
16.57,28.76,11.28,-8.69,-4.94,1.1,19.15,3.61,0.35,-8.53,12.58,14.82,22.2
16.65,36.1,22.41,-6.57,-3.74,1.68,32.67,11.44,1.66,-26.35,-9.87,-10.29,11.71
17.08,35.64,19.66,-5.51,-3.86,-2.61,22.66,8.88,4.65,-21.21,-9.86,-12.37,8.3
17.99,23.42,10.75,5.85,9.5,12.95,17.65,6.8,-2.76,-14.32,-12.68,-9.09,2.84
18.17,31.86,18.18,7.08,12.66,15.12,22.76,6.13,-0.8,-13.2,-6.15,-6.98,-0.71
17.37,31.2,15.81,0.21,0.49,4.24,17.81,7.09,0.72,-13.72,-6.94,-8.44,-0.34
17.31,24.39,10.69,3.13,9.22,14.21,22.57,8.72,-0.37,-10.41,1.36,11.74,23.99
17.31,27.66,14.24,2.05,1.01,3.33,13.85,7.06,2.44,-6.61,0.03,2.23,10.5
15.77,29.2,14.23,-4.22,-2.97,1.38,21.36,5.92,-5.84,-28.94,-15.91,-8.77,9.01
16.58,26.82,11.48,1.97,4.37,7.49,13.91,2.74,-3.43,-11.79,-6.36,-8.0,-3.2
17.3,28.58,14.33,1.64,2.7,6.35,20.5,13.67,8.92,-4.15,2.44,6.74,18.03
15.57,44.23,21.76,-11.68,-0.79,0.96,21.22,-6.5,-1.87,-17.17,3.52,-8.83,7.12
17.46,29.84,17.54,6.99,7.25,10.38,20.46,9.52,-1.07,-17.32,-16.38,-15.56,-5.54
18.26,33.06,22.31,7.28,9.11,9.85,24.9,11.7,0.56,-26.01,-22.99,-21.92,-4.18
16.75,28.53,16.43,6.95,3.06,-0.93,1.87,-5.81,-8.07,-13.11,-7.86,-4.52,4.18
16.18,42.33,22.8,-13.54,-2.68,2.7,32.36,-3.53,-10.3,-38.39,-11.15,-20.73,2.8
17.35,28.09,12.77,-0.14,8.39,16.23,30.38,11.7,0.01,-18.25,-8.16,-5.13,9.78
15.66,41.76,20.89,-13.49,0.81,10.23,38.94,6.36,6.87,-19.53,11.75,-2.22,5.47
16.54,52.9,30.01,-22.29,1.4,9.18,48.29,1.64,5.43,-21.9,8.66,-20.62,7.97
16.57,45.6,25.06,-11.44,-2.06,-4.13,29.12,4.0,8.52,-26.63,-2.89,-15.58,12.4
17.23,32.19,18.69,4.64,5.53,6.79,19.02,8.79,5.65,-5.66,3.86,4.65,13.5
17.35,27.27,13.59,4.18,2.46,1.59,4.19,-6.29,-12.99,-19.96,-14.57,-11.92,-5.57
16.61,26.2,12.3,1.03,-2.6,-3.0,3.47,-3.1,-8.24,-16.15,-11.91,-9.34,-2.15
16.91,43.57,24.84,-5.07,3.65,3.28,30.25,3.38,-0.65,-32.37,-12.85,-19.72,5.34
16.34,36.2,16.3,-7.98,0.75,2.7,19.18,-1.88,-2.35,-20.06,-5.78,-12.46,3.33
16.97,26.09,10.27,-2.69,3.92,11.21,26.73,13.47,4.98,-13.43,-6.61,-5.81,9.64
17.33,40.41,15.73,-15.63,5.52,8.67,34.2,-0.87,1.72,-25.84,-3.93,-15.3,7.63
16.77,23.44,5.17,-7.76,-0.33,6.88,18.05,-0.77,-11.39,-24.69,-10.04,-3.33,11.48
17.17,32.24,13.63,-13.0,-2.58,5.49,32.93,6.47,-3.56,-35.13,-13.58,-12.5,12.98
17.11,51.28,16.2,-35.87,6.76,7.73,55.85,-5.52,3.0,-38.72,8.27,-15.51,18.64
16.85,42.02,19.89,-17.74,-1.47,6.9,40.03,3.15,-0.51,-27.0,5.9,-7.33,14.04
16.12,27.66,6.55,-11.23,3.68,15.27,31.52,6.43,-1.13,-17.38,-1.98,-11.13,-2.7
16.75,40.89,13.85,-24.9,-0.61,6.57,35.61,-7.8,-5.17,-34.41,-3.8,-20.39,9.12
16.1,26.66,8.17,-6.95,2.49,7.85,16.76,-8.26,-15.34,-26.15,-8.68,-13.34,-5.92
16.62,33.17,10.86,-16.82,-1.56,6.0,25.92,-7.54,-12.08,-28.72,-0.28,-6.72,11.38
16.99,31.08,12.26,-8.15,-1.06,6.24,24.33,5.6,-0.27,-19.33,-8.89,-16.66,-2.9
16.66,37.35,14.57,-15.34,0.26,6.76,32.4,4.02,4.57,-18.59,2.61,-10.56,8.56
16.72,30.22,13.34,1.4,4.2,9.92,19.78,9.09,-0.54,-13.54,-10.75,-11.27,-1.84
16.27,28.21,14.27,-2.0,-3.44,1.33,20.01,11.34,0.16,-23.65,-19.94,-18.14,-1.61
15.21,33.82,9.33,-16.27,-3.7,2.6,24.44,-2.25,-2.42,-24.3,-3.17,-12.69,4.5
16.05,43.67,21.13,-17.97,-2.26,8.54,35.22,-7.13,-7.27,-22.64,14.65,-9.29,3.84
15.37,37.79,20.48,-12.23,-5.8,2.13,30.97,6.11,3.21,-16.96,4.99,-6.79,0.3
15.75,46.5,17.4,-26.19,0.74,6.88,41.15,-2.76,11.44,-16.68,14.76,-7.83,6.59
16.17,34.67,15.51,-7.42,2.85,10.27,30.12,5.29,-1.16,-21.08,-2.04,-6.63,7.88
16.83,23.91,9.84,0.08,0.49,4.07,14.55,8.06,1.26,-9.78,-5.01,0.55,10.8
16.64,29.11,15.0,2.46,0.35,2.05,10.87,4.13,-1.37,-11.39,-7.14,-4.0,8.76
16.2,34.08,18.95,-1.19,4.54,9.32,27.61,4.35,-6.01,-25.91,-7.94,-5.35,12.61
15.47,26.5,12.31,-2.92,-7.01,-5.58,9.86,7.19,3.37,-11.07,-8.18,-5.24,7.48
16.74,40.91,22.44,-9.14,1.0,9.88,34.7,0.9,-5.72,-27.08,1.38,-9.5,6.38
16.53,37.7,13.48,-17.77,-4.34,3.23,34.2,13.66,17.52,-8.93,9.13,-7.19,13.76
17.21,24.53,11.24,5.13,8.21,9.89,13.18,2.39,-4.74,-12.49,-7.9,-2.99,8.09
17.64,35.44,22.39,2.26,-1.06,-0.18,19.54,12.9,8.5,-12.57,-7.94,-8.5,7.42
16.38,28.49,12.37,-4.75,-1.8,3.05,23.57,14.65,10.54,-10.33,-4.82,-4.65,11.73
16.88,38.44,19.12,-9.87,-0.27,8.07,37.5,15.55,14.1,-11.99,5.9,-6.16,16.17
16.39,43.57,22.34,-16.72,-6.26,-2.35,29.35,-0.39,-0.78,-31.76,-3.49,-14.41,9.55
16.22,37.55,15.57,-8.03,-0.08,3.22,20.98,0.6,2.94,-13.05,3.3,-6.51,7.3
15.68,37.87,17.65,-17.65,-4.94,3.31,30.23,-10.37,-15.23,-32.1,8.22,2.98,16.84
16.62,34.34,15.16,-11.16,-2.71,4.07,29.34,6.33,0.71,-23.35,-0.46,-1.18,16.92
16.78,38.9,21.83,-3.35,3.03,7.45,27.24,2.41,-2.84,-20.16,-0.71,-7.55,5.66
16.1,41.3,24.29,-9.35,-4.71,-1.12,26.34,0.94,-2.83,-21.07,9.17,1.47,8.56
