16.21,30.06,16.31,0.84,-1.92,-0.46,13.3,6.01,0.35,-16.0,-9.29,-6.32,7.47
17.75,32.55,20.76,7.89,8.0,9.81,22.39,12.36,3.75,-14.45,-9.74,-5.4,11.15
17.79,22.93,10.87,6.22,4.74,3.85,5.05,-0.54,-5.46,-11.21,-12.08,-11.68,-7.95
17.59,29.12,17.47,10.15,7.93,8.11,11.8,6.08,0.55,-5.22,-2.94,-0.95,2.22
17.75,51.43,35.48,-5.72,4.47,4.89,42.23,7.07,1.52,-21.29,7.51,-7.07,9.3
18.22,29.41,15.31,5.41,10.18,16.34,27.1,16.0,8.46,-4.91,0.98,2.03,10.61
16.82,28.4,14.2,-0.59,-3.61,-1.55,12.0,8.0,5.79,-3.87,3.24,2.85,7.29
17.53,28.91,13.22,1.77,2.45,5.83,14.51,6.1,1.44,-7.27,-1.72,-0.96,4.59
16.89,35.96,16.8,-7.63,1.26,5.79,24.89,1.18,-0.5,-16.64,2.58,-7.58,1.82
17.53,27.65,12.04,-2.72,-0.23,3.89,14.86,0.04,-8.49,-20.95,-10.38,-9.98,-3.4
17.8,24.19,12.65,8.61,8.24,7.04,6.63,0.34,-0.84,-0.29,3.27,1.97,0.23
17.5,26.16,13.84,7.33,8.01,11.14,17.53,11.15,4.02,-6.63,-6.35,-4.81,2.61
16.41,37.01,22.02,-1.78,2.21,9.66,34.23,16.65,10.03,-12.55,2.19,-3.0,7.4
16.53,27.35,12.25,2.6,4.63,10.68,19.4,10.97,3.38,-5.97,-1.28,0.64,7.13
16.74,39.42,21.25,-7.14,0.67,4.65,27.99,2.48,1.61,-20.63,-0.17,-3.61,13.45
16.96,49.3,32.31,-10.2,-0.37,3.96,36.83,-3.46,-8.71,-29.96,5.18,-2.78,16.49
16.55,25.05,12.7,6.67,8.76,8.87,8.81,-6.37,-16.04,-22.35,-14.81,-8.44,-0.75
16.46,26.83,12.13,-2.39,-4.92,-2.86,8.99,-0.27,-11.13,-26.49,-19.23,-11.03,2.56
16.65,24.05,12.2,6.09,2.02,-1.79,-1.25,-4.27,-4.01,-3.72,-1.17,-1.39,-0.8
17.55,35.27,22.71,9.96,11.4,12.99,21.87,9.85,3.72,-11.49,-7.36,-8.98,1.55
16.13,35.28,21.04,3.75,6.1,7.26,20.42,6.43,0.62,-17.92,-5.95,-4.28,10.6
16.48,41.32,26.87,-1.14,4.44,10.13,33.48,8.22,0.08,-14.64,8.66,6.76,17.09
16.8,41.47,25.95,-7.63,2.59,3.04,30.56,-0.23,-1.92,-28.1,0.24,1.36,27.68
16.71,33.65,17.17,1.95,10.09,15.73,28.2,6.63,-3.32,-20.21,-9.09,-9.47,2.44
16.56,25.33,12.78,6.06,8.23,8.89,11.4,-0.94,-8.79,-15.45,-8.57,-4.23,1.76
15.95,31.55,14.52,1.08,9.59,12.98,21.85,1.0,-6.83,-17.45,-1.5,3.12,16.97
17.23,45.45,25.5,-2.77,17.29,16.71,33.66,-1.74,-2.16,-24.61,-0.99,-9.71,6.4
16.49,23.97,10.1,0.82,0.38,1.58,7.66,-1.94,-9.43,-18.63,-13.13,-7.89,0.48
16.2,41.43,26.6,-9.56,0.83,2.94,32.22,5.42,-3.92,-40.82,-22.96,-29.97,-1.93
16.69,41.64,24.04,-4.53,4.33,8.44,36.42,10.22,4.14,-26.41,-6.79,-14.78,8.25
16.96,37.09,21.03,-4.37,-3.34,0.43,22.79,5.88,2.66,-18.92,-4.79,-10.17,2.03
17.39,46.28,24.1,-11.78,6.7,8.23,38.53,-5.87,-6.11,-31.06,3.44,-6.08,13.06
17.24,32.6,17.64,2.05,6.21,9.15,22.66,8.74,2.31,-13.4,-6.57,-5.71,8.22
15.61,34.8,16.06,-11.49,-0.01,7.35,30.6,-0.57,-9.73,-29.63,-0.91,1.98,24.16
16.77,28.58,14.34,3.07,6.2,9.89,20.1,8.64,3.22,-8.8,-3.23,-2.96,7.73
16.82,33.16,17.1,-1.68,2.26,7.0,23.94,3.89,-6.63,-27.27,-12.78,-9.67,7.69
15.59,35.64,18.78,-6.2,-2.19,-2.47,16.52,-3.16,-8.02,-28.44,-9.35,-8.39,12.44
15.65,39.8,22.65,-4.33,0.22,1.35,18.71,-6.11,-6.7,-19.0,5.24,3.05,18.53
16.1,32.97,17.91,-1.1,-0.79,0.02,15.79,2.56,0.89,-10.86,3.95,5.35,15.2
15.59,38.28,22.01,-7.83,-3.88,0.06,26.66,2.8,-3.11,-24.85,2.11,2.03,17.11
16.09,41.78,27.38,-9.41,-8.51,-1.54,34.99,9.35,2.44,-25.38,3.65,-3.12,18.82
16.7,45.3,22.55,-7.84,3.94,2.13,21.54,-9.51,-6.15,-22.49,6.03,-3.39,14.72
17.4,50.14,34.78,-7.86,-2.98,0.71,36.49,2.99,-0.53,-30.32,-1.18,-16.53,3.0
16.63,23.13,10.18,3.8,1.39,0.84,5.12,3.28,3.84,2.38,4.4,3.75,5.31
17.54,31.38,20.29,10.1,5.65,4.46,11.88,6.91,3.14,-5.38,-3.76,-5.79,-2.04
17.62,35.49,20.03,2.57,5.85,8.6,23.05,7.55,5.04,-6.59,6.55,5.08,16.73
16.95,29.26,18.23,9.55,6.45,5.22,10.9,4.2,-1.28,-9.95,-5.49,-2.02,3.4
17.02,27.66,13.96,4.61,2.01,2.79,8.37,1.07,-4.94,-10.37,-3.24,2.49,7.48
18.12,44.04,25.01,-8.45,1.73,6.28,36.74,5.07,1.61,-23.99,3.54,-7.47,7.78
17.4,21.82,8.23,2.96,0.96,1.52,3.46,-0.03,-3.39,-5.09,-3.07,0.9,5.12
17.84,25.28,13.63,7.08,3.82,3.39,8.41,6.05,1.69,-5.97,-7.62,-6.97,-1.87
17.83,26.07,15.19,11.22,11.91,13.89,18.28,14.18,10.36,4.36,3.75,2.19,3.75
16.41,32.62,18.4,1.28,5.05,7.3,20.5,1.0,-10.0,-30.04,-14.81,-7.62,11.29
16.24,37.74,23.83,1.16,1.42,5.6,23.2,6.11,1.73,-15.11,-0.86,-3.3,4.99
16.73,42.08,24.08,-5.19,7.06,12.34,32.97,3.77,-1.62,-18.76,1.94,-7.01,5.15
16.24,51.68,29.29,-21.73,0.06,6.04,31.34,-22.36,-17.75,-34.97,2.56,-17.69,6.08
15.67,42.88,24.52,-1.71,11.77,4.56,22.69,-9.44,-8.68,-22.85,2.67,4.58,25.76
15.84,43.96,23.63,-8.64,7.35,4.78,24.32,-2.7,-4.6,-21.82,0.24,-9.16,11.2
16.56,22.17,8.59,2.63,3.59,3.08,3.53,-6.09,-10.54,-13.0,-6.35,-1.63,5.42
18.02,27.79,16.11,8.73,5.74,5.77,11.9,9.34,5.87,-0.85,-0.02,1.76,8.06
17.25,28.4,17.8,13.06,14.51,15.4,18.32,9.07,2.3,-5.77,-2.32,-0.13,4.63
16.41,27.04,14.31,7.07,4.92,2.5,1.64,-9.95,-15.24,-18.24,-11.17,-6.75,-1.25
16.21,44.75,27.7,-5.02,8.66,12.92,34.56,-11.35,-18.66,-33.02,6.2,0.01,15.15
17.45,30.85,16.84,8.63,15.69,20.04,24.12,5.74,-3.67,-12.13,-0.06,1.92,9.54
16.76,24.76,12.56,6.84,6.3,5.77,7.73,1.92,-0.58,-2.9,0.41,1.75,4.63
16.62,27.33,13.76,7.3,7.14,9.5,12.05,3.59,-3.96,-8.81,-4.37,1.54,7.14
16.58,46.99,30.05,-6.38,5.43,5.78,29.54,0.7,-5.58,-29.35,1.17,-8.89,11.86
17.13,22.75,10.99,5.92,2.79,0.25,1.54,-3.49,-7.91,-13.04,-11.91,-7.93,-0.31
17.22,32.73,19.68,4.47,9.23,12.02,26.84,9.22,-0.69,-19.96,-7.25,-4.19,9.85
16.5,22.7,8.4,0.48,-0.4,1.83,7.45,0.46,-8.1,-17.63,-14.41,-7.68,1.85
17.66,33.41,20.93,5.33,11.75,17.87,34.92,14.87,1.77,-24.94,-13.54,-7.67,13.65
16.76,27.92,15.12,6.51,12.12,16.61,22.97,5.49,-5.76,-15.83,-2.79,3.04,11.4
15.9,29.22,14.02,2.66,10.47,17.08,27.64,10.76,4.78,-5.88,-0.51,-4.33,0.69
15.9,37.75,19.87,-5.83,4.62,10.7,32.72,3.78,-2.65,-24.08,2.73,-0.87,16.66
15.76,29.7,15.22,1.14,4.14,8.8,22.23,8.82,-1.71,-20.13,-13.71,-11.27,0.93
16.78,52.29,26.52,-21.17,4.73,1.17,41.32,-6.55,-0.15,-28.54,11.37,-2.87,30.8
15.54,24.81,10.15,0.08,-0.5,-0.37,5.04,-1.66,-3.74,-9.48,-8.11,-11.52,-9.98
17.57,42.41,23.97,-8.45,-0.85,5.02,34.22,7.83,5.75,-19.56,-1.27,-16.66,-3.09
16.45,25.61,12.81,3.15,0.03,1.69,12.85,11.81,7.31,-4.76,-6.37,-4.15,4.59
16.53,31.38,17.84,3.52,5.88,8.15,24.71,11.63,1.43,-21.88,-16.79,-13.96,4.16
16.09,25.19,13.02,6.75,6.8,7.77,10.66,2.97,-2.09,-7.38,-6.08,-8.37,-8.15
15.62,32.71,17.18,0.52,5.73,10.29,27.41,12.12,4.94,-14.43,-8.64,-11.81,2.26
16.18,46.43,18.33,-19.42,10.74,5.61,37.08,-2.23,2.72,-25.66,-2.65,-21.45,1.88
16.79,44.21,22.36,-11.78,1.15,4.13,34.88,5.5,6.57,-19.98,-0.58,-15.52,3.03
16.98,26.59,11.86,0.73,1.63,3.03,9.42,-2.51,-10.2,-21.79,-15.32,-11.98,-4.21
17.16,32.33,16.48,-0.84,6.2,10.69,28.83,14.02,8.96,-10.25,-1.15,-3.11,10.51
17.77,41.52,26.88,-0.89,4.41,7.89,35.67,11.59,3.83,-28.14,-8.65,-8.54,15.43
16.56,21.22,7.52,4.65,6.27,8.96,8.61,-0.84,-9.6,-13.85,-10.53,-4.27,1.5
16.05,40.57,20.87,-13.68,-1.0,7.23,41.47,10.36,6.21,-29.22,-6.93,-15.94,11.63
15.72,31.44,17.69,1.67,-0.93,1.42,14.73,4.65,-4.58,-19.46,-14.6,-13.15,-3.34
16.68,25.08,11.95,4.87,6.31,9.22,14.61,6.54,0.23,-7.43,-4.31,-2.75,2.55
17.41,42.92,30.68,-12.51,-7.12,4.79,45.41,10.96,-2.75,-26.11,5.92,-7.38,7.99
17.67,26.82,15.63,8.8,6.69,7.64,13.46,8.69,2.06,-7.83,-7.18,-2.31,7.05
17.59,28.22,15.37,6.49,10.07,13.62,22.17,10.41,2.05,-9.11,0.91,7.65,18.13
17.27,42.37,25.34,-7.4,2.33,5.27,34.04,0.74,-5.81,-37.61,-12.4,-17.72,7.45
16.97,27.62,14.99,4.99,5.39,6.88,14.8,4.54,-3.11,-14.91,-8.19,-2.83,7.69
15.27,48.72,25.74,-18.32,9.58,2.65,32.39,-7.33,-15.21,-34.18,-3.94,-8.9,20.84
15.34,46.14,22.72,-23.64,2.38,10.9,43.37,-9.56,-10.03,-40.09,0.49,-15.83,7.52
15.74,24.31,11.08,4.84,9.04,12.43,15.7,1.87,-7.92,-15.89,-9.17,-4.84,3.17
17.03,31.37,15.32,3.88,12.18,17.62,24.66,5.93,-1.31,-14.08,-4.19,-5.25,4.41
16.91,23.65,10.83,3.76,1.73,1.58,6.61,2.94,-0.26,-7.08,-7.72,-7.51,-2.74
16.94,32.53,18.47,0.88,-0.22,0.29,13.4,0.96,-6.24,-24.08,-18.68,-18.66,-6.95
15.18,24.23,10.36,-1.66,-6.89,-6.24,7.61,10.58,11.67,0.33,-3.03,-4.29,5.56
17.49,41.31,24.01,-3.1,7.13,13.14,42.07,17.11,12.38,-16.17,-1.39,-12.94,1.55
16.83,41.29,20.77,-6.75,10.87,13.21,37.91,3.63,0.14,-30.72,-8.64,-12.72,10.83
17.52,26.95,13.4,4.48,3.35,6.51,13.52,7.74,-1.32,-13.88,-14.88,-11.44,-1.93
17.45,25.96,13.96,7.84,6.84,7.03,10.28,4.82,1.97,-2.4,-1.15,-1.08,1.21
17.24,42.51,20.07,-9.43,13.27,16.93,49.24,16.74,13.74,-20.14,-8.24,-23.1,1.23
17.16,27.16,12.5,2.15,8.97,15.82,29.11,19.43,12.55,-5.65,-8.86,-15.3,-4.85
17.4,31.88,18.54,5.7,6.41,9.95,22.62,11.51,3.7,-8.95,-2.15,-1.36,7.78
17.02,28.24,13.49,1.3,5.21,7.55,13.92,-5.29,-13.73,-21.77,-5.24,1.93,14.09
17.46,28.97,14.89,5.73,10.22,15.06,22.49,7.17,-4.62,-18.46,-10.7,-5.16,7.67
16.4,45.65,31.26,-6.34,0.44,5.29,40.01,8.41,-1.6,-34.97,-9.13,-15.18,11.03
16.46,34.9,21.79,2.36,5.73,10.1,29.16,11.79,3.34,-17.59,-2.42,-4.63,10.29
17.37,29.15,16.54,8.09,10.45,12.36,19.51,9.4,2.8,-8.54,-6.53,-4.44,6.18
17.09,41.07,24.47,-4.76,-1.96,-1.47,26.18,6.01,1.23,-28.01,-13.2,-21.16,1.65
16.73,54.94,35.66,-22.29,-7.81,-0.91,44.31,-0.76,0.27,-25.36,12.37,-12.75,11.72
16.83,30.44,17.4,3.47,1.57,1.39,10.16,0.58,-6.48,-20.76,-15.8,-12.6,1.66
15.87,41.87,19.36,-13.4,-0.09,-0.43,25.98,-2.49,-2.69,-25.82,-2.37,-10.99,14.3
16.97,27.28,11.31,1.76,5.24,10.32,17.77,5.44,-4.0,-16.51,-12.85,-11.13,-0.87
16.94,48.38,22.16,-14.81,10.74,2.15,30.36,-8.97,-2.82,-27.88,-0.1,-9.08,15.2
16.17,25.92,5.02,-7.35,-2.38,0.91,5.67,-8.88,-11.63,-16.19,-4.22,-2.21,6.31
16.68,27.17,7.11,-9.48,5.99,11.9,24.48,-1.4,-7.88,-23.51,-6.12,-5.14,11.41
16.83,43.95,24.45,-21.22,-6.4,3.62,40.97,0.4,-1.4,-27.69,7.28,-5.27,16.75
16.66,26.44,12.12,1.76,4.89,9.59,20.75,9.83,0.84,-14.33,-9.31,-5.23,6.49
16.96,33.24,19.1,0.78,3.86,7.87,24.17,6.88,-3.0,-21.82,-10.74,-10.49,0.62
16.93,24.03,11.44,6.23,7.58,9.12,12.28,4.84,-0.47,-6.7,-5.15,-3.67,0.96
17.34,30.24,17.36,6.97,4.27,3.21,9.32,1.66,-3.69,-17.75,-21.39,-24.7,-15.86
17.06,36.87,22.32,2.22,6.83,10.35,26.9,3.77,-5.06,-23.32,-6.09,-3.62,11.99
16.96,34.9,22.84,5.74,7.23,9.26,26.34,9.17,-2.65,-26.85,-16.19,-13.71,0.5
16.96,39.17,25.43,5.67,9.4,10.23,22.38,-1.52,-6.73,-21.46,-4.75,-5.23,7.39
17.23,22.54,9.7,6.38,7.75,8.83,8.12,-0.65,-6.64,-10.27,-6.9,-3.39,3.29
17.34,42.96,23.91,-6.06,8.35,13.22,37.07,2.38,-0.74,-26.52,2.78,-4.45,16.32
16.69,31.5,15.78,1.71,6.14,11.06,23.08,7.15,-0.67,-14.6,-5.83,-6.44,3.52
16.14,20.17,6.43,1.68,2.65,2.88,3.51,-4.24,-7.11,-7.26,-1.09,1.88,4.12
17.19,32.42,18.04,4.63,9.97,15.03,25.76,4.9,-6.02,-20.11,-5.81,-4.46,7.07
17.27,30.47,15.17,0.8,4.02,7.15,18.69,5.28,-0.62,-12.73,-2.35,-2.32,5.76
17.61,25.18,12.77,5.22,2.31,3.2,9.58,7.17,2.4,-5.02,-5.51,-3.18,3.3
17.47,31.93,19.58,8.74,8.6,10.06,18.19,7.91,1.48,-10.1,-6.58,-7.74,-0.98
16.99,31.83,21.02,9.86,6.6,4.91,14.17,7.06,1.15,-10.6,-3.47,2.21,14.35
16.43,40.54,23.46,-6.07,-0.58,2.05,25.78,-4.28,-11.26,-35.93,-15.16,-15.95,5.47
16.01,39.59,26.8,1.6,-1.35,1.85,23.06,3.21,-5.62,-22.34,-0.85,-0.93,14.07
16.94,30.58,15.78,-2.74,-0.42,1.49,18.89,2.83,-7.7,-36.34,-30.75,-30.22,-6.93
15.92,29.04,14.65,3.35,-0.14,0.36,7.09,2.24,-2.68,-10.99,-7.75,-3.44,4.7
16.56,28.5,15.19,2.31,2.59,6.99,20.55,13.14,6.36,-6.5,0.2,4.53,14.04
16.98,26.22,16.49,7.13,1.15,-0.75,10.48,12.49,11.28,-0.88,-3.79,-3.16,4.85
16.28,40.1,23.83,-3.87,-1.0,2.01,26.3,1.63,-3.11,-28.12,-8.28,-9.64,10.8
17.25,47.68,30.96,-9.78,1.77,5.08,43.71,4.91,1.73,-27.45,5.49,-4.56,22.83
17.03,34.2,18.55,1.89,8.39,9.88,18.32,-5.56,-13.85,-28.31,-12.73,-11.54,1.53
16.06,31.55,16.84,0.67,3.78,7.0,19.27,0.44,-7.57,-22.09,-7.54,-3.18,9.88
15.91,29.88,15.4,2.67,4.21,5.14,10.98,-2.98,-7.48,-12.64,1.14,3.87,10.56
15.58,44.46,27.99,-14.89,-6.46,0.29,36.64,0.49,-1.6,-23.77,9.18,-1.9,18.77
16.76,32.66,18.32,3.64,6.33,7.87,18.46,5.15,1.73,-10.77,-5.56,-8.94,1.39
16.86,28.63,14.75,4.88,7.27,8.12,12.0,-3.88,-10.46,-17.17,-6.17,-4.39,1.67
16.97,28.72,15.62,5.15,4.54,4.68,10.72,1.76,-2.17,-8.04,-0.27,2.39,8.2
17.09,36.98,19.12,2.04,11.06,13.9,23.76,2.39,-1.22,-14.92,-2.13,-8.2,1.08
17.56,41.28,26.66,2.28,5.18,5.3,27.07,5.34,-0.33,-24.77,-8.64,-12.96,4.44
17.87,30.6,17.18,8.04,12.01,14.53,19.33,2.16,-8.9,-20.65,-12.58,-8.85,1.59
17.89,29.56,16.13,6.04,10.28,12.24,20.22,5.97,-3.64,-18.87,-13.0,-9.87,3.18
17.19,29.1,14.55,3.34,5.86,8.96,17.79,4.02,-5.86,-22.44,-19.61,-20.22,-8.99
16.84,34.89,21.62,5.83,5.51,7.23,21.53,8.99,2.78,-16.07,-12.48,-14.51,-1.39
16.04,27.36,13.97,7.41,6.69,7.59,9.9,4.26,0.22,-4.81,-6.47,-9.38,-6.25
16.37,30.1,17.26,3.29,0.1,1.89,16.9,11.13,3.97,-15.72,-13.25,-10.9,5.04
17.19,27.17,15.4,7.68,5.46,3.66,6.84,-0.13,-3.43,-9.34,-5.5,-3.75,2.17
16.48,26.59,13.78,5.56,9.0,11.72,17.28,3.61,-6.7,-17.75,-11.19,-4.54,8.32
17.52,34.88,17.16,-0.8,5.93,10.69,27.66,10.66,8.18,-8.12,2.58,-4.0,7.5
17.51,27.78,14.49,4.21,5.32,8.44,19.49,11.16,3.39,-11.28,-8.74,-4.86,8.41
16.65,38.66,27.6,-1.33,-4.17,-0.91,25.71,4.95,-5.15,-26.81,-6.48,-11.08,-1.7
16.66,54.82,30.27,-20.69,6.58,8.19,45.81,-5.34,2.86,-28.0,9.58,-8.22,13.73
17.47,29.11,16.22,6.36,5.64,9.05,18.24,9.76,-1.03,-15.4,-10.78,-2.03,11.5
17.13,30.5,16.3,2.41,3.65,7.26,17.72,4.47,-3.16,-15.4,-5.2,-2.04,7.68
16.61,45.06,27.65,-16.78,-9.49,-2.51,34.58,-1.9,-8.33,-34.42,-1.91,-18.29,-2.21
16.54,31.18,11.31,-12.26,-9.46,-8.75,9.11,-6.74,-8.64,-25.72,-13.45,-16.8,-0.67
15.73,41.47,20.79,-13.42,-1.15,-0.89,24.27,-6.05,-9.08,-33.12,-7.42,-13.09,10.36
16.9,30.17,17.89,7.02,3.56,2.21,8.63,2.59,-1.54,-10.98,-6.54,-4.35,2.95
17.35,25.3,13.68,7.13,4.97,2.91,3.83,-5.31,-13.31,-20.47,-15.32,-7.99,0.52
17.22,46.56,27.43,-8.47,3.86,6.66,34.83,3.43,1.47,-22.42,4.48,-5.54,15.74
17.18,28.22,14.11,1.13,0.28,2.78,15.11,8.18,2.76,-12.16,-11.13,-12.87,-2.18
17.38,56.69,24.63,-25.44,7.53,-4.57,46.16,-2.65,8.75,-27.16,2.48,-27.03,5.0
17.51,28.42,16.15,3.58,-1.08,-1.77,10.01,7.82,4.99,-8.39,-9.32,-11.17,-3.85
17.09,37.79,20.35,-1.37,8.22,10.1,28.92,10.39,6.16,-13.25,-2.61,-16.24,-5.48
17.51,44.32,25.2,-7.06,0.98,1.32,30.24,2.57,1.22,-30.92,-10.91,-18.73,3.82
16.17,23.16,9.71,2.21,2.75,5.16,11.01,2.09,-7.06,-19.84,-19.01,-15.3,-3.79
17.04,25.01,13.49,6.79,5.12,3.4,7.78,2.26,-0.34,-6.94,-5.73,-6.04,-0.4
18.51,33.46,21.37,6.97,7.28,9.99,23.74,11.9,3.56,-12.82,-2.2,2.18,13.82
18.42,26.18,14.95,10.03,10.3,11.52,14.76,6.95,-0.01,-7.8,-5.29,-2.4,2.56
17.66,30.74,16.72,4.2,10.55,14.55,25.62,7.23,-5.63,-26.87,-20.45,-18.16,-0.23
17.27,20.8,7.16,3.94,4.29,4.97,3.77,-3.08,-8.4,-9.58,-6.81,-2.28,2.86
17.09,23.39,12.36,8.26,5.57,3.75,4.73,0.3,-4.44,-10.38,-12.05,-10.14,-5.21
17.01,29.26,15.67,4.98,6.9,10.68,23.14,14.92,8.55,-8.6,-6.67,-5.82,9.5
17.73,42.18,27.03,0.42,5.54,10.22,37.97,13.59,8.62,-15.22,-0.44,-8.39,4.62
17.32,34.78,21.28,8.6,11.47,14.19,22.27,6.73,-2.19,-14.17,-5.59,-6.2,1.29
17.23,32.54,21.85,6.93,4.09,5.33,22.65,14.34,3.57,-22.91,-21.48,-18.83,0.09
16.64,25.3,12.76,1.63,-0.75,0.17,12.73,9.01,2.45,-12.93,-10.27,-3.65,12.1
16.79,30.44,16.18,-0.32,0.27,3.66,19.28,7.57,-1.01,-21.1,-14.3,-12.67,3.08
16.75,28.77,17.07,4.39,4.54,7.8,22.14,10.77,-1.88,-25.18,-22.23,-16.31,-0.39
17.27,24.36,11.68,5.3,4.16,3.66,6.55,0.43,-4.15,-10.2,-9.31,-8.19,-3.86
17.13,27.12,14.16,6.02,6.48,7.58,11.24,0.16,-7.39,-14.36,-6.19,-1.09,7.28
15.92,27.74,14.17,1.58,-0.59,-0.52,9.72,1.57,-5.8,-18.53,-9.04,0.16,13.5
15.99,33.35,17.6,-1.07,0.75,2.64,15.81,-1.03,-6.42,-20.34,-5.48,-5.25,5.78
16.25,26.36,13.27,4.34,7.15,9.82,17.47,5.47,-5.59,-21.89,-18.85,-14.11,2.77
16.4,45.14,25.46,-9.07,0.46,3.06,38.57,11.72,15.45,-18.37,1.57,-11.26,14.77
16.9,38.39,25.74,-1.14,0.67,2.73,34.76,17.88,9.77,-26.46,-16.2,-20.89,7.12
16.39,26.57,12.72,1.73,7.04,11.95,23.78,9.53,-1.34,-22.24,-19.5,-16.91,1.74
16.32,35.44,20.03,-1.23,3.84,7.82,29.33,13.86,8.65,-16.16,-8.31,-10.39,8.47
16.35,29.73,17.71,1.78,0.38,1.43,21.17,15.76,8.75,-15.09,-12.74,-9.63,11.64
17.29,31.84,20.7,6.96,2.23,3.87,19.43,14.08,6.42,-12.32,-11.9,-9.92,2.44
17.27,29.7,14.5,3.13,9.55,16.31,28.19,13.24,3.54,-11.29,-2.77,-2.99,4.99
16.31,53.43,23.02,-20.24,13.52,1.81,41.39,-4.44,4.29,-32.97,2.28,-13.03,16.94
16.83,35.14,22.27,7.2,9.55,11.02,24.17,9.81,2.34,-13.29,-7.41,-8.6,5.11
16.84,29.23,16.35,4.32,10.15,14.21,24.83,7.04,-3.98,-19.78,-5.39,3.53,19.67
15.57,21.58,7.49,2.9,6.04,9.69,13.04,5.63,0.79,-3.33,0.61,2.95,7.07
16.9,54.79,39.53,-16.98,-6.14,6.15,50.48,-13.78,-13.72,-32.79,4.05,-22.57,9.82
15.56,25.32,12.84,2.36,2.52,3.93,11.92,1.67,-8.36,-22.31,-14.48,-3.94,13.41
15.7,30.55,14.13,-1.33,2.15,3.4,11.74,-5.4,-11.35,-22.82,-10.96,-9.59,1.9
15.49,23.84,10.11,-0.37,-4.95,-4.74,3.87,2.89,0.73,-7.34,-6.47,-6.27,0.19
16.3,36.75,22.74,-0.11,-2.38,-3.58,15.1,2.03,-3.66,-23.63,-10.31,-11.12,3.73
16.15,49.46,25.35,-16.12,10.84,6.59,33.79,-10.19,-11.97,-40.43,-5.31,-19.39,8.38
17.27,22.37,8.95,3.16,4.29,4.32,5.4,-4.81,-11.46,-17.16,-13.54,-10.76,-5.02
16.57,25.86,13.14,7.92,6.69,7.07,6.94,-1.08,-7.06,-9.31,-5.09,-2.05,0.18
17.36,41.55,27.53,1.05,5.37,9.33,31.97,4.5,-3.99,-28.19,-3.13,-6.53,7.98
15.81,21.76,7.47,3.54,7.69,12.61,14.61,4.12,-5.53,-12.83,-7.91,-1.13,6.6
17.9,38.83,22.74,-1.51,9.56,18.53,43.46,17.56,8.37,-19.99,-3.95,-12.66,2.08
17.5,30.88,19.56,10.65,12.01,15.48,23.72,12.08,1.98,-9.83,-3.98,0.8,6.7
15.61,47.68,22.22,-18.39,8.73,8.7,38.02,-4.0,-5.11,-33.25,-5.53,-23.07,0.82
16.72,31.5,17.25,3.91,7.96,12.94,25.1,11.36,3.79,-11.13,-4.08,-6.78,1.67
17.62,32.11,19.19,5.02,8.15,14.06,30.44,16.34,5.79,-13.15,-6.02,-5.77,5.45
17.67,24.15,11.31,6.27,7.81,12.47,20.07,17.68,15.04,8.84,9.04,8.85,11.85
17.28,24.99,14.08,9.51,7.34,6.01,8.33,5.13,1.84,-4.05,-6.36,-6.59,-3.23
16.46,43.2,22.89,-11.03,3.96,13.66,39.75,6.26,5.01,-17.02,13.29,-0.73,19.32
17.82,53.21,27.96,-14.16,15.73,17.02,46.88,-4.32,3.95,-20.77,13.42,-14.02,9.56
17.63,22.67,10.38,6.74,5.71,5.44,4.97,-0.63,-4.99,-7.05,-5.56,-3.05,0.63
17.58,51.67,27.34,-5.65,19.3,6.36,35.01,-9.21,-6.31,-23.66,7.88,-7.89,9.4
17.52,37.0,22.85,0.67,6.02,10.55,30.3,9.5,-0.63,-22.13,-6.0,-8.81,3.8
17.67,33.72,20.98,5.14,6.2,10.12,24.89,10.71,-0.06,-20.99,-12.33,-10.61,3.31
18.36,23.86,12.95,10.92,11.16,10.65,10.05,4.16,1.03,-2.25,-3.61,-6.45,-5.94
17.69,37.07,22.95,2.07,1.03,1.55,21.52,12.82,11.84,-6.32,-0.38,-9.0,0.38
17.81,32.67,18.79,4.24,6.13,10.06,23.71,12.3,5.98,-7.9,-1.83,-4.37,1.8
17.82,38.76,21.38,-2.15,11.28,17.17,37.78,9.19,3.59,-22.09,-8.27,-17.82,-1.12
17.6,42.83,24.88,-3.3,12.15,16.17,42.29,7.04,2.68,-22.65,4.23,-4.82,12.81
16.66,23.46,10.82,5.75,7.27,8.16,9.86,0.75,-4.18,-6.76,0.64,6.53,11.79
17.03,25.66,12.63,5.73,4.37,4.62,6.95,-0.9,-8.13,-15.24,-11.76,-7.83,-2.6
17.17,42.92,22.52,-9.94,5.59,7.47,31.17,-6.72,-6.2,-28.72,-2.46,-11.86,8.43
17.38,27.07,11.86,0.64,2.15,5.68,14.01,2.84,-4.75,-14.92,-6.04,-0.08,10.19
17.39,33.24,17.1,-3.82,-5.19,-5.01,8.93,-4.25,-6.33,-17.63,-3.9,-5.75,4.66
16.98,32.6,15.17,0.44,3.15,6.94,14.89,-1.09,-7.68,-18.62,-8.67,-11.19,-2.31
17.79,47.67,26.52,-11.89,4.23,8.57,41.75,-3.53,-4.19,-31.59,1.87,-13.72,9.46
17.59,21.51,8.35,2.4,-0.28,-2.94,-4.77,-14.38,-21.98,-25.84,-20.03,-12.69,-5.41
17.1,36.49,16.31,-7.38,6.21,8.18,24.46,-5.39,-10.82,-29.83,-11.85,-17.51,0.41
16.82,28.35,14.24,4.0,5.13,7.36,12.9,-2.73,-14.31,-27.53,-21.55,-17.61,-5.97
17.05,33.69,18.03,-0.01,4.58,7.53,21.11,0.78,-6.43,-21.78,-5.19,-2.01,12.02
17.95,30.88,16.11,4.86,10.34,14.83,22.33,3.95,-5.42,-16.6,-4.98,-2.73,6.85
17.23,24.95,13.2,6.54,3.61,3.95,8.16,2.98,-3.12,-9.54,-6.64,-2.29,3.21
16.52,38.72,18.38,-16.31,-3.44,3.79,33.5,-1.74,-5.65,-27.67,2.4,-3.3,17.48
17.2,31.44,16.29,-0.39,5.91,10.18,25.89,7.6,-2.18,-23.39,-11.72,-9.0,8.15
17.14,36.98,20.0,-2.36,3.55,7.39,28.68,11.51,7.03,-14.85,-2.85,-9.9,5.53
17.22,25.24,12.29,5.65,8.6,10.49,15.41,4.79,-1.89,-9.78,-3.85,1.81,11.22
17.24,30.82,17.13,7.94,9.34,10.49,14.65,2.19,-3.14,-8.15,1.15,3.98,8.68
16.86,42.14,24.65,-1.09,10.39,11.8,29.83,3.39,1.4,-16.84,-2.31,-7.02,11.09
16.33,48.09,26.43,-9.15,10.85,10.3,39.78,9.73,12.14,-9.47,9.18,-10.54,11.86
16.19,29.67,16.41,1.79,0.03,2.86,18.62,11.04,3.97,-11.99,-3.01,3.32,17.15
16.59,26.86,14.17,8.66,11.11,13.75,17.06,6.71,-0.92,-9.79,-7.38,-6.88,-3.37
16.74,29.09,17.82,8.56,3.25,0.37,5.62,2.12,-0.68,-8.47,-7.3,-6.6,0.85
16.4,48.76,29.36,-14.81,0.17,4.62,32.88,-8.43,-2.26,-21.79,8.15,-4.53,16.44
17.06,29.92,15.33,3.74,6.76,7.74,14.01,1.3,-3.15,-11.27,-0.87,1.83,11.59
17.54,26.3,14.84,6.15,3.97,3.37,8.58,-0.15,-7.5,-17.44,-13.18,-9.57,-1.23
18.38,34.33,21.47,7.86,14.64,16.05,24.51,0.62,-9.3,-23.79,-6.62,-2.38,10.01
18.74,25.72,14.13,9.04,7.74,7.84,9.44,2.22,-4.51,-9.78,-6.16,-1.22,3.54
17.98,28.63,16.5,8.04,11.57,14.45,22.11,8.41,-1.54,-14.07,-6.02,-1.53,7.55
17.2,22.53,12.07,10.22,8.4,5.18,2.78,-1.31,-0.58,1.42,2.99,1.43,0.17
17.4,26.53,15.09,10.52,12.1,12.66,14.74,5.14,-1.67,-8.8,-6.97,-4.16,3.58
17.0,26.79,13.88,7.57,5.32,5.71,8.53,5.05,2.38,-1.57,-1.91,-3.68,-1.86
17.52,27.94,16.06,7.69,3.64,1.77,7.19,3.97,1.76,-6.15,-7.04,-9.51,-6.58
17.26,26.33,14.82,9.16,5.94,4.57,7.14,3.65,-0.46,-7.28,-10.13,-12.13,-9.91
17.1,26.21,14.03,6.11,3.53,2.37,7.11,0.36,-5.92,-15.73,-17.12,-16.63,-12.13
16.67,33.18,23.22,9.11,3.59,0.58,11.86,2.84,-4.95,-21.51,-16.4,-14.49,-1.78
16.64,41.1,28.32,-0.22,-4.55,-3.85,24.22,8.89,3.72,-19.91,-4.75,-8.75,2.8
17.03,39.93,26.47,-0.17,-0.59,1.99,27.34,13.21,11.11,-12.76,-3.75,-13.05,-2.6
17.12,23.71,11.72,6.13,3.56,2.65,5.94,3.63,1.75,-2.27,-4.12,-6.0,-4.22
17.92,33.71,19.83,4.29,7.86,11.69,26.09,12.27,4.72,-11.52,-4.49,-8.93,0.58
17.85,40.78,22.88,-4.19,6.53,11.42,40.17,15.88,13.26,-16.2,-4.3,-15.21,5.43
17.02,43.66,23.25,-7.49,2.28,4.85,25.95,-4.1,-4.04,-24.07,-2.76,-15.6,-1.04
16.85,29.45,16.93,7.24,6.01,6.84,13.72,8.31,5.4,-1.46,0.75,-1.3,2.15
15.93,39.02,17.13,-6.81,4.64,5.14,18.73,-5.03,0.83,-10.25,8.03,-3.64,4.14
15.78,41.32,19.88,-14.48,-5.06,-1.14,22.45,-2.62,3.86,-11.11,12.48,0.36,12.76
16.44,30.12,17.25,5.37,4.26,5.55,15.55,5.72,-0.66,-11.77,-4.56,-1.79,7.85
17.21,43.93,30.52,0.06,6.5,13.76,37.39,-4.74,-14.54,-32.36,0.9,-3.57,9.52
17.55,29.0,16.25,6.2,2.08,2.09,9.78,8.73,7.53,-0.64,-3.6,-5.79,-1.83
17.93,28.07,16.69,9.43,6.95,5.7,9.1,3.53,1.02,-2.31,0.33,-1.38,0.64
16.38,34.73,19.3,-2.79,1.69,4.2,21.43,-0.4,-5.88,-21.59,-0.78,4.32,21.11
15.63,31.64,14.9,-4.0,-2.77,-2.75,7.06,-11.89,-16.87,-27.41,-10.42,-7.67,3.04
16.1,39.54,20.89,-1.24,6.91,9.41,24.05,-3.41,-7.15,-19.84,5.11,1.97,12.5
16.47,49.13,28.63,-17.58,-3.24,8.37,40.12,-7.57,-9.62,-36.48,7.68,-9.7,12.53
17.49,45.73,28.0,-6.55,2.87,7.0,32.25,-1.82,-5.05,-22.61,5.63,-6.54,6.26
17.02,27.59,16.21,8.43,5.97,6.47,12.34,8.16,1.96,-9.73,-12.91,-12.92,-5.95
16.42,27.11,15.75,5.39,0.95,1.04,10.02,5.75,-0.64,-13.15,-12.96,-9.99,-3.35
16.06,27.08,13.91,3.91,2.56,5.38,12.97,4.03,-3.11,-13.58,-8.87,-4.72,4.31
16.88,38.63,23.86,0.2,5.12,5.62,22.97,2.04,-5.1,-25.21,-11.35,-13.18,1.29
16.97,26.05,16.11,11.57,8.28,5.3,5.0,-2.03,-9.47,-16.9,-15.08,-9.23,0.38
16.85,27.96,14.82,5.76,6.6,10.44,15.51,2.61,-11.0,-24.95,-21.45,-15.06,-3.84
17.33,41.04,31.17,5.04,-0.75,0.61,29.44,17.93,12.45,-18.39,-6.75,-4.33,15.73
16.47,35.32,21.03,2.17,4.47,5.73,22.35,6.32,1.52,-14.37,0.53,1.98,14.55
15.94,54.97,33.4,-26.72,-3.17,6.5,42.83,-12.4,-9.81,-30.06,8.23,-15.64,17.17
17.23,45.3,22.51,-11.93,3.4,2.93,30.26,-2.51,3.59,-19.12,8.8,-5.68,17.63
17.22,26.57,11.72,-1.41,1.46,7.35,23.26,15.25,11.17,0.37,9.14,9.44,12.71
15.61,19.79,4.69,-2.73,-3.41,-0.89,4.98,0.21,-3.65,-7.99,-3.39,3.95,14.94
17.4,27.37,14.95,7.89,10.82,13.48,18.74,8.02,1.53,-5.18,2.84,7.39,14.64
17.29,27.46,15.88,8.97,10.54,12.91,17.99,6.62,-3.0,-13.55,-8.87,-6.08,1.51
17.4,38.24,24.46,-0.61,-1.57,-1.59,18.59,-1.67,-10.26,-30.08,-12.05,-10.96,5.77
17.12,26.19,17.1,11.8,8.89,5.82,9.4,5.52,3.19,-4.81,-4.84,-2.32,6.06
17.1,25.75,14.27,8.39,5.78,3.96,5.32,-1.37,-6.49,-11.57,-9.04,-6.19,-1.61
17.98,25.62,14.09,9.72,9.34,10.02,11.86,5.71,-0.07,-5.84,-5.14,-4.08,-0.06
17.09,43.28,26.1,-8.42,-4.34,-1.65,27.19,-2.15,-8.43,-30.22,0.36,-8.53,9.43
15.82,33.37,20.12,2.98,-1.02,-2.58,10.45,1.89,0.69,-7.82,2.1,2.49,12.11
16.25,35.38,20.31,-1.14,-1.19,1.21,19.96,8.31,4.5,-9.84,-0.33,-5.84,3.79
14.53,25.14,11.6,-1.63,-3.42,-3.31,9.44,4.66,2.99,-8.77,-4.23,-2.38,8.34
17.08,36.39,24.02,7.4,4.82,2.57,12.1,1.23,0.89,-9.54,-1.33,-6.49,-3.55
17.03,28.37,16.02,7.48,7.6,9.15,16.41,10.36,5.66,-3.67,-1.78,-2.99,0.04
17.46,29.43,16.65,6.6,7.64,11.24,21.62,15.67,12.51,3.7,6.93,5.5,7.49
17.06,22.82,10.9,6.76,4.93,3.02,2.68,-2.19,-3.1,-3.09,-0.45,0.64,1.98
17.44,52.99,30.65,-14.06,10.67,5.11,36.53,-11.05,-10.84,-21.44,8.27,-5.52,12.76
17.3,31.46,16.49,7.63,12.35,16.87,21.22,6.63,-3.62,-15.65,-8.98,-6.27,0.48
16.21,36.67,20.69,-3.45,1.47,4.54,25.85,0.19,-9.07,-31.32,-7.71,-3.54,17.51
16.82,28.66,15.95,6.63,6.8,7.35,12.89,-0.22,-10.46,-24.63,-19.99,-15.06,0.07
17.06,49.53,33.79,-9.74,-4.2,3.62,43.03,4.39,-0.8,-23.66,10.47,-6.22,8.3
16.84,36.71,22.94,1.83,0.84,0.82,20.13,11.17,10.1,-7.5,-1.31,-5.58,5.22
16.75,31.84,19.28,4.86,-0.64,-3.58,6.78,0.45,-2.99,-17.28,-16.19,-17.41,-8.77
17.51,31.88,20.98,10.22,9.29,10.07,19.27,6.19,-2.92,-18.29,-12.55,-11.19,-1.07
17.14,29.07,17.38,8.43,5.56,4.76,11.66,4.85,-1.57,-11.91,-10.57,-7.87,0.89
15.94,25.06,10.94,4.91,5.28,8.4,11.03,4.52,-1.93,-6.45,-3.1,1.02,5.29
16.77,31.31,18.42,5.23,2.91,4.36,19.16,16.19,13.2,-1.94,-0.25,-2.4,6.57
16.37,26.99,12.73,-0.24,-0.65,-1.17,9.08,0.8,-2.5,-16.46,-13.76,-15.83,-2.89
17.02,52.0,33.04,-11.12,8.57,7.23,41.61,4.34,0.95,-22.35,2.2,-10.57,10.51
16.99,43.96,19.58,-12.37,7.89,4.15,34.76,3.2,6.35,-15.7,2.43,-9.61,7.01
17.09,30.85,17.28,6.72,7.86,8.11,13.84,3.22,1.61,-4.09,1.63,-2.08,0.65
17.15,39.03,25.49,7.73,11.64,12.83,24.87,3.6,-6.64,-22.35,-5.89,-7.66,3.83
16.67,28.48,17.4,9.59,6.2,5.01,9.97,4.75,-0.5,-9.51,-8.43,-6.06,1.33
16.18,30.16,15.8,3.74,3.13,5.8,15.02,7.58,1.66,-10.05,-6.63,-5.3,1.79
16.82,27.93,14.1,3.58,6.64,10.43,21.67,12.01,5.36,-7.7,-3.5,-3.08,6.9
16.26,28.2,13.2,3.41,8.37,13.85,22.3,6.75,-2.5,-16.15,-7.08,-4.04,6.86
16.63,44.89,23.57,-5.84,8.82,6.26,29.42,2.54,6.11,-15.37,2.49,-9.86,6.49
15.61,44.6,27.48,-13.31,-5.42,-0.59,34.86,2.46,6.49,-21.8,0.74,-6.82,7.21
17.1,45.04,26.19,-12.33,-1.53,1.99,35.54,4.76,1.35,-24.97,-2.91,-20.31,-3.69
17.43,34.26,20.82,5.19,7.64,10.71,26.16,11.04,2.99,-15.7,-10.51,-11.56,2.6
17.47,26.07,12.54,2.55,1.18,2.43,10.99,7.99,5.81,-2.71,-2.59,-2.26,7.58
17.46,26.97,14.77,6.04,3.59,4.23,12.38,8.91,5.36,-4.33,-4.49,-3.92,3.75
17.19,41.32,26.26,-0.44,7.62,12.89,39.4,16.79,11.06,-16.75,-5.0,-17.58,-0.6
16.84,32.63,18.1,3.6,4.91,7.98,22.26,13.85,10.76,-3.0,0.56,-3.02,7.45
17.89,26.16,15.16,9.95,10.15,10.94,15.23,8.0,1.07,-9.13,-9.24,-6.88,1.8
17.37,26.44,16.45,10.81,6.87,4.5,7.37,5.82,3.03,-3.25,-5.59,-5.6,-2.06
17.11,27.82,14.83,5.46,6.25,8.36,16.37,8.7,3.54,-4.98,2.35,7.5,18.03
16.45,33.37,22.21,8.71,4.3,2.52,11.4,4.34,3.33,-7.2,-1.69,-2.1,3.94
16.51,34.5,19.54,-0.66,0.66,3.54,23.83,14.24,12.22,-5.1,10.24,10.66,24.11
15.39,38.58,22.76,-7.2,-6.8,-5.7,22.28,4.74,2.81,-18.55,-1.42,-2.15,14.6
16.89,31.04,18.6,8.02,5.8,3.16,9.15,0.94,1.61,-2.7,5.33,8.48,14.56
15.76,28.12,14.14,2.11,4.4,7.05,15.57,3.26,-0.47,-7.73,3.56,4.92,11.96
16.36,27.7,15.73,10.03,14.03,15.15,15.5,-0.61,-8.62,-13.4,-3.21,-0.21,4.84
16.81,32.4,17.64,5.02,5.36,6.6,13.13,0.62,-5.37,-12.84,-1.01,5.53,15.62
16.89,23.29,10.09,3.07,0.64,-2.1,-1.77,-9.97,-14.85,-19.76,-16.59,-13.87,-8.41
16.81,33.83,20.41,5.18,0.34,0.07,13.38,7.14,1.91,-9.32,-2.99,-0.72,8.68
17.87,48.57,30.08,-3.89,6.28,3.67,27.58,-7.09,-3.59,-17.02,16.86,3.82,20.46
18.1,22.34,10.23,6.45,4.48,1.93,-1.03,-7.6,-11.22,-11.86,-10.1,-8.61,-6.67
17.87,24.91,13.95,10.04,8.62,7.05,7.07,0.9,-3.35,-7.06,-5.9,-4.17,-0.18
17.43,28.9,18.14,11.38,10.54,10.79,15.75,7.88,-1.0,-11.45,-8.97,-4.45,3.87
17.13,48.97,25.89,-7.71,13.36,6.3,34.49,-3.3,-0.01,-16.72,9.14,-4.06,8.01
17.45,27.68,16.28,6.4,2.72,0.64,8.22,3.17,-1.12,-11.24,-5.81,-1.02,4.65
17.6,24.9,14.29,10.73,9.67,9.8,12.35,7.36,2.97,-0.44,2.57,6.18,8.67
17.06,32.68,19.41,6.17,5.45,8.96,21.72,11.07,2.74,-11.36,-3.17,1.12,11.81
15.88,45.06,26.55,-11.16,-3.37,4.21,31.73,-4.77,-6.37,-24.08,3.91,-7.3,11.07
17.41,47.65,31.14,-4.32,6.28,11.84,39.37,1.9,0.6,-17.77,9.56,-1.21,13.63
