1.92,-43.58,-22.84,-11.87,-18.2,-6.75,-18.51,-14.4,-23.21,-8.56,-5.89,1.86,-7.56
2.05,-40.82,-23.76,-14.94,-20.13,-7.52,-18.7,-6.12,-16.83,-2.45,-5.65,7.06,2.4
1.76,-42.38,-21.34,-11.36,-21.21,-12.6,-17.74,-3.17,-13.59,-7.65,-8.23,-4.52,-7.34
2.61,-36.54,-25.4,-5.27,-18.31,2.01,-13.71,0.29,-16.34,-0.97,-7.34,8.26,-2.23
7.42,4.57,-3.62,-26.81,-29.05,15.62,25.29,-0.28,-15.06,-10.31,20.34,24.87,16.68
6.43,5.07,-5.12,-12.5,-21.6,12.7,8.23,7.88,-8.46,-8.98,-0.54,7.72,6.54
15.64,52.77,29.45,-22.69,-8.72,-9.12,22.03,-10.99,3.91,-22.6,14.26,-12.18,7.72
15.92,39.21,18.57,-13.0,-5.22,-0.72,24.14,-3.2,-5.86,-27.86,-6.79,-16.18,1.71
15.42,34.69,14.71,-13.65,-8.13,-8.87,7.87,-18.18,-22.05,-38.05,-10.21,-12.03,3.56
16.05,32.12,14.81,-9.77,-11.13,-9.27,12.88,-0.66,-1.88,-18.62,-4.41,-7.54,5.39
17.01,39.16,19.04,-10.68,-2.95,-0.55,20.7,-5.01,-5.17,-24.0,-0.56,-7.55,8.87
16.01,34.2,17.13,-13.35,-13.87,-10.57,13.77,-3.31,-4.13,-16.26,11.9,11.66,20.82
17.18,36.05,18.71,-8.63,-5.15,-4.96,18.17,-1.52,-6.17,-32.36,-14.11,-10.77,16.76
17.53,30.73,11.11,-10.54,-9.1,-6.56,10.92,-1.94,-4.34,-20.86,-9.23,-12.04,0.65
17.21,56.12,24.58,-33.07,-0.19,-10.73,35.36,-20.47,-13.48,-33.82,4.34,-15.6,9.44
17.43,33.28,14.15,-7.68,-4.82,-1.92,12.17,-4.83,-7.28,-18.84,-1.8,-4.44,4.46
17.2,24.7,9.66,-1.92,-2.78,-1.12,8.86,2.89,-1.32,-10.01,-3.28,1.33,9.16
17.87,53.68,28.57,-20.56,-8.92,-14.01,28.61,-14.92,-1.88,-38.07,3.82,-16.74,20.47
16.77,38.17,13.32,-18.54,-3.16,-9.02,10.69,-25.56,-25.27,-40.46,-3.61,-4.96,14.32
17.85,27.37,7.54,-11.62,-13.96,-13.66,-3.23,-14.41,-16.94,-25.8,-13.26,-10.18,1.24
18.15,44.55,28.02,-10.03,-8.55,-5.31,22.13,-9.99,-11.48,-29.36,3.66,-2.39,18.12
18.24,41.15,26.77,-12.1,-16.71,-17.14,19.3,0.34,-3.42,-30.46,-4.01,-7.04,11.25
17.52,45.66,21.87,-19.48,-8.08,-9.64,21.52,-11.68,-4.01,-26.65,9.23,-2.28,15.33
17.91,42.92,23.01,-15.24,-8.24,-5.96,21.88,-9.88,-7.97,-27.95,2.02,-6.62,14.56
17.92,29.86,14.43,-1.38,-2.54,-2.17,9.66,0.26,-2.87,-14.48,-6.96,-7.0,3.18
18.1,40.35,20.95,-6.17,-5.35,-7.52,12.2,-3.93,-0.43,-20.18,-7.88,-15.56,2.59
18.04,36.59,16.63,-14.54,-14.38,-15.41,7.32,-8.76,-3.72,-21.31,-6.06,-18.58,-5.76
17.56,36.68,15.74,-15.7,-13.75,-14.81,11.53,-5.66,2.46,-18.08,3.12,-6.44,10.78
18.71,44.55,23.02,-8.9,-1.75,-10.49,12.75,-8.57,1.43,-18.7,1.56,-8.86,9.94
18.11,29.92,13.91,-2.13,-2.08,0.51,11.94,-1.94,-8.63,-20.55,-8.29,-3.44,9.96
17.59,34.47,17.9,-5.98,-7.03,-5.59,13.66,2.44,2.34,-13.23,1.23,-3.15,6.43
18.09,25.83,11.21,-0.66,-5.23,-5.32,3.83,3.18,4.14,-1.06,1.11,-0.44,2.98
18.5,61.99,35.36,-37.04,-17.68,-0.42,46.98,-33.4,-13.07,-21.29,31.1,-23.3,18.45
19.09,48.4,21.32,-14.08,-2.47,-7.5,13.32,-21.35,-7.59,-24.6,7.03,-13.41,7.54
18.55,30.42,16.9,1.39,-5.26,-8.54,2.43,-0.69,1.15,-6.91,-1.64,-3.88,0.42
18.98,46.73,28.65,-12.26,-8.31,-9.31,21.94,-7.43,-2.78,-20.79,10.8,-4.06,5.12
19.0,31.07,16.06,-2.95,-6.77,-9.38,6.71,0.04,-0.86,-18.48,-12.39,-12.08,4.07
19.01,31.38,16.14,-1.57,-3.02,-3.04,11.1,0.2,-4.09,-20.64,-14.46,-15.81,-1.76
19.44,31.65,15.66,-5.33,-10.94,-14.75,-1.14,-10.08,-10.53,-22.22,-9.04,-6.63,6.92
19.11,30.56,12.11,-9.07,-12.15,-14.71,-2.11,-13.08,-13.44,-26.45,-16.74,-19.03,-4.76
18.95,29.23,14.24,-3.34,-6.89,-9.51,3.9,-5.47,-10.33,-29.33,-25.06,-22.54,-1.93
19.26,44.14,21.07,-14.66,-8.7,-15.78,13.84,-6.79,4.08,-23.75,-3.96,-19.85,5.87
18.89,48.37,21.35,-26.52,-11.4,-22.84,19.82,-10.64,8.06,-24.93,3.95,-21.32,7.4
18.37,28.63,15.92,-1.88,-9.61,-17.18,-2.2,0.08,13.17,6.04,8.99,-3.84,-0.09
18.43,49.05,22.17,-29.04,-16.65,-19.75,19.1,-17.58,-3.37,-27.08,11.48,-9.99,15.39
18.37,23.89,7.74,-7.23,-12.88,-14.49,-3.94,-5.43,-4.28,-11.65,-8.99,-12.45,-9.17
18.25,59.27,20.0,-35.61,3.21,-20.23,23.23,-27.46,3.62,-21.07,20.51,-13.96,12.9
18.95,28.13,10.42,-4.65,-6.14,-7.04,2.42,-4.18,-0.9,-8.02,-3.18,-10.79,-6.37
18.95,33.83,16.0,-6.61,-6.42,-10.59,5.27,-5.69,-1.42,-14.92,-3.09,-7.94,5.89
18.7,27.98,10.18,-5.06,-8.25,-10.54,-3.6,-9.56,-4.39,-4.98,4.35,0.29,3.61
18.37,27.89,12.45,-2.09,-4.74,-5.16,3.51,-4.25,-5.44,-12.2,-4.95,-4.69,3.36
18.86,30.38,12.43,-4.3,-5.42,-4.68,4.3,-5.58,-5.35,-9.22,2.36,-1.44,-0.22
19.29,38.27,19.53,-5.84,-2.77,-6.04,7.82,-11.56,-7.76,-21.41,-7.1,-15.83,-2.55
18.89,35.56,18.05,1.04,2.35,-0.99,6.2,-9.68,-8.98,-17.54,-3.15,-4.22,6.69
19.2,40.08,26.84,-2.72,-9.8,-13.05,13.95,0.93,-0.95,-25.04,-9.25,-12.35,6.59
18.14,23.5,10.56,-0.5,-4.12,-7.47,-0.37,-5.44,-4.22,-9.38,-1.95,-0.83,6.44
18.67,46.3,27.96,-13.75,-11.3,-7.76,27.72,-2.91,-3.37,-29.4,0.97,-11.58,8.44
18.23,41.69,20.04,-13.02,-9.08,-18.26,6.37,-14.48,-6.46,-28.57,-5.39,-14.2,8.5
18.13,36.61,14.17,-15.57,-5.22,-5.61,16.78,-6.89,-1.92,-20.19,0.97,-11.24,-1.72
18.21,38.07,18.75,-7.44,-3.21,-4.81,11.31,-12.42,-7.46,-17.95,7.94,2.06,14.87
18.65,35.6,20.63,-1.71,-6.31,-9.03,8.8,0.5,1.49,-12.8,-0.54,-3.11,7.07
18.79,35.01,19.57,-2.8,-8.76,-13.89,0.64,-8.87,-7.38,-20.59,-9.11,-12.32,-2.04
18.47,26.26,12.97,4.5,2.8,-2.23,-2.47,-10.12,-5.42,0.07,11.77,11.66,11.03
18.35,50.89,30.55,-18.94,-8.91,-11.02,19.61,-20.93,-16.08,-34.41,9.36,-10.96,10.04
18.2,34.64,20.5,0.53,-3.97,-6.18,10.54,5.32,8.73,-3.96,4.2,-1.24,6.53
18.62,34.32,17.57,1.21,0.51,0.82,12.98,4.16,4.81,-6.25,0.23,-3.46,6.0
18.17,32.96,17.38,-2.13,-4.16,-5.66,7.93,-4.07,-4.98,-16.87,-4.22,-1.7,11.49
18.47,35.05,17.69,-1.52,2.27,5.54,20.5,2.39,-1.3,-14.29,0.97,0.55,15.44
18.71,32.11,17.14,1.42,1.55,1.24,11.75,-0.43,-4.07,-15.34,-3.43,0.37,12.46
18.28,29.47,16.6,1.87,-1.98,-3.65,8.94,2.44,-2.31,-17.09,-11.24,-7.09,6.0
18.69,38.25,22.08,-2.12,-2.59,-5.08,12.41,-1.31,2.89,-10.17,5.2,-1.66,8.07
18.34,32.29,14.49,-5.91,-4.71,-3.42,11.1,-2.16,-1.94,-11.99,2.58,-2.41,2.06
18.37,64.46,40.31,-31.93,-15.68,-17.36,56.22,-17.65,-11.66,-12.45,39.17,-9.83,13.73
18.12,23.96,7.75,-2.6,-4.73,-6.95,-7.07,-17.89,-20.53,-21.1,-11.38,-8.45,-3.42
18.26,39.71,24.51,-4.03,-4.24,-2.58,19.95,-5.91,-12.57,-30.29,-5.06,-4.72,9.32
18.81,53.98,19.66,-17.25,17.4,-18.17,45.7,-6.9,-0.73,-18.67,12.31,-1.23,13.47
18.14,52.55,23.22,-18.02,8.07,-2.25,34.16,-7.87,6.13,-21.19,3.93,-8.89,14.97
17.62,34.51,17.16,-5.14,-2.19,-0.18,16.36,-2.29,-5.55,-15.72,4.8,2.73,10.44
18.76,43.36,23.14,-12.37,-2.33,2.2,33.68,3.81,5.17,-19.79,8.46,-2.27,14.56
18.69,48.79,28.21,-25.79,-10.73,-2.93,31.36,-24.6,-21.08,-29.64,19.12,-7.95,3.45
16.96,42.11,16.74,-16.41,-3.6,-9.41,14.06,-11.09,-1.33,-22.36,0.63,-10.72,8.88
18.86,41.14,24.01,-3.01,-2.63,-7.29,12.09,-5.41,-2.49,-20.49,-2.49,-8.24,8.05
19.06,35.24,20.62,2.06,-1.21,-6.0,4.13,-7.49,-5.42,-12.96,-1.55,-4.36,2.66
18.57,27.13,14.59,4.21,-1.6,-6.62,-1.93,-4.49,-3.14,-7.77,-5.27,-6.6,-2.89
18.88,57.61,25.5,-19.13,7.57,-18.17,33.61,-18.08,1.87,-22.6,7.02,-5.5,19.01
18.8,30.76,16.62,3.48,1.4,-0.1,6.06,-5.55,-8.75,-13.94,-0.46,2.57,6.65
18.27,27.69,13.98,1.9,-1.82,-3.43,2.83,-5.81,-10.33,-17.11,-8.75,-4.53,2.2
18.51,47.56,32.19,-8.2,-4.74,-3.3,24.31,-13.56,-9.98,-23.3,12.01,0.24,11.82
19.45,27.64,14.44,3.67,0.17,-3.52,-1.3,-11.82,-15.29,-19.71,-11.83,-8.17,0.1
19.12,21.11,8.27,4.63,2.75,0.01,-2.28,-7.93,-9.9,-10.82,-9.75,-9.56,-6.74
18.42,36.64,22.45,0.43,-5.06,-9.82,3.84,-7.79,-4.53,-15.69,-5.72,-9.97,2.03
18.52,55.52,34.9,-25.56,-17.17,-19.24,32.53,-21.44,-17.46,-32.3,10.39,-18.68,6.25
17.61,49.36,25.7,-26.81,-19.41,-20.53,22.48,-14.48,-5.81,-34.99,2.21,-21.71,3.18
18.57,30.25,15.76,2.33,1.14,1.86,11.33,1.42,-3.41,-13.85,-6.74,-5.5,3.46
18.78,61.23,25.29,-21.95,13.07,-21.38,42.89,-14.36,3.56,-20.66,2.47,-11.49,11.35
18.42,42.56,25.5,-4.85,-6.03,-8.87,18.1,3.26,9.33,-12.05,4.19,-6.7,9.23
18.36,38.54,23.75,-2.15,-6.48,-9.59,12.34,0.7,4.26,-10.89,7.98,6.97,19.36
16.9,33.18,13.24,-6.47,-6.61,-8.42,2.2,-8.72,-2.15,-6.18,7.88,-1.04,4.02
18.16,40.86,22.71,-8.16,-5.33,-6.38,14.53,-12.54,-14.39,-32.26,-3.57,-5.78,11.01
18.38,43.28,23.42,-6.49,-2.71,-6.91,15.8,-3.91,5.95,-11.38,8.44,-5.21,8.15
18.35,27.75,14.5,3.5,0.6,-0.05,6.11,-1.5,-6.64,-14.12,-5.99,0.08,8.83
18.17,27.38,13.18,3.77,-0.76,-3.12,-0.19,-3.83,-4.13,-6.04,-2.47,-2.23,2.22
18.68,34.36,17.56,-6.25,-8.16,-10.03,7.22,-6.48,-6.05,-17.85,2.35,5.36,21.51
18.79,28.06,11.55,-1.13,-3.73,-3.67,2.1,-5.73,-9.65,-15.27,-7.45,-3.68,3.55
18.99,48.14,28.39,-13.11,-6.27,-5.12,24.17,-13.86,-9.53,-29.9,4.79,-6.16,18.06
18.73,29.69,14.23,3.2,1.43,2.07,6.72,-2.16,-5.89,-10.11,-1.82,1.48,6.77
18.6,37.99,23.32,2.99,3.99,1.18,11.74,-8.09,-9.86,-21.72,-5.55,-7.78,3.9
17.99,47.69,29.04,-6.19,6.74,7.72,30.11,-13.21,-13.73,-32.04,6.67,-1.29,14.67
17.57,25.48,12.19,3.15,-0.27,-1.21,5.46,4.02,3.91,-2.16,-2.93,-4.26,1.07
17.65,33.33,15.33,-2.65,-3.48,-4.25,6.48,-4.71,-2.79,-9.78,2.45,-1.1,6.7
17.91,42.23,25.98,-8.06,-10.26,-14.39,12.61,-2.75,4.36,-18.14,-0.73,-12.56,7.29
18.03,38.63,21.96,-11.23,-12.76,-13.69,15.92,0.2,2.38,-20.41,0.14,-5.95,15.09
17.86,34.24,17.5,-4.75,-5.33,-7.08,9.28,-2.22,-0.02,-12.78,1.56,2.73,16.32
18.21,59.67,29.55,-26.96,-3.79,-13.33,33.92,-18.02,3.12,-24.62,14.36,-10.86,12.11
18.7,60.19,33.05,-23.5,-5.12,-13.66,29.41,-21.46,2.14,-25.59,18.62,-16.31,8.1
18.57,45.69,21.01,-7.3,11.21,-3.03,20.54,-7.64,2.41,-13.4,4.71,-10.14,2.64
18.56,35.39,17.88,-8.25,-10.72,-14.81,1.47,-16.12,-15.05,-28.6,-7.66,-6.44,8.31
18.8,31.77,16.71,2.14,-2.29,-5.08,2.52,-3.82,-3.13,-9.01,-2.17,-3.74,1.85
18.64,25.4,12.94,5.12,1.12,-0.36,4.43,3.33,2.54,-3.35,-5.33,-8.01,-5.62
18.32,24.14,11.69,3.77,-1.86,-5.55,-2.74,-4.92,-5.7,-9.43,-8.1,-5.46,2.52
18.84,32.02,19.22,5.76,1.86,-0.73,7.58,-0.23,-3.55,-14.89,-10.13,-8.59,2.9
18.64,38.9,23.27,-5.36,-7.67,-11.55,7.46,-9.76,-9.31,-24.86,-2.8,-1.71,15.1
18.3,34.98,20.38,0.57,-0.4,-2.67,10.6,-6.89,-12.42,-28.42,-11.03,-6.34,8.32
18.52,40.19,25.25,-2.0,-1.75,-3.98,14.53,-7.87,-9.32,-24.93,-2.66,-5.24,8.14
18.55,27.47,12.79,0.99,-1.78,-5.13,-2.28,-11.44,-12.07,-14.76,-6.84,-6.16,-0.49
18.64,31.92,17.46,2.46,-2.43,-4.53,4.14,-2.78,-4.07,-10.88,-2.21,-1.37,5.85
18.19,32.43,17.43,0.62,0.57,0.35,10.22,-5.09,-8.19,-16.14,-1.36,2.96,14.5
18.58,30.1,14.54,2.18,2.42,3.35,10.25,-1.56,-8.25,-19.12,-10.68,-7.46,0.33
18.27,25.72,12.01,1.29,-1.11,-3.59,0.67,-8.35,-10.5,-12.68,1.01,8.49,14.13
18.74,51.49,26.38,-16.53,-1.32,-3.71,31.81,-8.75,1.46,-20.03,20.07,2.6,26.07
18.44,25.65,11.99,3.31,1.98,-0.59,1.53,-4.81,-1.84,0.91,10.87,12.25,13.63
17.95,33.31,22.9,7.81,0.44,-5.53,5.25,1.53,1.96,-9.03,-3.11,-1.03,10.25
17.73,27.26,13.79,1.91,-2.51,-2.09,8.4,6.59,5.25,-1.87,2.77,5.69,12.21
17.86,32.96,16.6,2.24,3.76,5.66,14.84,2.88,-0.78,-10.38,-2.14,-4.3,1.9
18.35,58.17,27.26,-17.03,11.91,-14.72,28.72,-23.43,-7.05,-27.98,8.98,-7.37,17.08
18.26,34.49,17.83,0.51,0.31,-2.0,6.17,-7.92,-9.12,-17.94,-4.44,-4.68,5.15
18.34,28.22,15.09,5.43,4.01,3.17,8.07,1.33,-0.28,-3.75,4.02,5.65,9.15
17.91,24.41,11.69,4.49,-0.44,-3.46,-2.3,-6.27,-8.87,-10.93,-7.68,-3.82,-0.5
18.74,54.2,29.73,-14.92,4.71,1.53,33.81,-10.07,1.22,-21.82,11.18,-10.0,13.15
19.12,40.65,21.27,-1.91,6.22,3.67,17.06,-8.53,-7.81,-20.73,3.58,-3.71,10.12
18.46,35.23,18.49,-2.01,1.47,1.91,14.62,-6.18,-9.16,-20.59,-4.0,-5.49,5.81
18.12,43.04,27.79,0.02,1.7,0.41,19.82,-5.08,-7.1,-23.65,2.32,-0.12,16.78
18.43,25.09,13.53,6.51,2.86,0.12,1.91,-6.04,-14.1,-22.48,-18.91,-13.29,-5.98
18.29,36.68,22.1,-0.8,-2.15,-3.05,14.81,-1.77,-4.75,-21.17,-4.07,-2.2,15.53
18.02,37.05,23.79,1.79,-2.45,-3.76,15.7,5.21,2.62,-13.81,2.21,4.56,18.66
18.1,26.4,11.9,2.26,0.59,-0.6,3.27,-3.72,-3.26,-4.49,5.58,8.99,14.21
17.77,44.33,24.86,-10.36,-5.11,-10.13,20.23,0.79,10.9,-12.34,6.21,-12.36,8.11
18.11,48.14,26.88,-11.84,-4.01,-4.57,26.18,-0.46,7.58,-13.51,15.81,-0.65,17.92
18.02,34.6,20.29,-0.96,-4.34,-2.66,17.28,8.24,4.41,-14.0,-5.1,-7.12,4.54
18.28,59.11,29.69,-25.4,-1.45,-6.94,41.24,-13.59,-1.12,-34.55,7.62,-22.64,16.77
18.19,34.72,16.23,-6.91,-4.46,-5.23,9.19,-7.4,-4.21,-13.25,5.59,3.17,14.48
17.74,29.85,10.44,-6.27,-6.76,-5.14,4.9,-3.98,-4.27,-11.43,-2.83,-4.06,4.83
17.68,37.23,17.68,-6.81,-0.66,-2.16,12.23,-10.63,-8.55,-20.39,0.38,-2.22,12.91
18.23,32.78,16.01,-2.88,-2.84,-4.42,4.74,-12.11,-12.1,-18.41,-1.64,-5.79,-1.28
18.35,40.08,21.65,-7.62,-5.21,-9.33,11.4,-8.46,-3.87,-23.67,-3.82,-7.33,16.32
17.83,30.36,16.77,3.41,2.57,0.78,7.11,-7.18,-11.23,-17.28,-2.52,3.81,13.9
18.33,54.9,29.1,-17.7,3.26,1.07,38.54,-7.25,3.6,-22.65,11.84,-5.58,19.81
18.07,40.51,20.27,-5.87,2.82,5.22,23.76,-2.49,-0.06,-12.0,13.89,3.98,15.7
17.49,30.62,14.37,-1.1,0.04,-0.58,7.21,-4.21,-2.27,-5.35,6.95,4.44,10.14
17.57,36.88,18.55,0.88,4.79,4.24,14.17,-2.37,3.86,1.56,17.98,7.15,11.26
18.23,30.66,17.88,5.17,1.83,1.13,9.61,1.58,-3.29,-12.7,-5.19,-2.02,5.71
17.73,41.66,23.33,-5.63,-1.52,-2.91,15.95,-9.67,-5.91,-18.8,10.54,5.33,19.46
17.22,31.27,19.22,2.51,-8.01,-13.04,-2.34,-4.77,-3.38,-9.99,-1.92,-3.01,1.4
17.62,45.54,23.3,-9.53,-0.27,0.45,24.79,-6.7,-1.48,-21.76,6.64,-3.97,18.26
17.26,39.91,18.98,-12.07,0.0,0.53,21.66,-12.71,-15.67,-34.52,-2.79,-7.97,9.37
17.22,43.48,16.61,-17.81,-2.5,-10.31,19.32,-8.48,4.34,-13.4,17.18,9.03,25.91
17.65,39.29,20.63,-11.45,-7.94,-3.81,19.32,-5.21,-6.05,-23.22,2.64,-7.58,4.1
17.63,48.33,23.19,-17.62,0.35,2.84,32.03,-6.44,2.25,-22.6,8.88,-11.84,5.95
18.1,31.2,15.21,-0.87,-1.14,-1.31,9.01,-0.14,1.72,-3.59,7.21,4.64,10.12
17.99,35.92,16.89,-3.38,-0.59,-2.0,7.15,-10.46,-8.15,-17.06,0.06,-4.19,8.8
17.02,42.64,20.08,-16.87,-6.8,-10.82,9.0,-25.6,-18.58,-31.35,3.73,-3.19,11.65
18.21,29.6,13.38,-2.52,-6.73,-10.14,-2.76,-11.22,-10.2,-16.25,-6.82,-7.43,1.66
18.48,24.62,10.2,1.39,1.33,-0.6,1.36,-7.92,-8.73,-9.79,-0.62,3.03,9.56
18.31,36.33,20.85,-3.0,-2.93,-3.25,14.32,-3.17,-6.99,-24.29,-6.73,-7.07,10.13
18.39,29.89,18.19,5.16,-3.32,-8.22,1.22,1.74,3.85,-3.26,0.09,1.34,10.63
18.33,37.44,20.21,-3.66,-5.37,-10.15,9.23,0.75,7.96,-5.41,7.08,0.47,12.92
18.77,28.18,14.05,0.62,-4.67,-7.24,1.67,-2.25,-3.93,-14.14,-12.16,-11.66,-1.77
18.76,28.91,11.49,-5.24,-7.98,-6.81,3.78,-5.53,-10.61,-21.57,-12.88,-8.81,2.28
18.09,61.29,32.45,-34.42,-10.14,-17.17,38.88,-31.96,-18.45,-28.65,19.98,-6.16,16.77
19.13,36.92,22.84,-0.97,-2.79,-5.45,10.59,-8.63,-14.01,-30.88,-10.55,-8.05,6.87
18.69,29.05,16.55,3.85,-3.39,-8.86,-2.27,-5.77,-5.03,-11.85,-7.97,-7.36,0.43
19.23,26.42,13.65,5.06,-1.27,-6.91,-6.31,-10.1,-9.57,-11.61,-8.8,-7.05,0.13
19.16,28.31,14.81,2.97,-2.14,-7.43,-2.76,-8.54,-9.07,-15.98,-12.83,-12.29,-3.13
18.45,34.0,18.45,0.02,-5.54,-11.28,-0.93,-6.63,-4.78,-17.06,-11.48,-14.52,-2.19
18.01,26.24,12.91,3.89,1.92,1.58,7.19,1.82,-1.36,-9.51,-9.43,-10.39,-3.77
18.77,29.46,15.91,4.39,-0.09,-5.0,0.34,-4.84,-2.11,-8.79,-7.28,-12.21,-3.7
19.23,35.56,20.37,-2.21,-5.55,-13.3,3.37,-4.47,3.24,-11.75,-3.71,-11.41,4.95
18.38,35.51,20.1,-4.16,-9.38,-16.5,-0.26,-10.87,-4.19,-16.37,-4.62,-14.39,-3.11
18.91,35.34,17.98,-8.19,-11.93,-16.97,1.68,-9.62,-5.63,-19.9,-4.25,-8.32,6.25
19.02,30.06,15.83,-1.33,-8.27,-13.27,-1.14,-5.02,-3.2,-14.77,-8.98,-8.42,6.63
18.96,61.25,37.69,-23.87,-12.09,-18.94,39.99,-21.65,-10.35,-29.52,12.52,-24.35,7.94
18.81,46.45,24.43,-9.15,-3.31,-15.82,9.47,-11.64,3.43,-18.77,-3.0,-22.82,-2.0
19.1,41.61,25.01,-2.96,-2.95,-9.2,9.72,-6.21,2.9,-13.35,0.99,-11.05,1.55
18.58,24.72,12.6,7.71,4.01,-0.28,-2.78,-6.99,-6.3,-3.84,-0.46,-0.86,-1.58
18.33,45.96,26.43,-11.59,-9.79,-15.73,13.66,-9.94,1.18,-20.38,2.88,-8.89,12.13
18.72,38.01,23.98,-2.51,-10.68,-20.44,0.42,-5.21,2.82,-17.44,-7.24,-13.36,5.72
18.6,36.93,23.72,4.58,1.89,-3.67,5.46,-11.43,-12.45,-22.09,-5.35,-5.62,5.32
18.41,43.83,27.97,-5.94,-7.56,-13.22,10.83,-11.06,-7.43,-26.6,0.09,-4.43,12.9
18.57,30.53,17.74,6.54,3.53,-0.05,4.32,-3.08,-2.06,-5.54,0.35,0.07,5.44
18.24,35.08,22.18,4.7,0.99,-3.71,5.5,-6.47,-5.68,-11.97,3.8,5.2,16.7
18.68,47.24,30.55,-3.95,-1.77,-7.24,17.89,-9.84,-6.4,-27.05,0.86,-9.14,8.78
18.67,35.67,21.5,2.7,-1.19,-5.41,7.02,-3.13,-3.84,-17.06,-6.9,-6.66,7.74
18.64,51.02,25.23,-16.66,1.44,-6.16,22.74,-19.24,-11.19,-28.68,6.1,-18.62,-2.01
18.6,51.46,26.93,-17.43,-2.37,-15.02,17.61,-21.65,-14.64,-36.36,-2.49,-19.26,6.63
18.15,31.26,18.73,3.48,-4.68,-9.52,0.75,-1.95,-1.4,-11.74,-7.63,-6.28,5.5
17.91,60.9,28.8,-26.94,-1.71,-21.75,22.42,-30.6,-3.64,-29.19,9.04,-23.68,10.79
18.04,42.54,24.03,-12.0,-10.98,-11.86,14.29,-9.87,-7.35,-25.63,6.3,-1.6,16.6
17.79,35.54,18.15,-9.87,-10.1,-9.62,9.22,-10.82,-14.02,-27.82,-3.98,-4.01,7.71
17.41,23.97,7.77,-6.79,-11.85,-13.1,-1.76,-1.48,2.23,-3.28,0.9,0.21,5.71
18.0,30.04,13.22,-3.38,-8.5,-9.51,0.94,-3.92,-5.42,-15.71,-10.3,-8.84,1.54
18.17,63.28,34.18,-27.72,-0.48,-5.13,47.87,-15.76,4.15,-10.61,24.94,-11.32,12.04
18.44,40.54,22.14,-5.23,-4.99,-8.37,11.58,-3.84,1.55,-10.42,11.02,4.32,18.31
18.0,41.57,21.81,-10.6,-6.54,-8.38,13.43,-9.82,-3.38,-16.23,10.34,-1.83,3.52
18.56,47.86,28.51,-15.78,-12.15,-14.3,22.24,-9.06,-4.99,-27.31,6.86,-5.65,10.88
18.35,26.21,12.81,3.4,-0.24,-3.86,-0.64,-5.12,-5.05,-8.89,-5.84,-6.07,-0.26
18.21,32.64,20.12,5.71,0.04,-5.35,0.84,-7.52,-7.11,-10.82,0.73,2.02,7.53
18.62,54.83,40.17,-7.45,-7.15,-12.83,26.23,-4.31,5.29,-22.08,19.88,0.19,24.06
17.91,31.76,18.44,3.04,-0.61,-2.53,7.14,-1.59,-3.87,-13.3,-5.15,-4.34,3.94
18.65,52.55,31.33,-24.45,-19.82,-14.12,27.09,-26.21,-22.51,-34.61,18.21,-10.02,5.28
18.17,44.64,26.38,-7.32,-3.56,-8.05,13.03,-14.15,-6.82,-24.01,1.55,-7.79,13.95
18.71,31.34,17.89,2.51,-3.67,-8.46,-0.32,-6.56,-5.34,-12.05,-4.2,-5.11,3.53
17.47,40.03,17.76,-10.49,-3.62,-4.15,13.89,-11.69,-8.35,-23.85,4.79,-3.53,9.33
18.1,32.14,16.23,-0.97,0.61,0.2,10.28,-4.88,-6.61,-15.09,0.82,2.39,12.99
18.27,42.63,24.22,-8.46,-5.04,-6.87,17.39,-8.35,-5.79,-23.01,7.93,4.17,23.97
17.92,49.18,18.65,-18.84,3.26,-18.56,13.22,-21.3,-4.49,-23.27,6.2,-7.5,10.86
18.35,39.38,21.16,-4.4,-0.21,-0.91,13.17,-10.87,-8.06,-18.02,5.33,-0.12,12.78
18.9,37.04,22.16,-1.72,-4.26,-4.2,15.61,2.38,-0.2,-15.44,1.83,0.1,11.5
18.48,34.11,16.35,-3.66,-2.44,-1.89,10.26,-3.58,-3.55,-12.08,2.81,2.3,14.51
18.65,55.62,27.36,-15.57,10.87,-5.18,30.52,-18.89,-9.96,-35.77,0.72,-8.19,18.75
18.47,42.34,23.87,-6.51,-5.14,-9.73,7.81,-16.69,-9.88,-19.59,7.99,-1.63,12.21
18.35,32.67,18.35,1.41,-0.93,-2.41,10.45,0.9,-2.76,-18.43,-11.43,-9.9,4.59
18.72,37.6,22.59,-1.33,-5.59,-10.35,5.72,-8.42,-6.45,-20.24,-2.35,-3.13,11.19
18.05,31.94,17.65,0.29,-5.9,-11.23,-1.09,-6.62,-3.36,-12.69,-7.37,-9.4,1.5
17.89,27.44,13.53,3.03,-1.36,-4.02,0.75,-2.87,-3.19,-7.75,-4.42,-4.96,-0.79
18.65,32.56,15.95,-4.15,-3.24,-1.71,12.95,-3.12,-8.48,-23.91,-11.93,-12.6,1.32
18.34,32.81,14.42,-7.49,-5.88,-3.56,13.33,-3.44,-8.35,-24.38,-7.47,-3.33,15.16
18.42,32.06,18.96,2.96,-3.96,-9.83,0.01,-4.85,-2.03,-8.85,-0.13,-0.33,7.16
18.34,31.88,17.29,1.47,-3.36,-5.5,4.69,-1.29,-1.58,-9.49,-2.47,-3.54,2.38
18.17,32.06,18.72,2.62,-2.45,-11.2,-4.28,-11.05,-2.89,-5.45,6.02,3.63,12.29
18.54,28.86,16.47,5.39,0.26,-3.86,2.26,-3.73,-5.85,-13.57,-7.23,-3.06,7.84
18.34,29.72,15.98,2.0,-2.29,-6.87,0.22,-6.1,-2.92,-5.72,5.28,6.58,14.32
18.09,46.83,22.12,-15.43,-4.61,-19.44,9.7,-13.64,8.73,-9.74,18.11,2.42,24.71
18.17,29.05,13.01,-4.64,-10.33,-16.91,-7.9,-12.06,-4.78,-8.68,-0.83,-6.18,-1.76
18.59,37.21,22.04,-3.94,-7.99,-12.89,4.8,-8.73,-2.68,-11.47,9.22,2.74,8.67
18.26,28.62,14.26,-0.4,-6.7,-10.94,-1.97,-4.91,-3.3,-10.36,-5.02,-4.19,4.57
18.51,38.74,25.23,-3.24,-11.3,-20.52,2.34,-4.26,4.58,-14.27,-1.08,-7.28,9.74
18.44,32.59,18.06,-0.36,-6.23,-11.52,1.39,-3.58,-0.7,-11.78,-3.87,-5.68,4.91
18.73,31.67,16.84,-2.06,-7.77,-12.92,-2.36,-11.1,-8.34,-14.74,-2.18,-4.8,-0.13
18.73,26.63,12.16,-0.38,-5.6,-9.3,-4.07,-9.54,-9.78,-14.37,-8.41,-7.55,-2.47
18.98,37.24,20.11,-3.91,-7.29,-14.26,-1.46,-13.41,-3.58,-9.03,8.48,0.11,8.8
18.66,39.37,21.39,-6.7,-6.9,-12.41,7.97,-5.41,1.9,-18.13,-7.85,-20.28,-4.21
18.31,50.72,26.13,-12.14,2.01,-15.93,16.71,-6.95,11.87,-11.49,12.99,-4.54,16.73
18.57,41.63,20.69,-17.1,-12.74,-12.29,20.33,-2.46,1.61,-23.67,-0.47,-15.28,1.34
18.24,22.21,5.86,-5.51,-10.84,-16.12,-14.92,-20.79,-18.12,-17.55,-10.99,-12.0,-8.03
18.31,24.04,8.33,-4.7,-8.31,-9.45,-0.42,-4.4,-6.48,-15.62,-11.58,-8.3,3.21
18.82,33.85,17.03,-1.34,-3.48,-6.39,3.21,-9.57,-8.76,-18.39,-5.71,-6.23,6.55
18.33,24.54,10.69,0.53,-4.54,-8.39,-3.26,-4.94,-2.48,-5.01,-0.99,0.75,7.27
18.38,44.75,26.25,-10.55,-9.55,-14.86,15.43,-4.84,3.54,-22.95,-1.94,-15.26,9.05
17.34,48.28,25.05,-13.75,-2.26,-9.77,20.64,-7.48,4.13,-16.71,11.12,-5.14,15.48
18.25,41.58,20.96,-16.16,-15.25,-15.63,15.2,-7.59,-2.47,-22.44,3.7,-8.67,6.83
18.74,24.01,8.51,-2.72,-5.66,-9.11,-5.18,-10.0,-7.57,-10.01,-5.73,-6.48,1.28
18.43,38.68,23.91,-4.19,-8.75,-13.47,8.99,-4.58,-1.0,-17.54,2.97,1.63,17.48
18.21,31.25,16.44,-3.9,-11.01,-17.14,0.7,1.53,8.76,-7.04,-6.65,-14.53,-0.63
18.4,34.6,18.75,-5.54,-11.56,-15.83,3.7,-1.72,4.8,-7.78,6.26,2.6,15.76
18.15,33.95,15.77,-8.86,-8.34,-9.63,9.23,-5.51,-6.49,-24.03,-11.12,-16.15,0.1
18.43,30.9,16.4,-5.48,-9.23,-10.4,9.04,-1.62,-6.19,-26.73,-16.8,-14.8,4.29
18.34,30.2,14.13,-7.78,-13.46,-16.61,2.57,-1.2,0.12,-20.04,-17.69,-23.46,-6.99
18.06,41.11,22.23,-12.51,-10.22,-11.61,23.6,7.63,14.12,-16.66,-1.07,-15.16,7.81
18.63,42.94,27.43,-8.13,-10.32,-11.23,21.19,1.86,3.26,-24.93,-5.62,-18.34,1.38
18.15,52.98,24.11,-21.59,2.21,-7.98,27.97,-13.77,1.07,-26.64,9.17,-7.09,15.5
17.24,27.54,9.81,-7.24,-5.02,-5.58,0.95,-17.72,-21.09,-27.45,-9.87,-6.34,2.15
17.77,47.37,25.19,-14.35,-6.36,-18.16,12.4,-19.66,-10.07,-31.33,1.16,-7.1,17.91
17.96,49.89,30.27,-19.51,-14.91,-16.29,21.87,-15.85,-6.62,-28.13,13.77,-0.87,21.38
18.0,41.17,23.21,-12.69,-10.14,-10.76,18.68,-0.31,4.36,-18.01,6.16,3.17,23.71
18.73,32.88,16.73,-4.5,-5.54,-5.58,9.5,-4.57,-6.98,-20.33,-5.36,-4.9,8.35
18.13,25.91,12.21,0.4,0.98,5.0,18.22,9.93,2.04,-11.5,-1.78,6.58,19.17
17.82,50.32,23.29,-20.12,-1.91,-6.89,24.49,-12.27,4.13,-17.89,17.73,0.59,22.81
17.98,34.16,16.09,-9.48,-11.92,-12.78,6.11,-6.82,-5.58,-20.12,-5.42,-9.21,3.43
17.47,53.42,21.11,-30.97,-0.99,-2.21,29.37,-19.36,-0.33,-21.0,24.6,-6.16,15.3
18.78,27.9,11.43,-1.96,-4.5,-5.28,0.99,-5.09,-3.66,-6.43,-0.83,-3.82,2.06
18.68,43.67,21.72,-14.5,-6.78,-13.06,9.58,-22.46,-15.22,-33.96,1.7,-2.29,19.17
18.51,40.36,19.92,-14.67,-10.63,-11.42,12.17,-14.84,-15.41,-36.8,-11.27,-18.41,2.78
17.97,25.53,8.82,-3.77,-1.36,-0.52,6.41,-5.04,-6.29,-9.93,3.49,7.72,15.47
18.28,30.47,12.98,-4.76,-3.07,-1.19,9.38,-8.12,-15.77,-27.42,-10.58,-2.31,15.32
18.38,37.43,16.49,-10.6,0.29,-0.21,13.69,-19.21,-19.09,-30.02,0.7,-0.43,15.8
18.26,31.66,16.63,-2.24,-0.57,2.42,18.15,1.48,-7.04,-25.18,-12.16,-10.16,3.37
18.57,39.26,21.46,-9.67,-1.32,-1.24,29.71,2.64,0.03,-30.08,-2.2,0.85,31.4
18.74,36.84,21.03,0.58,3.73,3.88,17.93,-3.74,-10.84,-27.49,-11.11,-9.81,6.59
18.6,41.37,22.74,-7.88,-3.42,-6.5,14.41,-11.55,-12.55,-34.37,-7.19,-8.03,14.96
18.66,36.21,17.07,-9.83,-6.56,-6.98,10.08,-12.8,-13.93,-29.1,-7.35,-9.3,7.72
18.85,31.7,16.33,2.07,3.24,-0.04,3.59,-12.29,-12.51,-15.68,-0.65,0.91,7.02
17.89,33.98,15.08,-4.24,-1.16,-4.52,4.74,-12.42,-9.73,-17.35,1.48,4.68,21.21
18.69,39.24,20.65,-7.58,-2.7,-4.56,16.11,-6.42,-6.5,-27.73,-6.8,-7.04,15.12
19.12,40.89,21.6,-8.11,-1.13,-0.03,22.48,-9.33,-12.89,-33.95,-3.79,-7.23,12.44
18.33,35.07,16.79,-5.82,2.1,5.4,23.96,2.82,-2.09,-24.29,-10.87,-14.6,3.54
18.2,54.0,21.97,-27.45,-5.95,-8.69,31.91,-18.26,-2.08,-39.76,5.89,-19.62,18.16
18.59,59.73,23.69,-30.71,3.14,-24.62,35.73,-17.39,-0.37,-42.15,-1.48,-22.29,18.03
18.84,37.82,18.63,-9.65,-4.17,-3.4,20.52,-0.83,-2.26,-25.21,-6.67,-11.01,8.39
18.58,29.37,15.84,3.0,4.84,3.77,12.09,-3.71,-11.8,-25.98,-13.1,-4.52,12.33
18.38,38.39,23.13,1.3,2.8,-1.91,12.87,-8.29,-9.1,-24.07,-0.69,4.51,27.53
17.92,57.92,31.12,-19.7,4.41,-5.99,36.43,-17.33,-4.63,-38.82,5.36,-13.28,26.23
18.49,37.8,20.53,-1.13,-0.54,-2.34,10.1,-8.33,-8.8,-21.67,-3.42,-5.37,8.2
18.36,54.15,27.98,-19.05,-0.81,-7.78,29.02,-19.48,-6.71,-29.5,7.64,-8.5,21.91
18.82,31.96,18.62,3.57,1.81,0.79,10.33,-1.52,-5.02,-14.94,-2.72,1.51,14.31
18.55,33.23,18.21,0.7,0.8,-0.34,10.14,-4.8,-9.34,-22.97,-11.81,-10.76,5.66
18.54,33.94,18.86,-0.3,-2.1,-5.88,8.13,-4.87,-9.51,-29.97,-19.92,-15.97,6.19
18.7,35.08,18.57,-1.48,-0.0,-1.52,9.39,-8.94,-11.91,-25.32,-12.67,-15.93,-3.15
19.01,59.76,30.65,-36.12,-14.88,-21.23,40.37,-23.09,-9.96,-41.61,4.79,-31.55,7.8
18.51,18.38,3.91,-2.08,-3.24,-4.54,-4.09,-10.87,-14.01,-14.33,-6.89,0.15,6.37
18.7,36.35,18.25,-3.79,-2.42,-3.92,11.35,-4.04,-5.95,-23.49,-10.86,-13.5,0.74
18.99,34.97,17.29,-4.09,4.15,5.31,19.99,-5.2,-11.52,-33.29,-19.53,-21.34,1.21
18.56,34.44,17.64,-0.86,-0.02,0.04,10.64,-5.86,-10.87,-23.63,-7.46,-5.07,8.64
18.43,29.83,14.27,-1.87,-4.28,-8.48,-2.89,-16.45,-17.71,-24.42,-11.54,-9.48,1.71
18.34,32.69,14.95,-8.36,-8.99,-10.37,5.18,-12.01,-13.19,-25.06,-1.59,2.84,18.5
17.94,52.3,14.49,-19.12,19.5,-24.0,27.66,-28.9,-9.66,-26.29,-1.48,3.07,18.4
17.75,35.4,15.07,-13.38,-10.11,-12.14,5.22,-22.17,-21.71,-36.14,-5.55,-3.84,17.87
18.27,38.68,24.74,2.03,1.56,-5.71,6.02,-13.45,-9.06,-17.39,5.38,5.63,20.79
18.64,30.82,18.64,3.56,-2.12,-7.46,1.44,-9.3,-16.63,-30.75,-18.3,-5.9,14.55
18.41,28.9,15.86,1.89,-5.28,-10.84,-3.51,-7.66,-6.14,-11.54,-4.19,-0.8,11.74
18.43,31.23,15.79,0.86,-1.34,-0.84,10.05,2.03,-1.69,-13.47,-5.93,-2.18,11.99
18.56,27.87,12.79,-0.88,-1.98,-2.77,5.18,-5.65,-11.37,-23.34,-16.5,-13.32,-2.16
17.96,29.15,14.48,0.97,0.26,0.78,9.68,0.44,-1.83,-11.1,-3.98,-3.74,4.87
18.65,24.85,11.79,4.45,2.15,-1.02,-1.47,-9.73,-12.64,-15.34,-11.04,-9.53,-4.94
18.45,25.79,14.31,7.9,3.9,1.42,5.76,5.89,6.53,2.26,0.92,-1.62,-0.19
18.33,27.98,14.54,2.24,-3.08,-7.34,-2.95,-10.72,-12.37,-16.29,-7.49,-3.39,3.96
18.07,41.72,26.57,-7.71,-9.13,-10.12,17.29,-4.88,-9.23,-32.39,-8.35,-10.21,8.53
17.01,36.04,17.7,-8.41,-8.17,-10.43,6.37,-8.94,-1.22,-8.42,9.93,5.19,15.29
17.21,55.68,25.49,-28.31,-10.61,-19.84,19.45,-23.61,-1.5,-20.91,20.46,-6.24,27.06
17.8,53.84,23.95,-16.34,9.34,-19.11,27.46,-6.17,8.9,-19.87,-1.56,-17.49,13.96
18.09,32.66,19.21,1.18,-7.51,-15.03,-3.04,-7.88,-7.24,-21.59,-16.57,-15.85,-0.65
17.89,30.53,15.9,-3.72,-10.67,-18.91,-9.99,-21.38,-23.1,-36.55,-26.73,-24.4,-5.59
17.2,53.6,32.29,-17.52,-5.61,-11.96,27.16,-13.23,-2.73,-29.59,9.37,-2.88,24.03
17.55,28.01,15.07,2.73,-3.59,-6.76,-1.26,-8.82,-13.64,-21.57,-15.0,-9.03,1.53
17.75,30.28,18.84,5.74,1.76,-3.6,1.42,-12.42,-20.13,-31.14,-15.29,-1.85,17.64
17.81,28.65,11.56,-8.54,-12.83,-20.23,-11.04,-22.94,-19.47,-26.21,-9.37,-5.11,12.67
18.4,28.26,15.37,3.98,-3.28,-9.32,-6.4,-12.8,-16.16,-23.12,-18.44,-12.49,-0.3
18.03,28.5,15.6,1.87,-6.61,-14.88,-9.49,-12.69,-9.48,-15.91,-13.1,-14.4,-3.07
16.3,29.99,11.66,-14.02,-17.55,-17.23,3.29,-7.87,-4.57,-16.34,4.45,8.36,24.88
17.37,27.81,13.53,2.07,1.03,-1.33,3.2,-7.92,-10.49,-14.87,-4.96,-1.87,4.17
17.5,31.2,18.76,5.67,1.58,-3.19,1.69,-8.69,-11.17,-18.11,-8.99,-6.54,2.81
17.81,30.6,17.52,3.95,-2.49,-7.74,-0.65,-5.63,-6.27,-15.03,-11.57,-12.8,-5.09
17.45,36.88,22.7,2.1,-3.16,-11.78,-0.28,-13.42,-10.01,-21.64,-6.6,-7.51,6.36
16.73,28.47,16.17,4.7,-1.05,-6.17,-2.09,-10.08,-13.91,-21.66,-14.74,-8.97,2.8
17.27,31.62,18.71,0.97,-5.73,-12.12,-4.04,-14.54,-17.76,-28.77,-18.46,-15.29,-2.07
17.08,54.67,34.1,-20.6,-8.0,-14.19,17.88,-35.55,-28.73,-40.62,3.1,-17.61,9.44
16.95,24.77,10.88,1.52,-0.71,-4.85,-5.18,-16.36,-18.92,-20.97,-10.66,-4.97,5.03
17.25,29.13,14.99,3.7,1.57,-4.27,-2.35,-11.8,-9.46,-9.72,-0.37,-2.03,-0.13
16.52,40.79,23.67,-4.56,-4.42,-10.13,8.92,-9.83,-1.03,-14.36,8.8,0.27,14.82
16.38,23.91,10.58,1.83,-3.29,-7.68,-6.3,-10.41,-9.42,-8.79,-1.85,1.75,5.81
17.71,29.58,14.47,0.44,-1.15,-3.14,3.73,-7.47,-9.98,-18.77,-8.72,-6.94,4.0
16.86,27.46,14.41,1.5,-6.82,-16.52,-14.47,-21.35,-19.62,-23.13,-16.83,-16.83,-13.33
15.66,33.52,18.0,-1.72,-7.06,-10.1,1.42,-6.01,-1.62,-8.03,4.09,2.6,8.63
16.29,32.35,18.93,2.74,-3.51,-9.02,-0.4,-6.63,-3.36,-8.79,-0.35,-3.33,2.17
16.58,24.59,10.12,1.56,-4.31,-7.35,-6.7,-9.16,-10.61,-11.88,-11.13,-10.23,-6.61
16.12,31.19,16.61,-0.18,-3.8,-8.09,-1.12,-11.41,-11.93,-19.52,-7.59,-3.72,9.64
17.23,28.84,13.84,4.48,0.69,-0.69,0.86,-5.6,-8.01,-10.04,-5.35,-2.17,4.69
16.13,39.12,25.51,2.0,0.74,-4.02,11.04,-6.71,-8.26,-22.23,-0.95,2.96,20.59
15.7,33.42,18.73,-2.2,-7.28,-10.72,2.5,-11.13,-10.62,-18.47,-3.15,-4.67,1.88
16.46,35.77,22.89,2.22,-3.91,-10.86,2.73,-7.85,-10.18,-24.31,-13.19,-11.77,2.45
15.5,26.99,12.82,0.08,-1.43,-5.13,0.37,-10.79,-13.73,-21.7,-8.74,0.04,18.13
16.43,33.68,21.38,4.75,-1.34,-7.03,0.35,-10.39,-9.29,-12.92,0.16,-0.18,4.58
16.51,32.42,20.7,5.76,1.14,-3.75,4.75,-4.38,-6.45,-17.7,-10.97,-9.17,3.9
17.18,26.69,14.8,6.21,0.3,-5.6,-5.56,-10.9,-12.01,-15.56,-13.83,-14.45,-9.61
17.54,45.89,27.85,-6.17,0.75,-4.77,13.03,-24.18,-21.94,-36.07,-1.07,-18.84,-1.07
16.84,40.74,25.62,-3.24,-0.67,-8.28,8.21,-24.43,-26.24,-40.82,-13.42,-15.47,6.68
15.72,46.56,26.16,-6.28,2.8,-1.37,22.63,-4.38,-3.77,-24.12,1.35,-10.95,9.41
17.07,38.82,20.31,-4.99,0.89,-3.6,13.3,-6.68,-2.05,-18.94,-3.68,-14.46,-3.87
17.08,31.65,19.07,6.09,3.08,-0.36,5.59,-3.9,-6.69,-14.97,-5.83,-3.57,4.41
16.59,31.05,18.39,4.95,0.21,-3.43,4.05,-5.8,-10.76,-21.56,-15.68,-11.46,0.64
15.92,53.11,30.91,-13.66,-3.86,-5.97,23.39,-14.82,2.86,-21.36,13.83,-6.69,9.68
