18.34,-1.4,-1.55,11.19,0.87,12.67,1.13,6.24,-6.84,-2.75,-11.38,-4.86,-7.04
16.7,23.9,11.53,6.12,3.82,3.41,6.59,4.74,1.51,-5.59,-11.02,-13.07,-7.14
17.26,36.6,24.86,1.46,-9.75,-12.76,9.29,2.67,3.83,-11.95,0.47,-3.14,4.79
17.63,28.08,17.09,5.98,2.15,0.26,11.19,8.54,10.58,4.16,10.2,9.85,13.7
17.08,23.41,12.92,9.11,5.57,6.03,11.47,12.5,9.34,3.06,-0.45,1.01,4.62
16.82,46.32,27.29,-9.72,-4.68,-5.1,21.01,-5.68,4.22,-12.98,14.31,-1.32,6.11
16.94,25.75,11.94,-1.15,-9.01,-11.38,-3.01,-3.96,-4.94,-13.2,-13.89,-16.41,-11.43
17.53,28.59,16.61,8.45,8.17,9.0,13.57,4.57,-2.44,-11.45,-7.21,-3.29,6.26
17.72,36.0,22.85,4.12,-0.94,-2.89,14.09,9.37,11.72,-1.13,7.39,4.85,16.25
17.23,40.88,24.84,-4.15,-1.26,-0.12,23.65,5.82,6.4,-12.15,12.19,7.36,21.54
16.68,31.68,14.61,-6.33,-7.96,-9.59,6.66,-2.41,1.31,-7.67,10.48,14.12,24.72
16.76,47.98,27.36,-18.09,-1.29,0.07,28.97,-9.43,-10.94,-39.01,-0.73,-12.55,10.83
16.7,26.27,11.81,1.5,1.21,2.36,8.16,0.66,-2.09,-6.54,-0.65,-0.61,3.21
16.9,25.0,11.37,-0.89,-0.02,3.26,16.05,7.03,0.84,-13.46,-6.49,-3.56,7.74
17.2,33.81,18.91,0.73,1.77,4.48,17.25,0.72,-5.27,-18.69,-4.9,-6.64,1.64
16.31,23.99,10.09,2.43,0.82,0.53,2.8,-2.2,-3.56,-3.6,3.71,8.49,13.39
17.23,37.9,20.88,-3.12,2.78,5.59,27.4,5.13,2.49,-16.47,1.64,-1.06,11.76
17.08,26.89,13.25,4.73,4.79,5.71,11.69,4.88,2.25,-2.95,2.36,3.66,9.26
16.77,27.64,12.58,-3.47,-6.35,-5.19,8.53,2.7,3.15,-3.11,11.96,18.8,29.16
17.33,29.76,16.9,6.01,3.29,2.93,11.36,6.87,6.58,2.3,9.68,10.94,15.51
16.45,49.97,32.56,-10.74,-1.9,-1.66,29.3,-4.27,3.79,-13.21,19.31,3.26,16.11
16.56,46.36,26.18,-12.95,-5.76,-1.14,29.64,7.43,15.62,-6.06,26.17,10.41,25.75
17.11,42.9,26.07,-5.54,-2.1,-1.2,25.4,6.79,10.93,-3.4,19.89,9.69,17.5
16.34,32.43,17.69,0.91,-0.67,1.14,16.38,10.33,9.44,-1.94,5.37,3.42,8.94
16.04,30.6,15.94,1.23,0.26,0.32,12.16,7.16,8.27,-2.23,3.61,2.86,11.8
16.88,33.94,18.46,0.52,-0.86,-0.91,14.68,9.15,13.19,1.01,5.53,-4.7,0.9
17.21,29.4,13.98,0.29,1.71,5.34,20.74,17.27,18.9,8.17,9.54,2.78,7.31
16.87,37.29,22.77,0.14,-0.05,1.48,22.39,10.76,10.75,-5.71,6.93,2.38,10.46
17.12,42.16,23.39,-7.06,-0.06,1.39,29.87,12.39,19.05,-2.42,17.15,6.09,19.77
16.55,45.14,25.8,-10.67,-6.46,-7.72,27.27,6.69,16.49,-8.89,14.0,2.17,20.62
16.65,39.39,22.27,-7.78,-7.84,-6.3,21.75,8.7,12.92,-6.93,9.4,1.22,17.95
16.99,31.65,15.12,-4.66,-3.74,-2.57,13.3,2.67,3.48,-7.54,4.86,0.73,9.9
16.78,52.9,28.4,-24.83,-3.69,8.87,46.23,1.33,7.9,-20.84,25.79,-4.65,18.66
16.44,43.82,21.94,-10.21,-0.06,-5.21,12.71,-13.19,-1.54,-10.49,22.04,9.52,21.56
17.33,40.9,22.21,-5.54,0.8,-0.66,22.58,5.25,10.48,-7.26,10.24,0.98,19.02
16.99,43.01,22.65,-13.81,-3.45,1.83,35.49,9.79,13.72,-10.5,17.27,8.32,31.74
16.77,36.94,22.09,-2.6,-3.93,-1.33,20.84,10.91,9.89,-5.59,9.32,3.54,11.25
17.42,34.6,21.18,3.62,5.35,6.3,18.22,1.47,-3.2,-12.59,8.05,12.42,20.99
16.78,30.95,14.72,-0.25,4.51,7.95,19.24,6.64,3.81,-6.89,1.03,-1.36,8.65
16.09,35.79,18.4,-5.34,-0.97,5.21,24.65,6.68,3.41,-12.44,3.17,-3.0,4.39
17.36,36.8,20.72,-0.56,6.67,10.99,25.51,1.19,-3.83,-18.5,4.82,5.17,20.06
15.82,26.49,10.56,0.02,-1.28,-0.03,5.53,-1.79,-2.9,-6.47,0.77,3.07,8.83
16.72,33.79,19.23,3.2,7.25,10.74,25.26,8.68,1.71,-13.6,-1.51,0.83,11.14
17.19,33.33,18.78,2.39,3.42,5.23,17.32,2.06,-1.95,-11.08,5.17,6.85,14.4
16.83,31.16,15.75,1.6,5.41,8.64,17.57,3.57,0.58,-5.85,5.95,3.05,7.3
17.33,39.66,24.55,-2.31,2.64,6.67,31.87,13.46,9.6,-8.29,9.17,4.27,17.34
17.41,26.05,14.18,7.05,4.03,3.59,8.96,7.64,7.4,3.49,4.95,3.88,4.5
16.21,37.64,22.19,-6.24,-6.45,-4.95,18.74,4.3,2.62,-15.69,3.32,0.94,15.0
16.2,25.03,9.62,-1.66,-1.52,0.24,8.59,1.06,-1.9,-8.82,-1.1,2.6,10.38
16.7,31.64,19.1,1.95,-3.1,-4.45,12.9,9.86,10.0,-5.21,-1.16,-2.32,9.59
16.5,45.76,21.88,-12.93,3.71,-5.04,24.37,2.55,11.46,-9.17,14.26,-1.73,12.52
15.98,30.1,15.58,0.07,-2.19,-0.6,12.33,4.0,-0.65,-13.9,-5.38,-1.91,10.08
16.91,36.51,22.73,-0.11,-4.32,-3.67,19.62,13.2,11.6,-8.91,2.09,1.21,15.45
16.65,35.79,21.69,-0.39,-5.72,-7.73,13.28,9.99,13.87,-0.33,9.54,7.47,18.58
17.44,34.59,18.64,0.43,2.31,4.12,18.26,4.21,2.85,-6.21,5.96,2.52,9.03
17.28,37.89,20.18,-1.07,3.55,5.3,19.29,3.81,4.78,-6.68,8.64,-0.76,4.94
16.7,33.68,20.74,5.76,2.78,2.48,14.3,10.04,13.33,6.71,14.24,6.75,9.06
16.9,35.12,20.0,1.52,2.51,3.5,18.94,9.31,12.77,4.15,11.81,1.2,4.39
17.51,32.11,18.36,5.29,4.58,5.17,13.13,4.39,6.28,2.78,10.2,3.81,4.97
16.41,28.52,14.15,1.15,2.18,4.61,14.35,1.78,-5.47,-16.2,-5.55,-0.56,9.44
16.63,37.65,21.5,-1.0,1.0,2.11,22.09,7.86,5.13,-13.3,-0.66,-4.55,8.78
17.09,31.88,16.54,-1.98,-3.6,-1.9,14.34,6.65,4.11,-9.95,-1.99,-3.62,7.69
16.93,39.8,22.41,-3.31,-0.06,-0.17,21.84,4.58,5.68,-12.4,5.7,0.63,14.38
16.76,40.92,26.64,-3.19,-5.03,-4.79,18.66,3.89,7.69,-4.84,13.04,5.12,12.74
17.4,34.82,18.9,-0.43,0.99,-0.12,17.33,4.76,4.39,-11.04,-1.13,-0.4,14.29
17.05,25.91,12.57,1.83,-2.77,-4.22,4.41,4.22,5.83,-0.1,0.39,-2.74,0.32
16.83,28.89,16.14,2.26,-3.46,-3.39,12.04,12.87,10.2,-6.9,-9.59,-11.23,-1.56
16.83,28.0,11.35,-4.01,-5.03,-2.13,11.21,4.17,-0.85,-14.84,-11.43,-12.58,-2.98
16.76,35.33,17.94,-3.53,-2.28,-4.83,9.6,-2.62,2.77,-6.6,7.61,3.1,10.5
16.38,45.79,26.69,-10.26,-7.07,-9.58,20.98,-0.75,5.1,-17.96,7.39,-2.96,15.75
17.42,25.82,11.83,3.07,7.78,13.19,23.47,13.33,6.47,-4.96,2.78,8.3,19.64
17.04,49.39,28.03,-11.4,-3.27,-2.27,29.17,2.0,11.99,-15.94,9.34,-10.35,15.82
17.08,33.46,18.29,0.84,0.78,1.63,15.49,6.02,4.63,-5.45,4.43,1.73,8.43
17.5,26.64,14.65,7.29,4.74,4.59,9.59,5.57,3.01,-1.89,2.86,6.51,11.39
16.45,29.68,15.29,1.31,-1.03,-0.18,11.54,6.02,4.57,-7.7,-4.75,-5.7,3.09
16.32,28.08,14.38,0.14,-5.01,-8.89,2.56,4.19,15.28,13.65,19.17,11.87,11.73
17.23,29.22,14.64,-2.55,-8.43,-10.33,5.11,4.16,7.0,-4.9,-0.09,0.91,14.13
16.59,39.62,22.34,-6.9,-5.14,-8.36,18.64,4.72,9.77,-12.22,1.57,-4.06,12.81
16.7,36.33,21.94,-2.78,-7.32,-7.0,14.35,4.26,5.68,-8.07,11.64,11.3,21.61
17.48,44.36,25.28,-6.17,-1.77,-1.63,27.07,5.82,14.0,-10.61,10.72,0.04,14.54
16.84,29.98,16.3,-1.3,-5.59,-6.21,13.02,12.49,14.23,-3.35,-2.4,-8.21,0.18
16.78,52.35,30.01,-17.14,-5.4,-0.79,36.95,-0.81,11.08,-16.34,20.3,-0.39,17.58
16.7,44.19,24.54,-6.41,2.44,0.07,21.38,-4.4,3.93,-8.62,13.14,1.83,14.01
15.81,38.1,23.24,0.33,-1.25,-1.74,13.67,-2.37,-2.07,-11.39,3.67,-1.49,2.22
16.73,30.69,18.56,8.31,5.19,1.57,5.22,-2.37,-2.77,-6.19,1.85,4.59,10.71
16.35,49.64,28.0,-12.43,-2.87,-11.02,17.64,-6.82,12.12,-6.53,19.52,4.34,16.71
16.83,51.32,29.07,-13.74,-1.06,-7.3,23.11,-8.94,0.35,-25.91,7.43,-4.97,14.96
16.53,28.52,14.4,-3.92,-11.09,-15.15,-2.46,-6.37,-4.82,-14.35,-6.68,-5.24,7.17
17.08,55.03,25.32,-13.07,16.05,-4.24,33.92,-9.41,1.61,-24.97,2.81,-12.06,9.21
17.15,40.77,23.86,-3.86,-0.69,-2.54,19.38,7.22,9.46,-5.47,11.39,2.29,12.11
16.85,43.33,27.26,-5.35,-6.26,-6.25,19.27,3.28,6.99,-12.68,10.77,-1.82,9.59
17.35,36.6,20.86,-1.45,-4.5,-8.62,4.89,-4.74,1.89,-4.16,11.59,4.61,8.99
16.87,30.84,17.11,3.86,-0.18,-4.76,1.83,-3.08,1.53,-2.15,1.78,-3.54,-0.77
16.89,37.74,21.99,-2.28,-3.45,-8.5,6.99,-6.43,0.03,-8.71,8.77,-0.5,4.68
17.31,32.37,17.08,0.22,0.02,-3.69,6.69,-2.88,3.18,-1.87,8.74,0.64,2.85
16.41,33.79,12.93,-17.77,-17.6,-19.08,3.64,-13.24,-8.3,-26.14,-9.8,-20.27,-6.33
17.12,38.14,19.56,-7.9,-5.7,-9.31,12.85,2.72,14.8,3.04,18.88,7.88,17.9
17.42,31.09,17.46,2.83,0.09,-0.51,13.19,12.52,16.9,9.25,12.06,3.69,4.42
17.18,29.55,16.16,4.03,2.54,0.58,6.54,-4.64,-8.25,-14.25,-1.59,3.87,11.51
17.06,32.65,18.94,4.7,3.93,5.11,13.64,-0.85,-7.48,-17.59,-2.78,7.5,20.46
17.06,38.04,23.07,-0.13,-2.28,-4.53,13.65,2.58,6.9,-3.54,12.45,8.09,16.41
16.51,35.67,17.47,-7.1,-10.23,-14.68,1.47,-7.73,1.53,-9.32,3.86,-5.0,2.87
16.25,36.88,19.19,-9.21,-11.05,-15.1,7.89,-1.94,10.52,-1.4,16.44,5.67,13.98
16.02,32.57,18.39,-1.66,-6.31,-8.53,7.03,0.68,2.02,-9.26,0.48,-1.11,8.62
17.25,40.44,25.8,-3.84,-8.07,-8.3,18.1,5.75,7.58,-11.65,7.31,-0.62,8.88
16.62,23.66,9.03,-2.97,-5.89,-5.83,4.94,2.88,1.93,-9.8,-11.78,-16.31,-9.67
17.23,44.98,29.48,-5.53,-7.41,-12.3,16.81,-0.07,9.32,-7.65,14.01,3.77,19.48
17.44,38.23,24.03,-2.69,-7.79,-12.17,11.56,4.07,8.81,-11.66,0.28,-4.44,12.59
16.81,26.66,13.5,2.47,-1.5,-2.37,6.57,3.84,2.28,-7.27,-4.97,-1.87,9.66
16.43,29.71,16.78,2.64,-3.54,-9.1,-0.25,-1.93,5.26,0.88,5.36,1.16,7.3
16.72,34.37,23.71,7.08,-2.34,-8.35,5.39,4.87,6.33,-7.32,-1.36,-1.28,10.08
16.94,32.98,21.07,3.97,-1.86,-5.58,7.98,2.93,2.43,-10.11,-2.14,-0.9,8.93
16.52,34.11,22.06,7.61,3.71,-0.9,5.24,-5.64,-5.39,-9.92,2.56,1.96,6.21
17.56,52.45,30.91,-11.14,-1.21,-9.64,24.52,-3.58,13.11,-11.11,15.46,-2.2,19.43
18.11,28.11,17.48,11.33,7.23,3.71,4.89,1.26,1.51,-0.32,2.25,2.54,5.04
17.32,23.36,11.58,7.67,6.96,7.91,11.2,9.19,7.07,2.91,1.43,0.03,1.2
17.26,27.67,16.29,9.16,5.27,2.59,5.17,1.49,1.74,0.68,3.69,2.91,3.64
17.08,30.76,18.89,3.9,-1.94,-7.43,2.16,-1.92,2.93,-4.05,4.9,5.56,13.13
16.45,25.54,13.3,6.11,3.38,1.99,5.87,1.34,-1.37,-5.69,-4.59,-4.56,-3.21
16.65,28.92,13.34,-0.33,-1.91,-1.25,8.09,1.73,0.46,-7.64,1.12,3.7,12.32
16.64,51.06,30.06,-21.08,-12.17,-8.81,38.74,3.48,11.02,-15.32,17.49,-5.28,15.39
16.63,38.11,21.42,-9.38,-12.34,-13.18,14.62,4.52,11.1,-8.5,6.92,-1.35,12.8
16.6,43.75,26.59,-5.16,-4.04,-9.07,14.32,-1.9,9.32,-10.38,7.39,-5.42,7.94
17.02,33.54,21.65,3.5,-2.99,-9.96,4.11,3.53,13.48,7.97,16.91,11.45,17.83
16.47,44.48,28.92,-9.54,-7.26,-12.62,16.81,-9.64,-0.77,-14.87,21.78,10.73,22.65
16.48,37.34,20.04,-4.84,-7.29,-11.05,6.46,-5.3,2.88,-8.13,10.04,5.75,20.02
16.25,54.76,35.86,-20.71,-11.2,-12.98,26.41,-15.16,-3.81,-18.71,21.39,-0.51,19.46
15.84,23.25,8.91,2.58,2.06,3.87,7.18,2.19,-1.97,-6.95,-6.36,-4.5,1.23
17.13,51.26,32.95,-13.45,-11.05,-13.61,24.97,-5.46,2.92,-21.89,10.23,-12.52,7.85
16.79,42.69,24.25,-4.12,-0.36,0.33,20.89,4.96,10.46,-3.81,12.62,-2.14,6.01
17.54,44.59,25.81,-3.42,2.12,-4.15,16.5,-4.64,1.4,-16.47,4.44,-6.0,6.86
17.54,27.23,14.56,7.17,4.87,3.8,5.26,-2.53,-9.15,-15.52,-11.2,-4.83,3.89
17.45,41.03,27.68,1.98,-1.74,-3.4,19.13,7.35,7.71,-9.37,3.99,-1.67,11.92
17.27,47.38,27.59,-8.05,-5.05,-7.79,17.68,-6.71,5.49,-12.26,14.43,-2.59,11.47
17.47,36.59,21.35,1.15,0.11,-2.88,11.45,1.66,5.95,-6.58,4.15,1.13,12.25
17.05,41.25,25.55,-5.87,-9.33,-15.71,9.8,-0.71,11.22,-6.99,12.97,3.01,18.35
16.59,34.76,17.64,-7.67,-6.81,-6.2,14.66,-1.6,-3.59,-22.82,-7.7,-8.77,9.84
17.34,42.82,28.93,-7.48,-8.29,-11.44,21.23,3.5,6.52,-15.9,4.4,-8.41,8.72
17.22,31.53,17.94,4.02,0.2,-3.94,3.21,-1.55,2.59,-2.75,3.71,0.73,6.82
16.07,35.99,21.84,-4.34,-7.14,-7.89,15.85,8.07,9.13,-11.24,-0.4,-3.18,15.74
17.14,27.19,13.85,2.91,-1.1,-1.99,4.25,-1.95,-6.16,-15.63,-15.24,-16.25,-10.44
17.01,26.62,14.07,5.27,2.35,2.05,8.96,7.07,6.97,-0.95,-3.28,-8.01,-5.38
17.52,43.66,29.34,0.93,-1.88,-8.79,11.68,-4.57,0.82,-15.56,2.6,-4.9,8.78
17.24,30.59,16.2,0.47,-4.83,-8.98,-0.59,-5.77,-0.46,-1.81,11.49,13.82,21.17
16.8,26.89,15.16,5.69,-1.45,-8.03,-5.64,-7.2,-2.77,-1.93,3.94,5.3,8.13
16.48,37.4,22.37,-1.23,-6.46,-10.69,6.25,-4.85,-1.88,-13.85,1.41,-2.12,6.54
16.61,36.15,20.42,-3.03,-7.04,-13.25,3.75,-2.17,6.96,-4.61,7.26,0.95,12.59
16.72,31.35,16.78,0.31,-2.34,-0.91,15.53,14.18,15.89,2.44,2.94,-5.12,0.1
16.4,34.79,18.53,-6.29,-7.91,-7.6,15.75,9.22,13.65,-3.22,9.12,4.13,14.46
17.37,50.94,31.16,-11.81,-8.79,-7.26,34.17,4.39,20.92,-11.48,15.9,-3.55,20.65
16.89,31.06,17.4,4.02,1.16,-0.52,9.85,5.1,4.33,-6.91,-4.94,-7.51,1.46
16.94,52.31,32.65,-12.33,-5.71,-9.41,30.74,0.33,11.25,-21.16,7.64,-6.66,18.43
17.06,31.36,16.83,0.28,-2.43,-2.21,11.05,4.13,2.6,-8.39,-2.1,-5.1,0.24
16.59,43.37,25.35,-12.84,-9.05,-6.63,28.35,4.76,6.08,-22.62,1.77,-8.22,9.23
16.53,31.93,16.69,-0.29,-2.01,-1.37,13.42,7.3,7.93,-6.47,-1.84,-4.1,5.44
17.14,41.71,25.66,-4.47,-5.62,-6.9,19.57,4.93,9.06,-11.33,7.59,-0.46,12.83
16.81,30.5,16.22,1.16,-1.89,-4.03,7.55,4.1,6.32,-2.18,1.87,-2.46,2.72
16.96,27.2,13.92,1.18,-5.57,-8.83,0.87,2.68,6.08,-1.76,-3.3,-8.84,-6.2
16.67,55.9,37.39,-24.1,-15.73,-11.58,41.42,-6.56,5.79,-24.36,9.35,-10.87,17.44
16.84,36.27,20.8,-2.91,-7.83,-14.2,1.18,-7.92,0.5,-9.28,6.01,-1.34,11.06
16.41,34.79,18.0,-3.89,-3.11,-6.13,12.7,3.19,6.11,-11.65,-4.82,-11.86,2.31
16.61,40.24,24.18,-4.86,-7.48,-9.88,15.82,5.29,9.3,-12.07,2.93,-2.17,15.24
16.35,27.12,11.79,-5.35,-8.48,-7.36,9.11,3.56,0.51,-13.1,-3.62,3.75,20.65
17.12,41.53,23.66,-10.13,-7.26,-6.95,22.5,2.63,7.86,-11.98,11.45,1.9,16.99
16.01,29.36,14.16,-1.71,-4.77,-6.55,4.38,-1.15,0.53,-6.69,1.69,1.92,10.87
16.73,29.03,15.33,3.29,-0.12,-2.29,4.43,-1.91,-3.28,-11.23,-6.69,-6.23,3.01
17.24,26.06,14.42,6.79,1.16,-2.45,1.04,1.46,3.86,2.58,3.53,2.29,3.71
17.7,29.59,18.63,8.87,4.41,3.36,12.91,11.55,7.57,-6.41,-10.71,-12.58,-3.8
17.82,34.04,20.78,4.32,2.22,2.06,15.99,9.15,7.86,-4.83,1.4,-0.89,7.21
17.63,37.03,21.92,0.65,-2.28,-2.77,14.89,4.65,6.4,-9.13,1.9,-3.32,8.82
17.29,30.66,16.41,1.33,-1.3,-2.96,6.87,-2.12,-4.52,-13.01,-2.96,-2.61,3.06
16.91,49.72,27.87,-21.9,-9.66,-6.63,34.3,4.09,14.15,-11.17,21.13,1.8,19.41
16.58,30.09,16.07,3.13,2.56,-0.33,5.53,-2.77,0.35,0.16,10.14,7.04,7.69
17.47,43.85,26.53,-8.36,-2.06,-0.49,28.32,1.65,1.65,-18.34,9.94,1.75,15.76
16.98,30.17,15.98,0.21,-1.11,1.38,17.28,10.53,5.1,-10.91,-4.56,-2.72,8.16
16.55,53.07,26.51,-23.14,-0.32,-0.63,34.02,-7.55,1.63,-27.81,11.52,-13.45,10.73
16.62,35.98,16.82,-10.65,-5.64,-0.86,24.21,5.01,3.75,-18.49,-3.33,-11.41,4.47
17.03,33.63,14.82,-8.13,-6.31,-4.51,12.82,-1.71,0.0,-10.84,8.23,7.43,20.97
17.48,45.34,22.82,-14.96,-4.89,-5.15,26.87,0.56,9.11,-13.76,11.74,-4.26,11.46
17.0,30.86,14.12,-4.88,-8.08,-9.8,2.28,-7.66,-7.49,-16.52,-2.8,-1.43,7.59
17.04,33.43,21.07,0.06,-9.5,-15.17,4.69,4.27,7.65,-10.12,-4.33,-4.37,13.35
17.29,48.58,29.51,-13.39,-9.73,-16.91,21.21,-4.59,3.3,-26.46,6.24,-1.88,27.91
17.13,30.04,15.19,-6.44,-12.59,-16.82,0.6,-8.17,-7.76,-18.75,2.36,13.2,31.64
17.51,40.25,18.65,-5.09,5.77,5.62,21.82,-3.14,-1.47,-19.37,3.06,-2.97,11.97
17.52,28.34,14.62,1.89,-1.38,-1.5,8.26,3.05,0.59,-8.35,-2.98,-0.29,9.75
17.1,50.15,25.27,-24.97,-9.3,-18.58,27.3,-4.56,10.34,-27.9,1.68,-13.56,22.04
17.18,44.68,16.33,-21.85,-1.65,-14.51,23.44,-3.3,7.29,-22.24,6.2,-4.2,26.3
16.78,35.1,16.33,-8.54,-0.13,-1.58,17.57,-0.82,-1.37,-20.85,-5.11,-7.45,8.23
17.66,32.67,20.01,-0.11,-2.87,-3.42,20.99,15.76,14.44,-11.51,-5.99,-4.14,19.81
17.14,30.85,15.52,-2.41,-4.73,-5.42,9.58,3.18,2.91,-11.76,-3.67,-1.44,15.26
17.76,54.51,34.76,-29.35,-16.43,-0.82,55.81,5.15,14.28,-19.99,24.38,-8.11,18.72
17.07,39.42,20.11,-12.27,-13.26,-17.8,10.74,-2.51,6.88,-15.13,3.96,-5.42,15.85
17.12,38.37,21.6,-7.5,-4.64,-5.16,24.84,10.14,11.87,-16.5,-2.89,-7.04,15.96
17.2,29.55,14.06,-3.08,-5.32,-1.12,19.48,17.64,14.9,-3.83,-3.16,-4.68,8.6
17.64,35.01,19.98,-3.0,-6.14,-7.39,15.02,8.76,10.91,-8.7,-0.01,-2.03,15.05
16.66,27.44,10.3,-7.35,-9.92,-10.18,2.39,-4.7,-5.69,-15.64,-4.89,-0.94,11.68
16.65,26.7,11.55,-3.09,-8.18,-10.32,0.32,-1.83,-0.43,-7.88,-2.08,-1.28,5.35
17.11,32.47,17.27,0.8,-0.96,0.15,14.3,4.57,-3.1,-22.31,-17.63,-12.28,4.22
17.26,41.53,23.94,-5.5,-2.93,-4.96,19.47,2.32,6.33,-15.67,-1.74,-9.42,12.4
17.14,23.42,9.73,2.22,-1.35,-3.77,-2.24,-6.36,-7.35,-9.89,-7.62,-6.37,-1.32
17.56,49.03,32.06,-10.11,-6.21,-8.93,30.3,2.19,4.19,-27.56,-7.18,-24.81,-0.4
17.58,22.48,9.29,0.54,-4.66,-7.68,-0.82,2.37,7.19,2.09,-3.06,-9.51,-4.32
17.98,33.1,16.04,-3.79,-1.78,-1.48,17.01,8.86,10.65,-6.53,-1.51,-5.78,9.66
18.02,37.67,20.77,-8.62,-3.57,1.36,30.09,9.47,3.54,-23.3,-0.75,-0.64,19.87
17.19,45.26,25.46,-9.41,-2.09,-6.48,18.81,-3.21,2.14,-25.06,-5.98,-23.43,1.5
18.22,36.23,21.7,1.02,1.89,4.03,25.59,12.02,4.68,-19.62,-8.81,-8.3,9.5
17.56,25.28,10.7,-1.64,-6.45,-7.07,2.13,0.29,-0.62,-9.14,-7.58,-7.61,-0.49
18.08,40.16,22.19,-5.39,-1.11,1.07,30.74,17.54,21.21,-3.75,6.9,-8.89,6.0
16.66,30.5,14.33,-2.67,-1.9,-0.32,14.47,7.46,8.01,-6.12,-2.91,-8.54,2.66
16.83,46.58,28.42,-21.43,-15.63,-12.06,31.26,2.68,9.52,-17.3,15.16,-3.76,13.24
16.6,39.64,19.27,-6.87,3.46,3.0,26.36,4.65,5.38,-16.5,-1.88,-11.91,3.8
17.35,41.24,23.94,-6.16,-2.99,-0.98,23.32,1.66,2.93,-14.13,7.9,-1.2,11.55
17.42,32.72,17.9,3.5,4.55,4.38,13.53,1.29,-0.13,-8.35,0.32,-0.56,8.01
16.96,26.91,12.46,-2.47,-5.4,-6.12,6.35,-0.13,-4.01,-18.36,-11.86,-5.88,11.74
17.03,50.35,25.11,-23.49,-8.82,-14.71,28.35,-3.28,11.19,-22.94,5.72,-13.67,12.98
16.28,25.44,12.26,0.28,-6.74,-10.33,-2.69,-2.2,-1.27,-7.13,-4.49,-1.52,7.2
16.58,30.93,16.76,-0.26,-6.09,-9.75,2.46,-2.05,-1.82,-14.53,-11.19,-10.67,4.73
17.92,30.91,17.09,3.01,-2.33,-3.81,7.12,6.06,7.66,0.4,5.1,6.11,15.0
18.27,51.57,40.45,-2.65,-4.73,-7.09,28.42,4.44,7.58,-27.64,-0.55,-19.1,10.97
17.7,26.6,14.18,7.38,6.46,8.39,14.14,8.34,1.55,-6.59,-4.46,-0.19,6.14
17.07,37.13,19.44,-7.05,-5.37,-6.25,9.81,-12.69,-10.32,-15.13,12.54,8.92,16.59
17.89,39.62,26.75,2.51,-1.96,-8.09,9.02,-3.56,-2.91,-18.97,-2.0,-0.6,13.37
17.67,35.43,19.14,0.67,3.92,4.37,17.18,2.98,1.41,-11.66,-0.47,-4.85,5.27
15.88,28.5,11.58,-4.64,-9.85,-9.67,1.78,-0.84,1.34,-3.54,2.83,3.2,7.6
17.41,38.96,23.18,-2.33,-3.17,-4.44,17.71,4.76,7.07,-11.34,2.73,-3.3,8.24
16.54,29.51,17.31,5.14,1.53,-1.52,6.76,0.8,0.49,-8.04,-3.15,-1.9,8.04
16.75,40.06,23.34,-9.39,-8.53,-7.19,22.81,3.34,2.27,-19.53,3.43,-0.44,17.5
17.52,43.97,20.85,-9.62,-0.78,-0.33,24.53,2.91,12.68,-9.19,9.0,-10.14,6.59
16.75,40.72,20.66,-9.21,-2.29,-2.02,21.64,-0.42,3.3,-13.51,5.87,-3.01,9.95
17.13,28.64,13.86,-0.47,-3.15,-1.1,12.02,8.31,6.85,-2.3,5.07,6.9,13.7
17.71,38.21,23.76,-3.72,-10.38,-15.69,8.9,3.27,11.67,-9.26,0.0,-7.84,9.37
16.76,39.85,21.66,-18.49,-19.41,-20.09,10.71,-12.71,-6.4,-25.71,5.21,4.3,29.14
16.72,30.0,15.71,1.34,-2.93,-5.86,2.55,-2.24,-0.16,-6.57,1.12,2.92,13.12
16.53,31.48,15.06,-3.2,-7.56,-11.13,2.42,0.12,7.92,0.52,7.64,1.22,9.36
16.83,35.83,20.31,-5.04,-10.58,-14.45,6.58,-0.42,4.13,-14.0,-2.29,-4.78,12.01
16.93,43.18,20.73,-13.21,-3.68,-9.9,21.87,1.22,10.18,-20.85,-4.56,-17.47,6.34
17.26,39.4,24.72,0.55,-2.85,-7.69,12.39,3.3,7.18,-11.76,-1.65,-6.22,8.91
17.19,48.2,28.52,-7.44,-5.32,-10.66,17.7,-3.94,6.16,-18.15,6.34,-12.64,8.22
17.27,34.21,17.86,-5.49,-7.41,-8.14,7.95,-7.47,-10.44,-25.95,-9.65,-7.17,10.5
17.52,30.67,17.26,6.48,4.88,4.48,11.86,6.0,3.92,-7.57,-9.29,-16.08,-9.26
16.85,52.91,33.97,-12.95,-0.89,-5.07,35.64,5.05,13.78,-13.3,4.32,-15.49,6.89
17.53,37.2,22.12,0.56,-1.71,-4.34,12.89,2.78,1.48,-15.79,-4.99,-6.99,6.28
17.11,41.77,26.08,-3.58,-4.12,-8.66,10.82,-9.36,-6.9,-20.79,2.22,-0.83,14.84
17.51,32.19,18.83,2.95,-5.05,-10.88,-2.71,-7.43,-6.28,-14.4,-9.06,-8.28,1.75
17.83,48.18,24.96,-11.06,1.16,-8.5,20.58,-10.25,-2.52,-24.43,4.77,-6.64,18.13
17.13,32.42,17.43,2.05,0.68,-0.2,9.88,1.62,-4.77,-18.9,-15.14,-15.94,-5.07
17.35,26.91,15.34,8.19,4.1,-0.47,0.87,-1.82,0.78,-0.36,1.28,-0.24,4.65
17.6,25.2,11.67,0.18,-6.28,-10.0,-2.41,-2.19,-1.18,-11.57,-17.01,-23.13,-16.63
17.76,41.97,28.2,-6.26,-10.79,-17.92,10.36,-7.83,2.5,-13.64,12.23,2.97,19.32
17.24,31.18,16.31,0.5,-3.38,-5.69,5.1,1.22,4.72,-1.31,4.84,1.39,4.64
17.75,41.23,28.08,-0.49,-5.59,-11.39,12.5,-2.96,-5.13,-27.9,-14.06,-17.41,2.37
17.92,36.55,20.04,-1.44,-1.67,-5.16,9.51,-1.65,3.74,-8.84,0.36,-7.52,2.14
18.29,40.52,25.8,0.27,-1.12,-4.48,13.62,-4.68,-3.44,-16.32,3.98,0.45,12.11
17.86,26.84,14.16,7.51,5.28,3.74,4.62,-1.42,-3.2,-4.55,-0.7,-0.2,0.62
17.52,39.38,25.09,-1.25,-4.47,-6.71,16.82,8.56,13.53,-3.67,11.02,4.47,16.89
17.54,28.73,16.36,3.66,-1.56,-2.68,8.88,7.16,2.22,-11.52,-11.28,-8.67,2.73
17.34,37.1,19.88,-2.48,0.94,-3.21,8.85,-9.91,-2.27,-9.08,12.16,9.1,15.74
16.45,22.81,7.88,-5.05,-10.51,-13.04,-4.37,-5.3,-0.95,-4.03,1.85,0.42,3.02
17.52,43.19,26.32,-5.85,-5.62,-9.7,16.55,0.42,9.84,-8.52,11.22,3.81,18.6
17.54,52.16,24.01,-25.72,-4.71,-16.19,18.35,-21.44,-5.53,-31.2,9.29,-11.27,12.14
17.8,43.96,26.68,-5.48,-2.12,-3.26,21.56,0.54,7.56,-8.31,16.36,6.95,21.57
17.87,26.15,15.94,10.78,7.87,4.09,3.47,-3.22,-6.21,-9.13,-3.86,1.61,9.34
17.51,29.89,15.86,3.63,2.41,1.96,10.49,4.21,3.28,-4.4,-0.43,-2.02,2.67
17.33,26.7,11.71,2.28,3.33,5.92,12.99,6.06,2.81,-3.83,1.44,1.23,5.32
16.85,38.99,26.38,-3.2,-8.37,-10.35,21.72,9.84,7.74,-20.23,-1.31,2.45,26.5
16.47,28.83,13.76,-0.42,1.81,5.37,18.16,7.48,3.66,-7.27,3.72,4.46,10.53
17.52,45.46,22.65,-10.94,1.04,-6.72,21.2,-3.02,8.3,-14.66,7.52,-10.05,-0.62
17.07,28.24,15.71,3.98,1.05,0.61,10.01,4.66,1.61,-8.42,-3.62,-1.01,6.86
16.71,29.98,15.86,1.36,-0.55,0.24,13.92,8.61,6.28,-6.06,-0.0,1.22,9.54
17.63,49.08,34.36,-2.72,-2.65,-11.72,17.49,-2.19,11.7,-14.08,5.96,-10.41,8.8
17.37,26.53,13.54,3.7,-0.7,-3.1,2.09,-0.84,-1.89,-8.64,-8.59,-10.3,-4.66
17.2,22.55,8.36,0.95,-2.01,-2.19,1.6,1.92,4.17,4.95,6.34,4.58,3.55
17.63,24.98,12.13,5.53,4.78,4.54,7.64,2.18,0.02,-3.5,-1.54,-2.55,-1.25
17.34,27.5,14.7,5.04,1.06,-1.73,2.54,-2.66,-3.82,-7.12,0.38,4.43,7.75
16.73,38.21,21.17,-1.29,3.93,4.46,20.56,0.81,-0.49,-16.28,0.08,-3.21,11.21
16.64,48.04,28.66,-13.16,-4.51,-0.87,30.77,-2.17,1.33,-24.02,8.68,-4.2,17.15
17.37,40.43,22.78,-11.17,-7.84,-5.02,29.78,14.18,17.05,-6.0,20.28,14.87,33.21
16.9,52.38,32.67,-21.71,-5.71,0.56,34.46,-11.47,-3.1,-25.79,5.36,-11.65,16.14
17.17,46.98,29.38,-9.09,0.35,4.62,34.81,7.2,7.04,-18.82,9.12,0.08,16.52
16.54,43.14,22.34,-14.18,-7.66,-4.78,24.78,-5.9,-4.83,-31.78,-5.7,-16.86,7.01
17.32,55.14,28.16,-22.72,1.19,-17.16,26.37,-5.02,5.82,-22.29,4.46,-25.31,3.95
16.42,24.69,11.36,2.26,0.87,1.05,8.03,4.43,3.65,-3.81,-3.24,-6.51,-1.8
16.99,28.64,14.35,1.67,-1.52,-3.47,2.66,-4.78,-5.38,-10.22,-4.52,-5.2,-1.8
17.69,28.99,13.94,3.35,0.06,0.09,5.66,3.27,4.28,0.64,1.73,-3.95,-5.64
17.68,31.52,17.25,1.12,-1.85,-2.17,9.96,1.69,0.44,-8.77,1.68,2.62,8.72
17.14,31.76,17.3,-0.14,-3.38,-3.73,10.91,1.85,-1.42,-15.66,-4.37,-1.02,9.21
17.29,34.64,18.52,-3.76,-5.75,-4.71,12.53,3.51,7.64,-1.24,11.87,4.31,10.62
17.88,45.84,23.16,-11.4,-1.54,2.26,33.01,3.96,10.59,-13.57,10.5,-9.15,7.26
17.33,45.1,27.56,-8.45,-6.28,-5.01,26.07,0.43,3.66,-16.73,9.76,1.88,17.49
16.87,29.18,16.12,4.5,-0.37,-1.41,7.9,6.3,8.04,1.77,4.59,3.28,7.86
17.59,39.19,23.58,1.84,4.17,2.98,17.22,0.52,0.62,-14.91,-0.98,-6.45,3.66
17.57,29.15,14.46,1.57,-1.18,-0.41,8.8,3.32,2.32,-4.76,0.85,1.64,9.31
17.24,27.36,15.61,7.45,2.62,0.05,3.59,1.8,2.94,-2.23,-4.07,-8.6,-5.71
16.88,23.74,10.48,3.12,-1.01,-2.48,0.15,-2.05,-2.87,-4.03,-1.2,0.88,3.14
17.61,36.66,22.83,2.12,-1.07,-1.73,16.83,6.09,4.02,-14.5,-7.2,-8.8,5.17
17.42,27.39,12.48,1.45,-2.33,-4.09,2.24,-0.26,1.7,-4.42,-4.61,-9.56,-5.51
16.58,29.6,14.39,-0.63,-2.89,-5.58,2.7,-3.9,1.04,-1.86,6.75,2.07,3.74
17.43,36.21,22.83,0.35,-2.98,-5.68,12.41,2.73,5.24,-6.65,11.06,7.04,11.74
17.98,32.63,20.91,6.08,0.44,-0.98,12.06,6.1,0.02,-17.21,-14.63,-13.13,0.19
17.21,24.48,11.45,3.86,0.36,-2.98,-3.08,-9.89,-10.61,-11.06,-4.75,-2.24,1.51
17.2,33.83,21.16,3.77,-2.61,-5.44,9.17,6.44,9.5,-0.96,6.4,5.81,15.52
17.75,41.38,26.97,0.82,-1.02,-5.36,14.75,-1.38,1.65,-15.99,0.18,-4.14,9.7
17.5,42.89,24.92,-9.37,-9.53,-12.51,15.21,-0.75,8.74,-10.93,11.68,1.94,15.46
16.66,46.02,21.26,-20.54,-8.63,-11.26,19.79,-8.9,3.91,-19.76,8.09,-6.72,13.83
16.38,25.68,9.47,-4.92,-6.62,-5.08,5.04,-2.46,-4.92,-11.24,-0.82,3.52,11.78
17.66,41.22,19.6,-7.6,-1.35,-5.32,12.85,-8.34,-2.25,-17.56,6.54,-1.97,13.35
17.71,41.38,23.05,-7.53,-1.86,-0.95,24.86,4.39,5.2,-20.96,-3.11,-11.44,6.52
16.8,35.99,20.33,-1.08,-2.31,-3.78,14.46,5.98,6.97,-7.32,2.43,-1.77,6.73
17.53,26.02,13.4,4.64,0.72,-2.44,1.95,0.81,4.79,5.21,10.03,8.55,8.46
17.68,34.11,20.75,3.66,0.13,-2.28,10.1,2.63,3.34,-5.91,4.37,1.52,6.14
16.26,35.42,18.57,-6.79,-10.45,-14.32,5.39,-2.46,4.46,-7.19,4.13,-2.44,8.34
17.63,40.51,26.26,-1.65,-2.8,-6.5,15.96,-1.24,3.85,-10.07,15.02,11.64,21.79
17.24,48.31,28.0,-12.07,-4.03,-6.9,23.06,-8.33,1.7,-19.45,7.93,-3.89,12.59
17.38,27.94,13.08,2.31,-0.14,-1.12,2.93,-4.42,-4.44,-5.26,4.57,6.41,8.73
17.7,44.44,31.9,-5.15,-7.29,0.04,38.02,8.38,0.88,-23.91,9.54,5.51,24.12
17.29,26.26,12.98,2.87,-2.34,-5.18,-1.64,-5.29,-5.5,-6.6,1.28,6.84,12.36
17.84,47.7,26.8,-14.0,-5.69,-8.16,22.43,-15.66,-10.3,-34.4,3.53,-4.35,17.66
17.33,33.77,18.49,-2.65,-8.18,-13.28,-1.32,-10.41,-6.27,-13.57,1.14,-0.02,9.07
16.78,25.83,11.88,2.45,0.5,-0.02,6.4,4.09,6.12,2.71,4.74,1.96,3.86
17.44,23.02,8.9,2.12,0.04,0.74,5.2,3.17,2.43,0.1,2.97,4.57,7.03
18.17,29.49,14.4,-3.13,-8.29,-11.77,1.89,1.07,9.4,3.02,9.24,1.79,3.76
17.98,36.96,23.6,-3.65,-10.19,-15.2,8.6,3.5,11.17,-3.81,10.9,5.28,15.64
17.29,35.21,18.54,-5.49,-5.04,-9.47,7.86,-5.07,2.8,-6.12,10.8,4.04,9.17
17.63,35.68,18.28,-4.36,-5.76,-5.13,14.15,5.01,8.96,-3.54,9.05,3.51,11.28
18.13,40.02,19.2,-16.41,-13.54,-17.5,5.82,-17.4,-9.57,-24.58,3.16,-7.26,5.26
17.63,34.52,18.67,-6.35,-2.89,-3.45,23.36,13.18,19.39,-2.52,10.52,-2.88,6.8
17.63,37.89,19.53,-10.05,-10.8,-13.08,8.79,-8.29,-5.64,-26.89,-12.11,-22.16,-8.6
17.33,29.44,14.29,3.14,-0.03,-2.04,2.26,-3.42,-3.53,-6.9,-0.62,1.4,8.6
17.12,38.03,24.21,-0.71,-5.62,-5.86,16.86,8.47,8.2,-11.55,0.41,-4.92,8.58
17.74,27.88,13.04,-1.72,-7.08,-9.68,1.69,1.45,6.7,0.57,5.21,3.8,13.18
18.07,28.05,14.01,-0.1,-5.27,-6.75,5.44,5.41,9.32,4.04,11.29,13.48,21.68
17.59,27.82,14.5,4.25,-1.4,-4.84,1.09,1.55,4.65,2.46,5.94,7.03,13.68
17.16,39.21,26.08,-3.71,-11.46,-14.57,15.33,6.02,7.67,-12.64,6.49,6.95,24.57
17.51,37.89,23.28,-5.15,-6.97,-8.81,12.29,-3.89,-0.31,-10.92,14.95,15.08,27.46
17.44,38.48,25.47,-0.19,-7.64,-13.91,6.07,-0.74,8.46,-6.05,6.11,-5.04,5.61
17.3,43.55,22.36,-9.01,-4.1,-9.44,15.71,-6.84,-0.52,-22.26,3.74,-3.51,17.42
17.28,28.6,13.14,-1.59,-2.83,-2.42,10.33,6.6,10.07,3.71,9.36,4.84,6.86
17.94,28.75,15.39,-0.03,-2.52,-1.75,12.57,7.69,6.44,-5.07,2.26,2.89,12.85
18.45,34.43,15.29,-16.24,-11.73,-7.01,27.52,12.74,14.5,-13.88,4.22,-1.93,18.05
17.94,38.66,17.3,-17.88,-8.23,-3.38,32.76,9.31,11.09,-18.89,5.32,-1.72,21.09
17.29,36.5,15.93,-16.53,-9.1,-5.91,27.49,7.95,8.95,-22.26,-1.57,-7.27,16.71
16.6,30.6,13.18,-12.45,-12.73,-7.54,21.77,13.37,12.75,-9.08,4.94,4.96,21.39
17.1,55.4,24.99,-33.88,-12.94,-13.15,37.62,-6.55,15.37,-22.79,18.55,-16.5,19.76
16.51,36.02,16.23,-11.48,-11.09,-14.57,10.78,3.01,12.01,-7.81,2.95,-6.49,8.97
15.76,55.16,32.63,-36.83,-32.93,-18.87,29.47,-29.44,-14.6,-23.69,25.0,-26.64,3.44
16.52,40.77,22.4,-10.81,-12.31,-15.03,12.6,-3.79,6.44,-14.56,5.5,-4.1,13.32
16.78,38.23,19.86,-8.22,-7.76,-12.19,10.17,-3.49,4.91,-10.44,6.72,1.6,17.07
16.77,30.74,14.89,-3.97,-7.56,-7.6,8.62,2.69,3.39,-8.75,2.28,4.03,15.7
16.4,38.23,19.05,-10.78,-8.48,-8.72,16.5,3.44,10.1,-11.45,0.74,-11.91,1.83
17.23,51.12,25.66,-26.44,-14.14,-11.55,33.12,-3.47,11.59,-18.25,21.96,-4.86,12.94
16.45,32.02,17.44,-8.78,-17.69,-22.16,4.81,5.42,10.93,-12.73,-5.67,-8.46,14.54
17.34,48.07,25.37,-12.94,-1.66,-8.05,26.12,4.2,17.18,-15.26,2.83,-20.47,2.57
17.37,53.31,30.47,-22.83,-10.06,-10.06,33.15,-3.04,8.0,-22.04,12.42,-11.94,13.9
17.2,39.79,23.61,-6.09,-1.11,-1.77,27.22,7.38,7.88,-22.68,-10.11,-15.13,12.03
16.74,26.4,12.23,0.13,-4.32,-4.7,4.16,0.69,-1.69,-10.08,-7.57,-5.82,2.5
16.84,27.58,13.68,4.06,2.4,1.45,5.57,-1.02,-1.2,-4.1,3.24,4.47,8.19
16.83,44.98,21.85,-16.33,-2.36,-5.46,25.59,-8.34,-2.28,-29.09,2.1,-2.61,25.77
17.4,29.09,16.07,0.58,-5.45,-6.77,9.01,9.88,11.96,0.48,3.93,4.38,13.79
17.7,31.19,15.75,-0.13,1.2,2.27,14.58,3.28,1.14,-8.98,3.17,5.02,15.65
17.61,24.48,12.26,5.44,2.9,3.68,8.9,5.95,0.9,-5.41,-3.4,1.94,8.62
17.68,29.56,15.47,2.58,-0.02,-0.25,9.31,4.26,3.56,-5.56,-3.41,-6.86,-2.6
17.42,44.82,27.4,-7.9,-5.23,-3.57,28.74,1.91,5.4,-17.12,11.79,1.29,14.32
16.82,23.38,10.19,1.06,-4.34,-4.93,3.74,5.88,5.23,-2.81,-5.18,-4.58,2.94
17.44,41.51,25.97,-4.8,-2.93,-3.17,21.89,6.04,8.33,-11.61,3.31,-10.9,0.77
17.25,21.59,7.62,1.0,0.15,0.23,3.64,-0.28,-0.65,-1.58,3.09,5.7,9.13
17.43,28.91,14.27,0.95,-5.02,-7.65,1.02,0.94,3.75,-1.96,0.06,-2.13,3.02
17.77,30.24,17.33,4.84,3.19,5.69,18.53,12.25,6.15,-9.19,-5.95,-4.98,3.19
17.65,27.81,13.9,2.82,0.87,2.64,12.33,7.75,3.86,-5.43,-1.26,1.35,8.0
17.57,50.24,25.71,-15.83,0.37,-6.36,25.14,-7.01,8.34,-14.26,17.09,3.47,28.63
16.93,23.73,11.31,3.18,-0.22,-2.32,2.43,-1.08,-1.14,-4.29,0.92,3.12,8.09
