16.63,11.58,6.91,6.37,-9.8,1.83,-1.59,4.12,-10.04,-14.27,-24.48,-19.6,-16.19
16.17,48.39,23.04,-18.06,1.86,1.02,40.7,3.47,7.78,-29.45,0.45,-13.43,15.97
16.18,34.53,18.61,-4.46,1.08,4.5,30.4,15.08,12.13,-18.32,-9.75,-16.14,7.6
16.51,29.17,16.23,1.72,-4.59,-7.71,4.07,3.15,5.49,-4.29,-1.57,-1.37,11.3
16.82,31.16,15.96,-0.37,-1.97,-2.68,9.69,1.2,-0.95,-14.2,-8.5,-8.78,3.99
16.44,31.25,17.75,1.47,-0.6,-1.83,10.76,0.84,-1.83,-13.92,-3.13,1.0,15.08
16.29,42.49,22.99,-7.36,1.4,4.21,24.7,-0.14,4.94,-7.4,9.98,-4.15,1.96
15.79,49.64,29.66,-10.53,3.52,2.0,28.94,1.44,2.72,-22.05,-0.88,-17.52,5.19
15.95,26.85,12.11,0.43,-1.6,-1.93,4.69,-0.99,-2.24,-8.99,-5.67,-7.51,-2.81
14.91,32.23,15.77,1.17,2.74,5.16,11.47,-2.61,-7.52,-16.46,-6.99,-6.5,6.1
15.26,26.65,11.49,-0.7,-1.45,0.19,8.99,3.74,1.86,-5.44,-0.87,-1.27,6.11
15.54,25.53,7.82,-7.39,-2.31,2.59,15.78,3.27,-3.98,-23.97,-21.89,-25.9,-14.01
16.07,39.53,19.55,-12.36,-1.63,4.52,32.21,7.12,8.14,-13.11,8.21,-2.61,8.89
16.59,24.85,12.3,4.14,4.99,9.07,20.1,14.81,7.71,-6.19,-5.53,-1.22,9.95
16.4,49.06,34.58,-9.57,-4.63,1.36,37.45,2.97,2.36,-17.59,7.75,-8.85,6.01
16.23,32.83,19.21,2.7,0.86,1.38,17.15,11.19,7.9,-9.98,-9.04,-13.79,-0.66
16.34,24.05,11.09,4.28,4.47,6.7,11.83,6.86,3.1,-2.1,0.77,2.68,8.5
15.37,49.88,27.61,-27.54,-8.51,-0.04,31.49,-9.01,-6.6,-31.58,-1.11,-26.26,-6.37
16.36,34.71,20.66,2.35,2.71,6.13,20.71,3.2,-5.32,-18.48,-6.14,-4.86,6.33
16.45,39.77,25.5,-5.96,-4.88,-1.23,30.27,9.85,4.3,-15.47,5.77,2.78,13.8
15.69,39.69,23.39,-4.0,-1.14,-1.23,24.66,4.58,0.66,-25.47,-10.45,-11.96,8.33
15.15,36.14,17.48,-6.8,-4.28,-1.45,20.13,2.49,0.42,-22.34,-8.55,-17.04,1.61
16.03,43.28,25.63,-5.93,5.11,10.94,37.0,9.91,5.45,-17.02,2.7,-14.86,-6.74
15.43,45.34,31.33,-13.87,-4.57,7.38,35.31,0.1,2.85,-8.34,15.78,-6.75,-2.07
15.56,25.83,12.1,2.23,4.48,8.41,20.48,14.66,9.38,-7.79,-13.45,-21.0,-12.94
15.23,40.29,21.57,-8.45,0.43,1.51,24.79,4.09,5.85,-14.53,1.78,-6.38,8.42
15.66,32.17,14.03,-5.81,-3.73,-2.8,10.49,-5.78,-8.9,-25.18,-15.11,-19.92,-7.39
15.52,36.31,22.33,3.82,2.21,2.18,16.65,4.69,3.04,-10.68,-0.58,-2.93,4.8
16.02,31.89,17.55,4.03,4.63,4.81,12.14,-1.28,-2.51,-8.52,2.63,1.95,7.76
15.94,24.81,12.67,4.45,-0.25,-0.54,6.85,7.28,5.07,-2.41,-3.68,-2.32,2.32
15.96,29.0,15.38,5.04,4.11,3.44,10.5,3.18,2.52,-0.2,6.24,6.42,11.46
14.73,29.11,11.88,-4.97,-6.48,-4.11,10.88,8.31,10.13,0.74,4.75,-0.57,5.92
14.82,36.95,23.82,3.08,-0.6,-0.97,14.47,2.54,-2.19,-17.81,-5.02,-6.0,9.12
16.17,25.76,14.16,5.51,-0.05,-2.01,4.48,3.61,0.2,-9.28,-11.61,-10.28,-1.66
16.56,29.13,16.64,7.49,8.36,8.93,16.04,5.78,-1.49,-16.03,-16.37,-16.68,-4.77
15.37,34.08,17.45,-1.47,-1.38,-1.89,12.43,-0.49,-0.25,-15.28,-7.63,-13.81,-1.99
15.22,41.66,19.75,-8.41,3.67,3.25,27.84,3.63,6.81,-13.3,7.49,-3.27,10.92
16.48,27.5,15.12,7.18,6.03,7.17,12.5,6.51,2.5,-4.2,-1.57,-1.78,1.26
16.68,32.09,19.15,5.49,5.26,7.74,20.4,12.34,7.97,-3.89,1.52,2.8,11.37
16.16,23.57,11.3,6.56,6.08,5.59,7.01,1.88,-0.96,-3.53,-0.0,3.17,9.49
16.72,31.97,19.88,7.04,3.62,5.19,17.07,12.03,8.61,-3.75,0.16,1.21,9.54
16.73,23.65,12.53,10.32,11.2,11.31,10.76,5.78,3.87,3.21,5.03,3.44,2.94
15.81,23.15,11.87,8.66,7.24,6.37,6.43,1.67,-1.63,-4.5,-4.88,-3.71,-0.02
15.5,35.57,20.01,2.1,4.45,7.08,22.01,10.85,5.94,-6.94,-1.28,-7.08,1.6
15.31,30.24,14.97,-3.65,-1.75,2.66,18.49,8.44,3.31,-13.41,-7.31,-8.56,2.68
15.43,31.99,20.55,4.52,-0.63,0.07,18.53,16.54,12.98,-7.56,-5.83,-8.11,3.8
14.66,47.68,35.03,-18.18,-7.38,12.26,39.2,-7.05,-3.83,-16.88,5.93,-12.58,1.66
15.24,27.04,12.16,5.72,8.5,12.05,14.41,7.41,1.4,-4.56,-8.0,-13.76,-15.82
16.57,29.33,17.52,9.34,8.13,8.97,15.77,10.52,8.28,2.57,4.26,0.62,2.78
16.38,35.11,23.47,7.5,8.15,9.86,24.54,11.32,5.94,-10.01,0.07,1.73,9.71
16.13,31.81,21.56,10.76,6.1,3.98,8.8,1.58,2.24,1.13,13.54,15.03,15.01
17.23,54.56,36.24,-26.53,-10.53,10.55,56.77,-6.9,-0.3,-12.33,25.21,-5.15,15.02
17.38,29.12,16.84,7.55,7.47,9.13,18.95,15.35,13.91,4.06,3.46,0.73,9.19
16.69,25.24,12.69,7.23,7.31,8.86,12.58,7.68,3.93,-1.82,-0.39,1.06,7.48
15.52,29.64,16.54,5.26,5.27,4.76,10.32,-0.65,-5.79,-11.78,-1.07,4.0,12.7
15.97,31.38,15.86,1.23,1.9,1.97,10.02,-3.0,-5.94,-18.3,-11.39,-12.78,-0.44
16.98,35.47,23.19,1.88,-2.9,-2.42,20.58,12.73,8.91,-16.52,-13.4,-18.18,-1.09
16.8,31.72,19.43,4.67,-0.16,-2.67,8.9,4.52,3.96,-9.32,-7.25,-9.71,-0.48
17.1,29.49,15.53,3.74,1.69,0.96,9.39,5.55,7.3,1.07,3.63,0.48,5.75
17.47,36.08,20.19,3.91,3.87,2.16,13.34,4.66,6.44,-3.99,5.78,2.54,13.69
17.59,27.12,15.28,8.8,7.01,1.84,0.56,-7.24,-4.33,-1.21,6.86,7.91,10.51
17.64,32.16,22.03,8.88,0.81,-7.97,-2.3,-6.45,-3.98,-9.98,-2.67,-0.93,8.84
17.29,45.73,26.77,-7.72,-3.19,-7.59,22.52,3.77,14.09,-6.11,13.56,-1.86,18.62
17.81,36.44,21.94,2.75,0.41,-3.55,9.9,1.14,5.33,-5.07,3.19,-4.68,2.3
17.42,34.13,21.02,4.78,0.3,-4.13,6.69,1.19,5.18,-3.94,0.22,-6.23,1.0
18.19,49.39,26.87,-12.48,-3.98,-18.71,20.61,2.81,26.69,-9.34,6.93,-20.49,8.99
18.47,26.86,11.5,-4.73,-7.0,-8.78,7.85,8.4,14.73,-0.08,-3.94,-16.12,-7.43
19.33,39.36,21.95,-14.43,-13.96,-25.7,7.82,-1.64,17.22,-16.03,-10.38,-31.49,-2.07
19.45,28.16,11.54,-8.28,-9.77,-11.59,7.11,3.04,6.81,-12.04,-11.09,-18.61,-2.83
19.47,34.54,16.33,-10.69,-10.72,-12.15,17.88,10.47,16.73,-15.07,-12.25,-27.23,-4.58
19.64,25.12,6.44,-12.2,-10.0,-8.34,10.33,5.79,9.61,-7.54,-8.01,-19.32,-7.85
19.93,35.64,10.58,-24.17,-16.74,-17.32,15.56,-2.11,11.99,-13.16,4.63,-19.04,1.58
20.22,21.88,4.6,-12.37,-9.85,-4.52,19.48,16.84,14.14,-11.64,-16.18,-23.8,-8.05
20.12,20.17,1.2,-13.25,-8.25,-0.75,19.87,16.24,12.94,-11.77,-20.18,-32.18,-17.02
19.74,40.92,16.18,-30.58,-12.33,-10.69,43.01,12.86,23.28,-26.4,-7.93,-35.64,-0.61
19.61,43.57,15.94,-36.89,-14.57,-5.16,52.05,13.35,23.67,-19.28,14.28,-20.76,1.95
19.75,26.42,6.23,-17.79,-11.08,-4.74,24.31,15.15,17.13,-8.16,-4.53,-18.42,-3.84
20.04,32.33,9.97,-21.73,-10.0,-3.82,35.63,19.48,22.7,-15.16,-3.72,-20.49,4.12
19.78,19.8,1.6,-13.7,-5.44,3.71,27.84,21.0,15.8,-11.78,-17.24,-26.95,-9.77
19.71,23.39,4.75,-13.75,-9.78,-3.34,22.59,20.56,23.03,1.13,0.73,-10.94,0.95
20.02,38.62,13.11,-26.23,-8.38,-5.52,38.28,12.67,21.58,-14.58,4.76,-18.89,4.05
19.81,28.18,12.16,-12.06,-8.21,-4.04,27.3,18.49,18.28,-13.44,-11.23,-24.98,-5.83
19.8,38.73,13.82,-26.75,-6.07,1.61,45.53,14.1,18.43,-25.0,-6.2,-27.8,4.58
20.27,32.94,13.57,-23.63,-10.96,-2.04,46.94,23.24,17.6,-33.69,-17.25,-28.45,10.18
19.94,29.78,9.58,-19.79,-3.99,7.85,48.16,25.71,18.2,-26.19,-17.59,-30.4,-1.71
19.86,32.29,11.92,-18.28,-7.44,0.63,37.77,18.57,14.53,-25.66,-14.57,-23.87,5.44
19.96,35.09,12.94,-22.93,-6.88,1.05,42.71,17.88,19.37,-22.17,-7.39,-27.58,1.09
19.49,39.39,10.44,-29.03,-3.18,-5.86,31.81,3.69,16.16,-18.12,-1.15,-24.41,-0.98
19.91,30.32,6.01,-24.57,-7.44,1.44,36.2,15.39,20.31,-9.56,3.03,-16.11,1.87
20.11,23.73,-0.23,-22.11,-7.24,5.49,35.48,23.69,26.92,1.78,5.78,-14.25,-2.61
19.96,37.33,11.65,-28.27,-8.46,-3.87,41.54,17.34,27.71,-12.98,3.93,-22.84,1.56
19.04,41.05,19.88,-20.69,-7.58,-5.45,34.78,10.05,17.33,-16.46,1.67,-17.14,7.07
18.51,58.43,34.85,-35.27,-12.26,13.65,74.52,-11.8,-6.86,-19.67,20.98,-30.33,6.91
18.67,29.38,14.99,-4.82,-7.12,-5.76,15.78,10.23,9.04,-11.76,-7.97,-10.71,7.06
18.23,27.61,13.35,-0.5,-3.34,-1.51,12.57,9.72,7.41,-5.8,-5.41,-7.37,2.37
17.77,36.2,20.11,-4.31,2.28,5.73,33.21,16.77,16.61,-11.55,-5.07,-18.82,-3.16
17.86,47.14,23.48,-13.89,4.94,1.25,39.22,11.47,21.45,-17.92,1.22,-20.42,3.94
17.64,38.04,21.07,-2.78,2.43,5.08,28.84,13.29,10.06,-17.22,-8.32,-16.68,2.28
17.09,42.04,21.66,-7.04,4.69,4.8,28.81,7.16,8.31,-16.81,-1.3,-14.28,3.62
16.8,30.19,11.52,-6.98,-1.57,6.0,23.51,10.24,3.83,-13.98,-8.44,-18.78,-13.11
16.97,25.97,11.75,2.05,3.25,6.55,15.97,10.78,7.14,-2.99,-3.8,-6.29,1.23
17.5,30.93,13.98,1.97,7.9,13.42,23.68,11.05,6.37,-7.88,-5.61,-11.13,0.03
17.72,38.29,17.69,-15.92,-2.84,0.12,40.16,22.59,25.74,-14.21,-4.65,-22.04,1.76
18.2,32.8,9.81,-15.13,-5.5,-1.22,28.1,16.36,23.68,-4.19,3.47,-14.08,7.96
18.49,44.11,14.0,-26.96,7.1,0.96,53.35,17.99,29.55,-19.62,-1.76,-28.8,1.81
18.86,34.77,9.61,-24.79,-4.75,5.78,45.93,16.72,19.65,-21.78,-5.38,-29.15,-0.9
18.55,43.97,15.06,-31.14,-4.14,-3.71,43.12,4.24,12.5,-36.14,-12.69,-37.63,-0.5
18.81,32.32,9.66,-24.37,-9.42,3.0,39.69,10.47,6.05,-27.92,-7.31,-19.95,2.56
18.47,56.86,11.78,-46.08,12.63,-1.38,67.47,-2.94,22.83,-19.7,10.56,-19.39,11.54
19.0,35.23,12.59,-24.08,-3.6,13.35,55.62,22.9,20.28,-15.78,2.78,-21.1,-1.46
18.32,23.77,4.34,-13.25,-2.55,9.57,34.1,21.5,14.71,-8.47,-4.63,-13.57,-4.57
18.73,31.25,3.92,-27.49,-8.58,0.64,35.87,11.65,16.13,-9.09,12.82,-3.0,11.25
18.94,42.47,6.29,-41.63,1.1,9.96,60.03,12.48,26.53,-13.86,18.08,-19.1,5.22
18.25,36.06,7.79,-26.72,1.61,13.88,48.3,9.41,10.97,-22.08,3.34,-19.38,2.37
18.16,56.86,20.46,-52.01,-3.73,13.75,77.34,-5.11,17.21,-16.01,20.5,-28.45,14.36
18.7,46.44,8.77,-44.65,3.84,9.24,59.11,-1.61,12.22,-29.67,6.38,-27.15,5.6
19.31,23.79,0.26,-22.5,-4.19,8.98,35.47,12.53,5.92,-22.36,-12.2,-22.58,-7.25
19.02,34.55,1.83,-43.52,-10.65,-1.05,39.05,-4.19,2.83,-30.66,-2.84,-28.62,-5.71
18.71,42.46,6.1,-30.79,12.1,1.85,49.56,3.86,12.47,-27.62,0.35,-16.48,3.71
18.61,39.48,7.69,-35.46,5.65,24.23,64.47,1.28,3.49,-35.77,4.07,-29.47,-0.21
18.67,41.28,9.0,-40.04,1.88,21.38,63.03,-1.05,8.28,-21.48,23.11,-11.32,13.69
18.58,26.42,-0.13,-21.22,4.3,21.32,47.76,16.83,11.34,-18.65,-3.37,-19.12,-0.61
18.56,18.9,-1.89,-15.03,1.85,15.6,33.93,16.36,7.7,-13.25,-9.34,-16.12,-4.47
18.7,41.78,8.77,-30.3,5.26,7.45,46.7,2.34,12.42,-19.37,13.78,-13.45,4.67
18.61,25.31,2.53,-20.8,-3.03,10.51,38.5,15.72,10.51,-16.21,-3.09,-12.61,4.14
18.59,33.78,9.37,-14.99,3.57,14.27,40.25,14.32,12.17,-17.58,-4.38,-20.77,0.6
18.23,41.65,16.96,-21.84,-0.39,8.47,37.91,-6.54,-7.01,-29.33,10.86,-3.22,15.16
17.7,27.9,12.57,-1.67,5.43,10.95,21.21,-1.1,-11.63,-21.09,-0.21,4.69,11.59
17.68,37.9,16.99,-9.34,5.97,10.63,30.84,1.74,0.23,-17.69,6.89,0.33,15.92
17.15,40.37,18.44,-16.79,1.57,11.21,37.68,-2.5,-4.5,-23.74,10.25,-3.82,14.99
17.09,29.27,12.92,-3.36,1.65,7.15,20.7,3.89,-3.65,-17.9,-5.86,-4.1,7.77
17.09,36.54,17.59,-3.48,7.33,11.0,24.49,-4.29,-8.4,-21.45,4.11,2.42,14.16
17.47,39.03,21.94,-3.43,4.31,6.55,26.01,-1.58,-6.2,-24.59,1.07,2.25,22.18
17.25,29.64,16.69,5.52,8.62,10.5,18.02,1.94,-8.11,-21.12,-11.15,-4.33,10.83
16.8,32.23,16.22,-0.89,2.2,3.36,13.09,-4.0,-8.64,-18.13,-4.15,-4.32,4.95
16.27,36.84,18.68,-11.9,-7.0,-5.04,18.13,-6.3,-8.3,-26.64,0.76,0.9,23.09
16.3,33.77,16.2,-4.82,-0.52,1.72,16.71,-0.59,-3.45,-16.82,-1.53,-2.62,10.08
15.79,41.77,21.89,-9.01,2.57,7.83,29.13,1.22,-0.49,-17.73,7.13,-2.99,6.86
15.73,34.09,17.72,-4.94,-2.17,1.25,21.35,3.49,-2.8,-25.81,-10.22,-8.05,12.29
16.23,52.19,29.01,-20.09,-1.68,-7.38,26.61,-4.2,8.07,-18.02,10.14,-9.88,20.58
15.58,27.49,10.01,-5.76,-1.82,2.23,14.41,0.15,-4.55,-17.49,-7.36,-4.84,9.26
15.35,51.66,24.88,-28.97,-4.53,-6.14,33.57,-12.88,-5.74,-25.51,11.01,-7.9,14.08
16.01,31.02,14.86,-1.96,1.89,5.56,17.85,0.96,-4.63,-13.1,1.85,2.58,12.17
15.95,34.69,14.14,-6.4,2.49,7.9,22.08,-0.41,-3.3,-17.64,-0.15,-6.27,6.4
16.02,42.15,19.53,-17.58,-4.75,1.6,30.65,-2.41,2.14,-17.73,8.49,-13.34,-1.76
15.7,31.54,14.28,-9.03,-9.47,-9.07,10.34,1.0,4.64,-3.89,10.8,6.04,11.66
15.91,46.62,17.01,-30.69,-11.02,-10.72,19.85,-15.79,-0.98,-24.36,13.08,-19.64,-5.3
16.71,30.97,8.77,-21.57,-16.33,-11.11,21.25,11.8,21.23,2.38,16.52,-2.06,6.86
17.25,34.15,9.8,-22.98,-12.02,-5.29,25.69,5.68,12.39,-4.78,16.83,0.55,9.12
17.52,27.85,7.35,-12.45,-9.2,-2.97,15.54,7.13,7.73,-6.0,0.39,-7.84,-0.67
18.43,40.79,5.68,-40.75,-8.48,-7.59,40.92,4.77,22.03,-14.61,14.01,-12.34,12.31
18.25,22.18,-2.95,-28.85,-18.46,-6.64,21.11,4.29,4.9,-12.2,6.19,-4.55,2.55
18.28,24.67,-0.25,-24.13,-12.12,-5.02,17.61,2.88,8.5,-3.44,11.62,2.15,9.92
18.56,33.5,2.3,-32.69,-16.16,-8.26,21.99,-6.29,6.43,-12.02,18.26,-3.04,11.9
18.68,35.69,-0.13,-49.7,-20.62,-14.87,22.94,-23.68,-6.58,-28.9,11.34,-16.23,4.51
17.93,23.62,-4.1,-29.25,-12.01,-0.22,23.14,0.14,6.01,-6.53,14.55,-2.02,3.83
18.56,35.18,-3.53,-43.26,-2.56,-8.17,33.16,-14.13,-1.78,-30.0,5.09,-13.31,6.96
18.1,39.38,5.51,-43.1,-12.52,-6.78,42.65,3.47,16.99,-20.7,10.38,-16.96,10.77
17.89,38.65,-0.95,-41.99,4.37,-0.02,48.87,3.02,19.08,-14.53,17.68,-5.08,12.63
17.99,32.18,-0.49,-33.67,-4.25,5.97,36.42,-1.45,8.3,-15.33,17.08,-4.93,14.65
17.77,34.92,4.35,-35.32,-6.46,4.83,38.55,-2.46,6.93,-15.66,19.47,-5.62,7.22
17.82,29.53,-0.25,-29.3,-9.76,0.45,27.12,0.74,10.16,-5.15,22.02,5.92,20.18
18.28,41.42,2.63,-43.99,-3.67,-8.95,38.25,-3.88,14.17,-22.68,10.63,-13.65,14.53
18.41,30.65,4.43,-28.83,-11.52,-0.77,32.12,4.96,5.92,-18.27,6.33,-6.59,10.73
17.78,21.52,-3.35,-29.1,-22.05,-15.16,8.98,-4.36,-2.86,-18.06,-2.56,-7.17,4.66
17.72,24.81,2.69,-26.06,-15.47,-2.82,32.86,15.18,9.17,-21.51,-4.43,-8.57,11.16
17.53,25.58,-1.73,-31.81,-12.72,-2.48,23.46,-4.8,0.28,-12.09,19.13,9.48,21.08
17.46,27.4,-2.54,-33.93,-19.11,-10.54,15.93,-8.14,-0.9,-16.59,9.14,-4.94,7.79
17.86,43.7,7.32,-41.6,-2.37,2.2,47.97,-0.21,18.65,-9.92,31.68,2.06,21.0
17.53,30.16,6.17,-24.5,-12.16,-2.87,25.12,1.3,4.29,-9.71,18.51,6.5,12.96
17.17,37.92,9.97,-30.99,-9.5,-1.78,39.15,7.54,15.31,-15.48,13.54,-3.14,21.41
17.39,36.91,4.7,-35.94,-1.44,5.24,40.83,-3.44,6.46,-16.21,21.05,-1.14,19.86
17.1,47.43,3.09,-47.12,-1.86,-19.3,38.31,-15.15,10.92,-18.49,21.64,0.31,22.49
17.44,32.29,4.87,-21.68,-12.56,-7.62,13.05,-3.74,5.95,-6.95,11.23,-2.77,13.4
17.58,51.42,16.35,-47.62,-13.0,-1.37,41.7,-23.66,-3.65,-23.46,32.9,-6.92,17.32
17.56,41.65,13.65,-28.02,-11.74,-7.56,31.58,0.77,11.9,-12.88,18.1,-4.85,9.27
17.82,42.57,14.67,-31.36,-12.03,-7.06,30.88,-9.08,0.45,-23.95,18.31,0.24,23.56
17.43,23.28,1.23,-20.37,-15.92,-9.57,11.54,1.75,3.94,-7.93,7.16,4.17,13.18
18.46,41.77,3.24,-45.66,-10.71,-13.96,28.95,-4.16,24.96,-1.5,29.08,-8.37,9.2
18.91,25.62,-1.49,-28.54,-20.02,-13.67,11.13,-0.07,13.85,4.93,20.98,0.31,2.28
19.29,29.21,4.83,-34.36,-29.05,-27.52,9.55,-6.76,8.97,-9.49,14.11,-12.28,-8.63
18.7,28.54,7.4,-21.01,-18.52,-19.96,8.89,2.03,18.33,2.39,14.1,-7.12,-1.7
18.05,28.84,5.29,-23.5,-17.85,-14.45,9.44,-3.89,5.32,-5.98,9.06,-8.69,-6.21
19.49,46.15,11.96,-36.5,-10.45,-21.32,18.83,-16.9,12.94,-11.53,19.51,-24.37,-10.6
18.58,39.7,12.16,-24.86,-9.89,-15.03,13.71,-8.92,10.13,-8.64,13.92,-10.54,-0.2
17.98,36.48,15.89,-13.11,-7.25,-2.77,25.56,10.81,15.03,-4.83,10.13,-3.3,6.73
18.32,54.68,24.41,-30.54,-2.65,5.16,53.15,-1.78,14.13,-11.2,34.63,-8.12,3.93
18.58,41.66,16.97,-16.83,2.01,9.26,37.33,3.52,8.25,-14.08,12.7,-7.29,6.42
18.36,33.17,17.19,-5.25,-2.9,3.72,28.27,13.8,6.26,-16.47,-6.12,-11.26,-0.56
17.71,29.35,11.26,-7.02,1.14,9.65,28.08,12.5,10.48,-3.01,7.0,-4.84,-3.68
17.48,31.17,10.51,-14.51,-3.26,6.35,31.2,11.08,9.28,-11.06,3.39,-7.88,3.59
18.22,38.73,19.6,-14.35,-5.06,3.36,35.35,9.06,9.08,-14.19,4.23,-15.74,-6.23
18.31,30.15,13.35,-5.58,-2.7,3.77,24.22,14.65,11.8,-4.74,1.75,-5.53,0.18
18.68,38.24,21.38,-8.31,-3.3,3.15,31.49,10.9,7.95,-13.7,4.89,-6.34,2.67
18.65,35.66,18.35,-8.86,-6.06,-2.03,25.27,10.65,10.52,-13.22,0.23,-8.9,3.16
18.63,32.47,13.77,-8.35,-2.33,3.69,25.68,10.77,7.36,-15.45,-6.8,-15.26,-3.49
18.77,27.29,10.58,-7.25,-3.59,-0.32,19.81,11.89,10.83,-11.39,-13.24,-25.53,-14.37
19.12,34.05,17.27,-2.68,1.44,6.37,26.45,10.93,4.17,-20.47,-14.01,-20.28,-5.81
18.95,27.48,12.83,-0.09,3.8,8.54,23.65,13.04,4.28,-18.01,-19.18,-21.66,-6.82
18.89,29.4,15.14,-2.55,-3.26,0.15,18.53,8.82,0.7,-20.54,-14.49,-11.68,3.02
18.96,22.32,8.17,1.52,6.27,10.9,17.92,7.27,-2.81,-17.15,-18.06,-17.46,-7.14
18.97,29.7,15.95,-2.82,-2.71,-1.38,17.14,4.84,-1.29,-23.36,-16.52,-18.27,-2.39
19.28,33.84,20.15,-4.56,-7.69,-7.21,20.35,10.39,6.07,-22.85,-13.37,-14.27,7.2
19.63,28.97,14.93,-2.55,-5.99,-4.93,14.41,10.44,6.08,-16.48,-16.89,-17.96,-1.55
19.58,24.78,9.83,-1.88,-2.83,-0.62,9.4,2.52,-4.6,-19.35,-20.07,-19.62,-9.43
19.4,24.58,10.95,3.04,4.18,7.95,15.79,8.25,-0.72,-14.6,-16.36,-16.62,-9.34
19.3,27.01,16.11,8.69,4.83,3.47,9.65,6.82,1.98,-10.55,-15.72,-18.0,-10.5
19.57,39.93,21.8,-12.54,-2.27,4.75,42.23,17.0,13.25,-19.88,-1.13,-16.05,-1.49
19.51,47.46,33.15,-7.54,-1.08,-6.32,38.81,15.7,22.27,-18.5,2.82,-24.53,-8.23
19.27,27.66,14.51,3.07,1.37,3.49,16.53,14.3,12.71,-0.69,-4.98,-14.21,-13.75
19.08,25.49,13.94,7.51,5.94,4.53,9.57,7.11,6.71,-0.98,-7.78,-17.44,-17.29
18.75,31.79,14.88,-5.7,3.26,11.25,38.08,23.24,16.0,-13.44,-5.82,-13.39,1.58
18.77,52.32,20.81,-25.48,7.13,-1.77,48.46,1.89,18.32,-19.98,14.93,-10.67,10.18
18.71,35.46,17.4,-8.71,-4.48,-1.2,24.16,9.3,13.43,-4.95,9.3,-4.01,1.72
18.96,41.89,21.2,-15.64,-5.47,-3.75,34.5,10.77,17.29,-11.67,9.37,-9.54,4.37
18.19,28.73,11.1,-3.93,-2.85,-0.15,12.31,3.65,0.9,-12.28,-8.74,-13.86,-7.57
16.8,27.79,10.15,-6.12,-3.45,-0.22,15.45,9.14,10.72,-2.24,-2.35,-13.06,-7.5
16.56,28.58,13.68,-4.08,-5.46,-6.65,12.23,10.15,15.88,1.64,2.47,-12.38,-11.28
17.22,35.63,19.89,-3.7,-1.44,1.1,25.03,12.01,12.41,-6.64,3.92,-6.81,-2.37
17.12,26.41,13.42,3.56,0.69,3.01,14.58,13.64,9.65,-2.69,-4.75,-4.89,0.85
16.49,31.82,17.27,1.53,-0.83,-3.51,8.05,3.46,9.04,1.64,5.31,-3.6,0.16
15.92,33.13,14.84,-4.43,-1.07,1.03,17.43,4.11,3.46,-8.87,3.71,0.28,8.03
15.67,31.99,15.04,-6.55,-6.57,-3.89,13.27,0.48,-1.04,-13.42,2.61,-0.16,7.27
16.55,32.68,15.06,1.77,5.43,8.41,15.36,1.44,-0.01,-5.0,5.5,3.76,7.3
16.38,28.91,15.32,5.6,6.27,4.33,7.67,-2.5,-2.01,-4.16,1.35,-2.92,-3.1
15.96,36.23,16.65,-7.26,-5.05,-3.55,15.0,1.41,2.07,-15.84,-3.41,-11.66,3.4
16.48,30.29,13.29,-3.89,-0.37,0.87,13.11,-3.73,-9.77,-24.9,-13.43,-11.67,0.09
16.09,33.66,19.96,2.66,2.39,4.67,19.75,10.9,8.27,-7.06,-1.74,-7.67,2.25
16.92,34.89,22.31,4.26,2.09,2.63,22.26,15.32,10.21,-11.64,-6.98,-6.42,10.43
16.69,45.01,22.83,-20.77,-7.56,-0.43,40.41,5.67,6.08,-25.65,6.82,-16.63,4.92
17.03,29.8,16.3,4.0,4.3,7.29,18.83,11.93,7.91,-3.48,0.63,-1.36,4.42
17.44,27.56,16.57,6.66,5.17,5.62,15.21,8.18,2.13,-11.21,-8.27,-7.08,-0.61
17.59,23.48,11.14,5.45,3.49,2.34,4.24,-0.13,-2.59,-7.17,-8.49,-10.18,-8.5
17.36,26.51,13.93,5.93,4.88,6.25,13.59,9.3,4.62,-5.57,-6.35,-7.38,-2.68
16.8,31.38,16.45,-2.72,-7.11,-6.41,10.62,4.2,2.82,-11.36,-4.59,-8.21,-2.21
17.49,31.01,16.2,1.47,0.54,-1.95,10.95,8.67,18.56,10.24,11.38,-6.32,-6.84
17.83,31.99,22.46,7.61,-2.03,-8.97,5.03,8.84,17.43,6.81,5.54,-5.82,-3.89
17.49,24.78,12.45,4.49,0.86,-1.38,5.43,7.14,11.14,5.57,1.48,-7.8,-9.74
17.68,42.43,29.09,0.62,-0.59,2.17,28.92,9.67,6.8,-12.49,3.26,-10.25,-1.2
18.19,30.51,19.8,12.32,10.78,10.74,15.51,8.58,1.94,-4.24,-0.59,1.88,6.55
18.69,24.07,13.59,10.96,10.78,11.07,12.36,7.64,3.35,-1.05,-1.67,-2.17,-1.95
18.21,26.99,16.29,8.75,3.1,1.03,7.44,8.32,7.19,0.75,-0.48,0.2,3.68
17.78,38.82,26.8,3.13,-3.4,-5.73,14.19,6.36,8.11,-9.28,2.08,-5.67,2.64
17.6,34.67,22.61,3.58,-0.12,0.51,20.53,15.75,10.86,-8.53,-0.91,-1.0,7.83
16.85,26.17,12.61,3.45,1.69,1.27,5.78,-1.34,-3.88,-8.56,-3.38,-0.96,3.89
17.41,25.15,12.87,7.08,4.66,5.05,9.52,8.56,7.21,3.61,2.23,1.09,3.18
17.58,26.48,15.01,8.54,7.49,8.14,14.58,13.31,12.42,3.76,-2.86,-12.7,-15.66
17.37,25.58,14.29,6.95,2.82,0.95,6.93,6.72,7.11,1.07,-1.18,-4.27,-1.95
17.7,28.23,16.2,6.89,3.67,1.55,8.35,6.52,7.0,-0.76,-3.56,-10.51,-8.58
17.36,26.2,13.08,5.0,2.76,3.97,12.36,13.33,13.11,3.99,-3.09,-11.99,-11.41
17.14,31.85,18.46,6.2,5.75,5.96,14.3,7.35,8.67,3.48,8.26,2.89,4.82
17.52,35.38,19.54,3.09,5.76,7.68,18.72,7.33,4.95,-5.54,0.73,-6.91,-3.1
18.18,26.73,15.02,7.5,4.85,5.13,11.76,8.61,5.28,-2.69,-2.75,-2.21,3.22
18.09,28.91,15.78,7.3,6.76,5.57,6.55,-6.89,-13.73,-17.51,-5.28,2.52,9.91
18.06,48.21,33.6,-1.77,-0.35,-2.93,24.05,-8.77,-4.53,-22.01,11.12,1.7,19.3
18.05,40.86,30.96,4.98,0.85,-4.58,14.72,-4.91,-7.78,-20.74,8.16,12.78,25.22
16.95,30.21,17.98,6.74,3.9,2.13,6.8,-3.4,-5.83,-7.96,5.48,8.56,9.41
16.23,23.18,7.87,-1.04,-1.02,-0.18,3.94,-3.87,-3.62,-3.22,8.08,10.71,12.37
17.64,27.25,14.49,5.95,5.53,6.16,11.48,3.81,-0.1,-5.72,-0.23,0.52,3.55
18.46,47.56,29.36,-2.42,5.77,5.91,34.16,4.54,8.47,-14.22,14.03,0.16,19.63
18.47,22.84,10.92,7.7,9.67,9.8,9.71,1.82,-0.6,-0.03,5.86,7.84,8.33
18.22,22.3,7.73,4.38,10.98,18.94,23.09,11.92,1.03,-7.95,-5.53,-1.87,5.64
17.36,36.54,12.31,-22.51,3.17,11.92,46.53,5.81,5.78,-27.21,3.87,-9.24,16.39
16.92,49.69,10.83,-39.21,12.41,8.33,54.68,-11.39,3.02,-42.65,2.53,-19.06,19.8
17.23,29.06,5.09,-19.68,4.23,11.71,34.95,1.7,0.39,-22.08,5.84,-0.07,19.04
17.32,35.18,13.03,-21.98,-2.9,5.82,44.28,14.02,10.71,-24.17,1.8,-5.68,22.92
16.85,54.61,15.2,-43.79,12.81,14.12,62.3,-4.99,11.43,-39.85,17.3,-23.06,26.08
16.62,25.23,2.98,-16.84,-0.06,13.41,38.91,16.25,8.93,-17.1,-2.08,-8.3,7.91
16.37,23.38,2.61,-17.24,-7.84,0.91,21.21,4.09,-3.29,-24.95,-15.22,-19.44,-8.0
16.36,39.33,14.82,-21.32,2.49,15.52,55.36,16.41,14.19,-25.13,4.43,-11.98,17.27
16.25,29.42,8.64,-16.0,-3.14,5.62,28.63,3.09,-4.1,-28.79,-8.6,-11.41,5.94
15.89,32.18,12.73,-14.24,-5.58,1.75,28.31,3.33,-0.96,-23.39,2.79,4.9,24.37
15.86,39.76,17.7,-19.32,-6.07,-2.28,31.79,5.15,9.36,-23.87,1.43,-6.02,26.52
15.6,33.59,14.01,-12.41,-4.83,1.01,25.27,1.52,-2.36,-23.41,0.16,0.2,19.43
15.51,35.31,13.94,-15.86,-6.16,-2.21,21.88,-3.61,-2.43,-18.92,7.42,5.48,23.41
15.11,37.35,16.31,-20.86,-7.99,-0.02,35.16,6.2,6.55,-20.69,8.74,-0.02,20.04
16.23,44.1,20.37,-20.96,-6.96,-3.44,36.71,9.61,19.03,-14.75,9.3,-5.88,17.47
14.9,31.56,14.16,-9.56,-6.12,0.69,23.91,9.62,3.38,-16.84,-3.05,-2.98,8.97
15.88,50.96,19.98,-23.92,7.56,1.45,37.44,-7.41,1.67,-31.24,8.98,-12.09,16.84
15.85,38.75,20.46,-7.91,-3.28,-1.43,21.68,2.07,3.76,-15.24,4.59,-1.02,13.13
15.99,31.6,16.28,-1.02,-1.07,1.71,19.98,12.79,10.36,-4.59,0.52,-1.67,7.71
16.66,30.91,16.14,3.38,2.41,3.67,12.27,8.1,10.64,7.47,11.41,5.47,7.56
16.44,50.72,23.0,-26.1,-6.49,-18.28,23.91,-6.22,18.48,-14.69,10.89,-16.8,3.87
17.07,38.96,19.96,-6.66,-2.29,-1.61,24.76,14.63,28.48,14.11,25.51,1.45,5.4
16.81,36.93,20.77,-2.94,-2.79,-3.65,16.31,4.27,5.43,-13.27,-5.96,-14.28,-4.3
19.07,27.97,17.16,8.89,4.23,0.68,7.36,8.83,15.89,14.17,13.75,4.61,-0.2
18.78,33.68,21.67,2.91,-0.75,-6.48,10.46,7.1,20.07,12.27,18.82,2.37,1.47
18.68,42.81,31.22,-0.83,-5.18,-13.45,16.16,2.04,20.55,0.25,17.54,-2.8,5.43
18.55,29.64,18.03,7.47,0.95,-5.15,1.63,2.23,7.79,2.51,-0.22,-7.71,-4.06
18.34,32.64,18.9,4.0,-1.3,-6.58,3.1,0.72,8.29,1.68,4.57,-3.79,1.19
18.45,51.81,27.66,-8.83,5.38,-17.43,15.97,-11.12,9.25,-16.3,7.16,-15.02,1.11
19.01,60.22,40.91,-11.98,-0.86,-15.91,32.76,-17.01,1.14,-12.01,21.32,-11.36,9.57
18.36,26.48,13.88,5.47,0.92,-4.94,-4.11,-7.26,-2.85,-2.22,0.86,-2.3,-2.27
19.19,36.72,23.2,5.61,0.45,-7.3,1.76,-6.48,-0.63,-8.72,-0.2,-8.33,-3.23
19.08,56.45,32.29,-14.85,-2.59,-38.3,3.57,-28.93,0.48,-26.02,3.82,-30.12,3.06
19.53,26.54,12.85,1.85,-5.41,-11.95,-7.97,-6.78,0.72,0.29,0.87,-5.78,-5.06
19.53,29.86,16.34,1.31,-6.66,-14.97,-8.28,-12.02,-7.73,-14.5,-11.78,-15.55,-7.34
19.65,41.74,33.26,2.05,-8.55,-30.7,-7.68,-16.78,7.84,-5.68,16.33,-3.39,8.07
19.43,40.7,30.1,6.01,-2.59,-18.62,-4.73,-14.01,-0.13,-13.46,-0.65,-13.24,0.64
19.87,53.02,33.65,-3.7,4.33,-23.98,9.84,-18.74,1.88,-18.7,7.94,-15.94,7.97
19.27,37.61,23.31,0.46,-1.04,0.64,0.74,-13.51,3.9,-10.03,-9.9,-8.35,-2.03
19.84,45.95,24.14,-4.05,4.34,-18.01,17.84,-11.84,3.31,-17.96,-8.74,-5.04,0.14
18.71,46.02,32.28,-3.32,-5.54,-19.56,8.81,-5.45,17.08,-4.67,9.91,-16.17,1.38
19.17,37.84,28.22,-4.34,-15.25,-34.18,-3.3,-4.46,23.42,1.21,11.43,-14.74,-0.03
19.08,44.84,35.38,-3.03,-14.19,-32.78,4.0,0.24,26.37,-5.03,5.39,-23.53,-1.0
18.83,43.6,21.76,-13.89,-4.96,-19.85,12.43,-2.07,21.18,-3.36,9.38,-18.57,-4.45
19.6,49.6,22.6,-20.89,-4.03,-36.5,9.38,-12.38,23.97,-6.99,11.56,-22.49,-5.34
19.58,37.36,24.5,-9.01,-14.27,-28.81,6.22,4.04,30.15,2.69,9.99,-20.39,-5.6
18.74,34.84,18.61,-10.86,-11.78,-22.92,6.12,3.02,26.75,6.16,8.33,-22.61,-12.19
18.96,42.82,31.35,-12.82,-19.48,-32.77,10.26,1.45,25.8,0.48,22.31,-4.58,13.42
18.5,32.48,19.28,-5.06,-11.7,-23.9,-2.1,0.29,24.11,13.69,19.93,-2.54,3.53
17.91,28.62,12.46,1.68,-0.13,3.45,14.19,14.44,13.83,4.32,0.08,-5.0,-0.63
16.65,34.07,19.64,0.31,-2.88,-5.89,12.4,10.0,18.41,4.18,6.1,-5.71,0.28
17.16,52.68,35.84,-15.9,-10.47,-14.91,34.35,-0.86,17.5,-0.71,29.6,-2.2,13.44
16.64,27.5,14.66,5.62,4.24,4.77,12.33,9.98,10.58,3.2,3.25,-0.86,2.05
16.08,25.78,11.53,2.07,-2.43,-2.27,4.06,5.6,6.28,2.03,-0.41,-3.65,-0.94
16.5,42.99,27.28,-7.15,-5.45,-7.2,23.84,8.17,21.49,-0.91,18.25,-2.1,3.54
17.13,30.7,17.98,3.93,-1.07,-3.67,6.84,5.22,11.26,8.9,15.38,11.46,13.07
16.81,52.49,25.07,-15.67,7.41,-4.73,34.81,1.22,20.02,-9.13,12.92,-7.34,15.96
16.69,35.07,16.41,-9.31,3.32,10.74,35.15,6.36,-0.53,-23.64,-0.88,-6.45,8.86
16.55,30.74,15.64,-6.81,-10.3,-7.5,15.69,6.03,-0.01,-22.59,-10.52,-7.44,8.2
16.19,30.48,11.74,-10.6,-3.91,0.74,22.9,2.76,-2.55,-25.98,-8.55,-7.74,8.88
16.11,39.65,13.17,-29.55,-10.83,-2.28,29.81,-15.02,-12.16,-36.23,0.64,-15.9,8.06
15.68,41.41,14.94,-17.39,3.88,6.18,33.47,0.06,6.23,-18.46,8.67,-4.99,8.15
17.67,56.1,19.95,-27.71,13.85,-9.17,46.25,9.0,28.78,-1.99,21.46,-7.07,13.01
17.72,31.14,14.47,-3.91,-0.1,6.54,24.05,11.19,5.91,-8.04,3.77,-1.51,0.88
