19.59,-3.89,-4.75,7.66,-3.35,8.21,-2.82,4.42,-5.98,0.8,-6.51,0.16,-3.36
17.37,28.41,15.42,4.87,0.11,-4.0,-1.51,-10.75,-16.15,-23.76,-17.01,-9.43,2.75
17.39,37.41,26.19,4.83,0.08,-6.83,7.9,-8.79,-12.47,-30.08,-13.15,-6.21,17.6
17.26,27.92,15.68,7.77,3.4,0.81,3.05,-1.19,-3.94,-7.88,-3.69,1.23,7.59
17.12,42.91,21.58,-5.46,7.89,-0.87,15.73,-13.42,-9.0,-23.59,4.54,-1.64,14.28
17.38,30.55,18.8,7.34,7.69,6.87,15.08,2.2,-6.31,-20.85,-10.6,-1.31,18.37
17.37,40.2,28.04,5.8,4.51,-2.13,13.67,-7.73,-10.22,-28.96,-14.19,-12.65,10.27
18.08,28.36,15.12,4.06,-0.66,-5.07,-3.24,-11.35,-13.27,-15.78,-6.31,-1.5,4.98
18.35,39.67,24.94,2.58,8.15,3.05,14.74,-14.16,-13.58,-23.19,4.12,7.48,25.66
18.03,48.45,24.99,-10.02,7.34,-5.48,16.93,-26.84,-19.79,-35.15,6.22,-1.77,18.73
17.7,43.22,25.73,-3.2,6.32,-1.67,13.73,-24.8,-18.29,-30.05,13.14,13.39,34.02
17.62,30.68,18.2,8.16,2.68,0.27,4.47,-0.45,-2.61,-6.14,1.54,7.73,14.2
17.61,28.02,16.3,9.23,7.17,3.28,2.82,-5.42,-5.92,-5.9,1.18,2.98,7.88
17.85,33.4,19.77,1.6,-2.67,-9.8,-2.04,-17.32,-17.56,-26.07,-7.54,-0.6,14.87
18.4,38.1,25.45,5.1,5.66,-1.0,13.06,-5.46,-2.64,-7.93,19.17,24.38,33.74
18.08,38.38,25.36,9.31,8.34,0.67,3.62,-12.63,-5.43,-4.63,14.61,7.83,10.57
17.53,24.32,11.63,5.56,5.4,6.2,9.52,4.57,3.47,2.44,7.74,9.02,9.73
17.19,24.64,11.48,5.33,3.92,6.65,11.78,9.41,5.04,0.59,2.06,5.64,8.63
16.48,34.59,17.67,-1.4,8.09,6.51,15.78,-11.65,-12.62,-17.5,9.92,12.51,22.21
17.42,26.74,9.97,-3.57,-2.37,1.19,11.49,4.49,5.46,3.3,16.09,18.74,24.52
18.2,42.45,23.74,0.1,10.82,8.82,23.99,-5.22,-3.1,-13.74,10.35,4.48,16.05
16.99,37.13,23.94,7.16,7.81,3.33,10.01,-6.07,-7.84,-14.04,-0.03,-0.28,11.6
16.97,26.66,16.01,9.02,2.7,-2.79,-3.11,-8.93,-12.95,-17.48,-13.42,-7.25,1.62
17.27,40.05,24.72,3.79,11.95,3.55,15.31,-7.0,-3.12,-12.18,10.28,11.51,25.56
17.17,31.06,19.08,6.42,0.64,-3.48,1.78,-6.86,-8.27,-12.98,-2.99,1.15,10.64
17.92,26.68,14.78,8.36,4.95,0.32,-3.41,-14.05,-19.79,-20.66,-10.87,-0.69,10.03
18.2,25.05,13.77,7.52,2.35,-1.74,-0.5,-2.98,-3.99,-6.74,-4.21,0.58,8.44
17.55,32.27,20.15,6.36,0.77,-5.29,-0.88,-10.48,-9.93,-13.47,-0.67,2.14,9.97
16.88,31.62,16.77,1.49,1.07,-1.73,5.04,-11.52,-13.62,-18.67,-1.7,2.37,11.54
16.94,39.7,19.0,-3.9,5.85,3.45,20.06,0.07,1.82,-13.94,4.48,-0.58,15.84
16.69,28.31,15.53,7.06,7.13,4.2,4.76,-7.46,-8.83,-9.86,0.73,4.4,10.59
17.47,49.13,30.09,-16.04,-6.81,-3.34,31.71,-12.89,-8.81,-31.61,5.87,-5.15,13.91
18.34,30.89,19.72,8.36,3.61,1.64,10.06,5.12,2.71,-4.78,3.3,9.03,18.92
17.6,33.35,22.13,7.34,4.81,2.39,12.11,-1.02,-8.66,-21.08,-6.25,4.81,21.09
16.79,33.4,19.76,3.47,-0.59,-1.51,9.03,-1.04,-3.17,-11.37,-2.88,-2.75,5.07
17.69,39.55,24.12,3.89,9.19,10.05,25.05,3.49,-0.85,-15.57,2.12,2.83,17.88
16.77,50.61,25.22,-19.16,-1.89,-16.83,17.85,-24.86,-16.14,-41.37,-1.4,-6.76,23.37
16.87,25.2,11.13,-0.9,-5.94,-7.31,0.53,-1.59,-1.05,-6.61,-2.49,-0.87,6.64
17.59,32.6,19.19,6.46,7.47,7.38,14.24,0.14,-5.5,-14.43,-3.65,0.36,11.01
17.2,52.82,31.53,-11.42,4.45,3.47,35.56,-9.69,-1.32,-27.04,15.6,6.37,37.21
16.66,33.39,19.43,5.29,7.27,7.15,15.93,0.59,-1.19,-8.66,3.17,5.56,14.18
17.05,37.68,23.66,2.6,6.36,5.2,20.14,0.47,-3.69,-17.57,4.88,6.89,22.27
17.93,41.57,24.64,-2.15,3.8,4.21,24.03,-1.14,0.31,-12.54,14.84,13.32,25.07
17.97,22.15,8.7,1.51,-0.31,-0.02,3.48,-1.83,-5.92,-9.59,-4.19,2.29,11.07
18.35,39.76,25.85,2.83,3.83,0.24,14.56,-4.81,-5.16,-17.89,6.02,7.93,22.64
17.98,33.36,18.29,0.93,1.46,-1.98,7.21,-8.46,-9.18,-18.78,1.08,7.81,26.69
18.19,35.71,21.33,-1.76,-4.16,-9.84,6.92,-7.19,-4.49,-17.8,5.81,11.91,31.25
17.15,32.42,19.14,1.57,-4.16,-6.19,6.59,0.85,-0.9,-11.76,-2.7,-1.01,9.15
17.08,31.44,20.95,7.62,-2.28,-10.49,-3.8,-7.48,-5.84,-13.33,-6.0,-0.94,9.94
17.34,29.45,16.36,5.85,0.86,-1.44,2.18,-3.81,-7.26,-12.78,-7.97,-3.35,6.06
17.87,41.86,24.44,-1.86,8.19,10.87,28.41,-2.31,-5.07,-20.87,6.54,3.37,20.46
17.52,60.2,30.16,-19.42,9.03,1.15,39.81,-23.87,-11.43,-29.71,10.77,-18.96,16.12
16.33,29.27,15.91,2.67,-1.34,-3.16,5.61,-1.82,-5.77,-15.18,-9.67,-5.93,5.93
17.6,41.03,26.36,5.72,8.53,6.23,17.6,-3.61,-7.07,-22.16,-3.63,-5.93,8.28
17.67,24.94,11.6,2.14,-2.51,-4.81,-0.2,-2.47,-2.26,-5.18,-0.72,3.23,10.76
17.07,24.43,11.91,4.03,-0.49,-3.13,-1.04,-6.42,-9.89,-15.25,-13.51,-11.21,-5.93
17.57,29.39,16.5,4.52,6.66,9.41,21.24,9.14,1.2,-13.53,-3.01,5.44,22.27
17.25,49.25,26.29,-11.65,9.64,4.21,38.39,3.89,9.56,-21.39,7.43,-1.53,23.57
17.73,29.36,15.24,5.03,8.3,10.74,18.0,7.71,5.3,-0.66,6.7,5.68,9.2
17.87,27.81,15.41,7.92,6.58,7.38,10.74,5.16,1.51,-1.2,3.3,5.62,9.41
17.86,38.26,23.85,5.27,10.26,11.88,24.42,4.8,0.59,-13.05,2.17,2.39,15.67
18.21,42.37,27.6,-1.17,3.05,0.43,20.48,-9.74,-17.0,-37.66,-9.6,-7.46,16.99
18.29,26.41,14.85,7.48,3.59,-0.15,1.26,-4.73,-7.56,-12.62,-9.61,-6.14,3.47
18.14,50.57,29.3,-8.43,9.16,-7.01,16.66,-29.89,-24.79,-47.81,-8.7,-12.48,17.68
18.11,54.44,23.78,-16.46,15.77,-9.98,32.46,-18.1,-6.58,-26.79,12.24,7.2,30.75
18.29,49.97,28.69,-6.6,14.71,12.41,35.26,-15.97,-14.56,-34.6,6.14,1.08,27.78
16.68,29.25,17.15,7.42,3.37,1.07,6.61,0.99,-1.13,-6.39,-0.39,4.56,13.85
17.57,26.84,15.24,8.46,5.92,4.39,6.83,0.75,-3.65,-7.66,-2.47,3.2,10.45
17.9,28.99,16.74,7.38,5.21,2.44,5.61,-3.6,-4.81,-5.85,6.19,13.1,20.67
17.24,33.57,20.41,7.43,4.8,-2.38,-1.57,-15.35,-14.84,-17.72,-4.38,-2.43,6.45
17.74,29.09,17.62,9.12,7.38,3.68,4.28,-8.82,-14.52,-19.29,-8.15,0.56,12.18
18.27,36.06,24.28,8.73,5.4,0.53,8.49,-3.81,-5.03,-13.37,1.67,6.31,16.73
17.89,39.21,25.58,5.87,10.46,8.64,21.04,-5.43,-10.86,-25.72,-1.96,3.61,25.68
17.94,26.67,14.57,8.17,5.64,6.0,9.58,5.73,2.76,0.81,5.73,10.0,13.17
18.36,34.84,22.57,8.77,8.53,8.08,15.72,2.65,0.06,-6.27,7.78,10.15,15.72
17.44,39.33,25.02,0.83,1.1,0.5,20.92,4.37,3.37,-11.4,6.61,5.14,17.53
17.97,23.81,12.21,7.96,6.97,6.2,7.64,2.52,-0.78,-3.8,-2.12,-0.52,2.16
18.0,30.26,18.5,10.22,10.97,10.16,11.04,-3.22,-8.4,-10.53,3.24,9.08,13.59
17.36,52.65,29.32,-9.71,9.76,-0.01,25.66,-14.85,-6.02,-25.21,8.75,-3.98,17.45
17.61,32.38,22.16,9.99,6.62,4.19,12.52,0.35,-7.35,-19.22,-6.62,3.0,15.48
18.73,40.93,24.54,5.46,13.79,7.98,17.34,-7.33,-5.6,-15.19,4.24,0.99,14.66
18.49,26.69,14.06,3.91,-0.45,-4.71,-1.52,-9.03,-8.11,-8.27,4.1,11.61,22.77
18.14,28.5,17.34,9.61,6.07,0.78,1.89,-3.8,-1.81,-0.98,6.72,9.6,14.86
17.87,34.54,24.45,12.5,7.12,-1.25,1.47,-8.44,-9.16,-13.42,0.53,5.45,14.4
17.3,32.53,18.8,3.59,3.61,-0.54,4.29,-12.32,-12.29,-13.56,7.36,12.75,19.4
16.98,23.77,11.64,4.29,1.36,-1.97,-0.69,-7.85,-9.23,-11.16,-3.48,0.75,8.11
17.79,45.47,31.46,2.81,9.68,8.89,30.61,-1.36,-6.41,-22.71,7.03,7.57,23.78
17.32,27.76,17.26,9.61,8.42,4.71,5.16,-8.69,-12.78,-15.82,-3.18,3.68,11.31
18.72,31.18,21.06,11.44,7.38,-0.05,1.09,-10.36,-10.22,-10.56,3.91,10.39,18.36
18.38,32.86,22.4,10.58,8.21,2.53,8.22,-2.42,-2.86,-8.5,4.38,7.58,16.73
17.83,26.76,16.12,11.04,10.74,7.8,6.34,-5.74,-12.2,-16.86,-8.56,-2.29,5.24
17.58,26.57,15.99,11.73,9.12,5.08,2.02,-6.54,-10.89,-12.41,-6.14,0.38,6.94
17.31,34.43,22.13,7.68,6.6,1.72,7.23,-7.71,-11.15,-19.85,-4.49,0.01,10.4
17.12,43.58,27.71,-4.15,-1.64,-0.3,29.22,4.82,0.23,-23.36,3.0,-2.02,17.91
18.45,34.57,21.12,4.15,2.61,1.43,11.46,-3.53,-6.93,-14.89,2.39,6.18,15.57
18.85,35.28,21.57,5.06,5.72,5.48,18.62,5.3,6.1,-2.25,15.15,14.09,19.3
17.36,32.36,18.14,2.34,6.36,8.27,19.26,2.25,-1.61,-12.54,6.93,12.47,23.27
17.83,52.43,28.6,-10.7,5.17,-1.32,17.88,-33.95,-19.21,-36.86,5.84,-11.06,11.77
17.54,30.42,19.46,10.49,6.5,1.61,2.61,-5.97,-7.35,-10.83,-0.35,5.73,14.26
17.9,34.62,18.44,3.19,3.31,-1.17,2.23,-14.59,-16.15,-20.74,-2.29,3.98,18.34
18.75,42.92,27.69,2.0,6.08,-1.61,12.04,-13.78,-9.55,-22.0,6.66,4.48,22.51
18.27,34.67,22.75,8.58,7.24,5.11,12.26,-0.69,-4.74,-12.75,0.52,2.71,11.59
17.94,34.46,21.37,4.27,2.7,-4.62,1.49,-15.8,-12.89,-17.95,0.72,2.02,14.43
17.31,22.61,9.53,1.26,-5.15,-11.86,-13.37,-18.09,-18.15,-17.2,-9.43,-3.76,2.66
17.3,42.73,25.13,-1.54,5.98,4.68,24.36,0.94,0.92,-15.63,6.9,3.77,17.83
17.31,36.36,23.46,2.32,2.71,3.98,22.6,4.7,-1.43,-18.49,1.78,8.69,24.97
17.69,25.61,13.32,6.53,4.66,1.05,1.09,-5.82,-4.76,-2.03,6.91,10.26,12.7
18.33,35.99,24.38,10.44,9.84,6.91,14.42,-2.06,-7.34,-16.25,3.43,11.98,23.21
17.66,27.45,15.97,8.65,6.49,6.74,12.13,7.79,3.69,-3.45,-2.01,0.54,6.69
16.76,31.81,18.92,6.21,4.57,1.26,4.51,-9.32,-11.29,-15.34,-1.97,1.19,8.12
17.72,31.14,17.92,4.69,1.3,-2.42,3.19,-4.69,-1.24,-0.04,12.76,12.92,17.68
17.94,39.96,22.31,-2.45,0.69,1.35,20.12,3.53,4.4,-7.84,11.66,10.05,20.22
18.11,32.41,22.02,11.2,9.29,7.42,12.8,-1.87,-8.82,-15.54,-1.16,7.53,16.39
18.46,54.53,38.16,-9.28,-1.54,-4.24,38.71,-1.99,-1.02,-14.74,19.7,1.51,19.8
17.48,35.33,25.23,11.23,3.75,-0.9,8.77,4.03,2.2,-8.81,-2.78,-0.48,9.59
17.12,33.5,21.45,8.11,3.09,-2.29,3.21,-6.03,-5.66,-12.1,-4.16,-4.13,5.27
17.5,26.81,14.73,6.9,3.65,2.24,6.25,3.08,1.32,-3.88,-2.94,-2.72,1.05
17.38,33.7,20.79,6.16,2.07,1.61,13.95,5.21,1.24,-12.7,-5.88,-0.25,16.62
17.16,29.96,18.58,8.24,6.06,5.19,10.4,-0.94,-7.8,-17.03,-8.47,-1.91,9.42
17.99,28.13,17.85,12.01,8.45,5.14,6.81,1.59,-1.7,-7.59,-7.27,-4.46,4.91
18.35,30.49,16.33,3.14,3.25,2.95,11.9,1.65,-0.72,-7.73,4.97,11.06,23.17
17.22,31.8,19.88,5.7,2.69,-1.6,4.99,-7.5,-12.23,-21.08,-9.08,-4.63,7.53
17.66,27.95,16.77,8.74,4.17,2.0,6.53,2.18,-2.59,-10.95,-8.2,-2.25,7.27
17.63,38.85,26.26,7.72,9.55,6.02,14.99,-6.98,-12.97,-27.25,-6.11,-1.66,15.08
16.03,28.81,12.29,-4.48,-3.66,-3.62,4.53,-13.55,-16.7,-21.6,-0.18,6.86,16.56
18.19,25.44,14.58,11.28,9.73,8.15,6.36,0.35,-2.77,-2.69,0.38,2.32,2.93
18.96,41.16,28.63,6.32,7.37,5.33,22.54,0.4,-4.66,-17.2,8.73,11.89,26.99
17.78,25.14,13.84,10.03,9.88,11.16,14.02,9.4,3.66,-2.61,-3.14,-2.85,0.02
17.08,26.06,13.17,3.01,-2.56,-6.2,-1.76,-4.88,-5.2,-7.6,-2.22,-0.02,3.44
18.18,28.64,13.62,3.97,2.6,3.28,7.39,1.24,1.81,0.78,9.27,13.01,20.18
16.81,55.33,31.06,-22.47,3.71,8.21,43.45,-23.84,-15.56,-29.88,17.27,-4.14,17.52
17.64,35.33,20.64,6.04,4.85,2.33,8.13,-5.26,-5.55,-9.41,5.69,7.92,16.51
16.87,43.03,23.47,-7.03,2.8,3.27,22.04,-13.75,-12.54,-26.55,5.5,-2.58,13.39
16.43,29.38,12.18,-1.56,0.97,2.7,8.41,-7.21,-11.27,-16.72,-3.27,-2.01,3.68
16.45,32.72,20.64,7.44,3.84,0.95,6.96,-5.1,-8.55,-14.62,-3.05,-2.23,1.2
17.17,23.16,10.86,5.96,7.33,7.28,7.95,-2.47,-5.92,-6.41,4.66,9.98,13.14
17.87,37.13,22.97,0.05,-2.4,-6.14,8.19,-10.45,-10.56,-19.58,6.05,9.51,21.76
17.53,29.44,16.07,3.68,-1.55,-3.83,3.33,-0.3,-0.9,-5.19,3.08,8.44,16.16
17.71,55.92,32.59,-18.33,-1.97,-14.32,25.55,-30.05,-12.32,-28.13,17.3,1.57,27.82
17.5,25.14,12.28,3.22,-4.99,-11.81,-11.75,-12.97,-11.06,-10.64,-6.99,-2.42,5.17
17.98,31.45,19.76,6.79,0.81,-6.7,-2.89,-10.6,-8.78,-12.64,-2.12,1.21,12.31
17.32,28.27,15.59,7.54,5.48,1.49,-1.54,-14.85,-19.6,-20.67,-10.08,-4.33,3.56
16.95,41.32,24.05,-0.77,6.26,1.6,13.29,-16.42,-15.6,-31.69,-7.06,-6.86,9.67
17.78,32.95,19.82,0.86,-4.62,-10.58,1.61,-7.24,-4.86,-14.87,-2.5,0.21,14.94
17.87,32.28,20.54,7.1,3.76,2.7,12.04,1.97,-5.1,-19.28,-11.69,-6.11,9.39
17.86,29.33,18.77,11.83,7.65,2.86,1.67,-5.37,-7.75,-8.71,-1.77,2.35,7.77
17.85,51.24,35.7,-9.45,-5.07,1.34,34.48,-11.66,-8.64,-17.98,23.24,7.11,23.15
17.95,30.11,21.77,14.07,11.32,6.25,9.76,0.47,-3.64,-10.59,0.52,9.55,20.98
17.21,24.59,13.02,7.63,5.88,4.81,6.69,0.17,-5.69,-11.27,-6.95,-0.4,7.9
17.46,29.32,14.63,3.28,3.34,2.86,5.56,-9.31,-15.23,-19.24,-7.07,-2.55,4.49
18.0,36.58,25.48,10.38,6.66,2.07,11.13,0.08,0.26,-6.74,5.78,8.66,16.98
17.62,32.75,16.57,2.67,8.01,11.22,20.62,4.31,0.81,-9.02,6.13,6.2,14.52
16.81,32.38,18.29,-0.32,-2.3,1.38,17.47,5.44,-2.15,-15.2,-1.11,1.34,10.74
17.8,26.62,12.63,2.68,0.2,1.29,7.56,4.01,4.88,5.77,15.13,17.68,18.25
17.1,33.05,16.29,-5.88,-0.32,-0.66,13.41,-10.03,-9.5,-15.74,15.24,22.22,34.8
16.92,34.96,22.35,-2.92,-3.96,-8.91,6.61,-17.7,-22.6,-33.88,1.31,9.64,28.62
17.01,36.92,21.53,-2.31,1.87,2.89,19.14,-5.56,-11.48,-26.27,3.3,6.13,20.9
17.82,58.96,33.65,-21.69,3.29,-1.16,40.29,-25.69,-14.14,-28.13,14.43,-7.74,24.27
17.03,39.54,24.2,0.24,2.88,-1.15,12.23,-11.5,-13.0,-28.05,-0.63,1.47,16.49
17.56,31.72,16.94,3.48,5.23,3.77,6.82,-12.37,-17.01,-21.99,-4.37,1.63,12.87
17.58,25.16,11.87,3.04,-0.26,-5.91,-7.2,-15.87,-14.17,-10.64,0.54,4.52,9.31
17.41,27.19,14.1,3.3,-2.17,-5.9,-2.18,-6.57,-6.68,-9.17,-2.44,0.87,8.17
18.26,26.75,15.83,9.31,5.23,3.13,5.76,1.17,-3.32,-9.33,-6.3,-0.7,7.26
18.65,36.71,22.24,6.8,11.74,12.48,19.52,-2.84,-7.35,-15.06,4.59,5.64,16.08
17.79,24.83,13.61,8.16,4.61,1.82,2.15,-2.89,-5.69,-7.26,-2.13,2.84,7.53
17.78,28.28,20.2,12.04,8.95,7.05,14.57,6.66,-4.08,-19.62,-14.74,-4.34,11.07
17.49,33.75,18.82,3.74,8.64,5.89,11.43,-9.71,-10.22,-14.5,7.43,11.3,23.71
17.47,51.3,29.28,-13.7,0.85,-2.94,26.64,-18.26,-12.02,-32.44,8.6,-6.3,17.5
17.8,49.69,33.58,-3.78,-0.3,-9.1,22.08,-8.42,-5.41,-26.87,5.01,-2.06,17.23
17.07,36.05,21.29,-0.62,1.78,-0.55,12.96,-8.6,-12.9,-25.85,-1.85,3.39,19.1
17.06,50.99,20.39,-23.28,2.14,-15.85,20.49,-23.14,-15.22,-34.41,0.82,-13.17,8.47
17.96,29.02,18.07,8.5,3.21,-1.13,3.88,-0.16,0.36,-5.1,-1.55,-0.88,6.3
16.7,32.19,17.92,0.05,-1.03,1.93,16.84,3.87,-3.49,-17.51,-5.82,-5.42,2.77
17.66,31.01,16.87,5.62,3.06,-0.54,0.5,-9.26,-7.91,-6.29,5.33,6.51,9.58
17.43,35.8,15.33,-12.47,-10.0,-15.31,-0.89,-20.44,-10.46,-16.66,9.32,2.74,14.79
17.87,29.59,17.08,7.36,5.27,4.81,9.99,2.25,-2.09,-9.93,-6.62,-5.57,1.44
17.74,30.95,21.12,11.3,7.87,0.72,1.74,-11.66,-13.96,-17.74,-4.63,0.65,11.5
17.8,28.98,17.96,9.14,4.48,-1.95,-0.85,-8.73,-8.76,-11.36,-3.52,-0.6,7.24
17.95,46.03,31.3,0.64,3.32,0.57,24.56,1.07,0.15,-20.54,2.53,-1.9,14.52
17.4,34.8,21.52,8.71,5.74,1.95,6.1,-5.21,-8.12,-16.48,-10.13,-10.28,1.09
18.44,36.33,26.97,12.22,8.48,3.77,11.76,-4.47,-9.76,-21.24,-6.47,-4.74,5.08
18.38,24.01,12.11,8.73,6.6,5.4,3.36,-1.91,-6.92,-8.99,-9.23,-7.26,-5.09
17.94,42.09,26.24,4.54,10.23,2.41,14.51,-6.78,-3.34,-17.76,2.93,0.62,16.43
17.76,27.37,17.16,13.16,13.03,10.21,8.02,-3.17,-7.87,-10.99,-5.17,-2.87,2.15
17.68,51.66,34.86,-10.22,-1.07,4.88,34.79,-12.82,-11.13,-25.78,18.57,2.48,17.5
17.45,38.3,24.79,9.49,11.06,8.4,12.84,-4.66,-7.18,-14.14,-1.19,-2.21,7.32
17.16,29.81,19.5,10.93,6.61,2.64,4.75,-3.84,-9.63,-15.95,-8.87,-1.62,7.09
17.41,30.36,18.26,8.68,6.66,5.09,9.94,3.32,0.18,-6.86,-2.81,-1.42,5.93
17.17,31.7,19.74,9.28,7.4,6.49,12.44,3.12,-1.51,-11.59,-5.57,-3.2,7.2
16.97,32.33,15.77,7.75,12.3,14.57,13.46,-3.65,-12.04,-17.1,-7.18,-4.63,2.24
17.08,25.5,12.64,3.54,-0.26,-1.58,2.27,-3.07,-5.66,-9.07,-3.32,1.86,9.09
17.2,26.49,13.01,4.72,-1.78,-6.57,-7.15,-10.22,-8.45,-5.55,1.49,5.5,7.98
17.57,30.86,14.9,-3.44,-5.72,-10.74,-3.97,-18.15,-16.48,-20.29,-2.02,2.34,14.44
18.0,34.84,19.68,-0.18,0.29,-1.68,9.96,-7.55,-8.87,-20.09,-1.96,1.55,18.08
18.19,50.35,29.06,-6.09,8.91,-3.52,24.36,-16.87,-7.94,-30.02,-0.45,-7.38,18.54
18.05,24.85,11.53,2.56,-2.87,-7.73,-6.3,-10.13,-8.81,-7.13,3.6,11.55,19.29
17.91,26.31,13.89,5.59,4.0,1.14,2.25,-8.16,-10.68,-13.36,-3.98,0.82,9.87
17.84,32.95,21.21,8.35,7.31,4.78,12.23,-0.64,-4.6,-13.17,-1.17,2.52,13.37
17.71,30.5,20.91,12.33,6.05,-3.58,-6.6,-16.29,-15.86,-17.45,-7.86,-5.06,0.13
18.06,26.76,13.79,7.4,5.18,6.12,8.94,4.84,0.18,-3.86,-2.67,-0.06,3.62
18.32,37.03,21.43,2.14,8.26,9.76,24.01,1.52,-5.61,-20.86,-5.18,-4.95,9.61
17.94,24.76,14.85,11.38,10.1,7.57,6.47,-1.14,-6.33,-10.62,-8.47,-5.35,1.02
17.7,34.42,23.14,7.36,3.35,1.66,13.64,3.17,-4.71,-20.4,-6.75,0.58,16.44
17.43,24.14,12.04,0.61,-6.89,-13.21,-9.02,-14.07,-15.89,-22.89,-17.18,-11.66,-0.55
17.76,42.29,23.95,-5.74,-1.38,-9.27,7.66,-17.28,-10.87,-25.97,1.49,-1.98,14.32
17.82,30.84,19.65,6.34,4.8,5.06,16.7,7.25,1.4,-12.96,-8.49,-9.33,-0.32
17.84,32.89,19.47,7.76,11.16,12.65,20.17,6.19,1.52,-10.06,-4.2,-5.5,3.01
16.98,26.52,15.03,10.12,9.08,7.13,6.41,-1.16,-3.38,-3.86,2.78,6.85,11.83
17.13,54.71,37.23,-11.23,0.73,-2.29,32.33,-14.83,-13.85,-30.04,13.05,-0.56,19.52
17.36,34.54,23.33,7.27,0.64,-7.78,0.0,-8.65,-8.7,-18.13,-7.38,-2.98,12.41
17.71,30.9,20.66,9.96,2.01,-7.39,-5.57,-10.75,-7.07,-9.02,-1.88,-1.09,4.88
17.45,29.6,17.11,8.42,4.2,-4.2,-8.56,-18.9,-15.5,-11.86,-0.89,-0.89,2.7
17.62,26.93,15.56,8.95,7.79,7.61,11.09,3.89,-1.32,-6.19,0.56,7.67,16.26
18.06,30.78,19.87,9.72,4.63,3.01,10.79,7.55,3.36,-6.84,-5.88,-2.95,6.12
17.9,28.74,17.2,8.2,4.55,-0.14,0.32,-10.71,-14.31,-16.9,-6.11,-0.16,5.03
18.05,38.3,23.7,5.83,10.09,10.15,21.56,1.41,-4.95,-21.43,-8.13,-9.59,4.07
17.8,37.81,24.5,4.83,4.45,2.29,12.51,-7.75,-10.36,-16.37,7.06,8.69,16.18
17.4,37.31,24.26,6.29,1.1,-4.01,6.15,-1.74,-2.46,-12.08,-3.48,-3.06,4.03
17.84,28.48,16.98,8.87,5.69,3.78,7.65,1.93,-2.05,-8.82,-6.5,-4.72,1.07
18.3,28.2,17.13,12.37,11.83,11.13,11.44,2.4,-2.79,-7.03,-2.37,1.3,5.41
18.17,22.87,12.53,10.03,6.94,1.76,-2.56,-8.3,-9.23,-8.59,-7.68,-7.82,-6.22
18.84,40.18,28.01,13.37,19.43,16.14,22.68,-4.25,-9.41,-21.71,-0.97,0.02,13.69
17.97,23.8,13.16,9.41,6.18,3.83,3.79,0.2,-2.8,-5.48,-4.6,-1.32,2.35
17.83,26.07,15.16,10.39,8.21,6.08,6.41,0.85,-1.15,-2.26,2.4,6.01,10.9
17.74,30.37,19.56,10.9,6.38,2.49,6.38,1.47,0.0,-5.92,-4.42,-3.26,3.66
17.08,42.84,26.54,-3.27,-0.83,-0.14,20.73,-5.34,-5.3,-24.12,-4.81,-13.76,-0.52
17.81,55.5,41.96,-11.5,-7.8,3.17,48.47,-8.47,-4.12,-8.55,28.63,-1.73,17.98
17.62,49.76,29.41,-4.1,2.71,-6.1,15.72,-15.98,-6.17,-26.81,1.31,-11.99,11.18
17.8,32.52,20.11,6.33,5.28,4.03,13.57,-0.36,-9.31,-27.29,-19.14,-13.38,3.46
18.5,55.95,40.18,-5.76,1.39,0.57,39.58,-7.56,-6.87,-26.2,14.53,-5.64,17.16
18.18,34.8,22.21,7.03,4.07,-1.36,5.17,-8.91,-11.03,-19.03,-7.59,-6.5,3.25
17.91,25.11,13.68,9.39,5.98,1.98,-0.72,-5.53,-6.05,-3.07,2.19,6.13,9.1
17.39,26.29,15.51,9.52,4.65,0.2,0.64,-2.36,-1.78,-2.47,1.25,4.58,9.48
18.44,33.16,25.22,15.71,12.57,1.91,-1.16,-18.65,-19.08,-20.62,-3.39,0.44,7.93
18.52,25.52,13.08,6.33,4.28,1.67,3.53,-0.59,3.5,8.37,15.48,15.41,18.12
17.58,35.82,26.44,14.91,11.79,7.23,12.86,-0.58,-6.01,-15.19,-5.01,-0.27,10.77
17.29,30.66,19.43,10.22,7.22,3.88,7.0,0.38,-0.51,-3.65,4.36,7.79,12.14
18.54,28.13,18.84,13.87,11.98,9.13,9.87,1.18,-4.86,-11.69,-9.24,-5.33,3.47
18.19,23.79,12.67,8.71,6.63,4.68,4.5,-1.05,-5.38,-8.81,-6.83,-3.35,1.67
18.04,26.19,15.7,10.81,7.11,4.35,4.95,1.24,-0.98,-4.04,-3.12,-1.68,2.09
18.72,33.44,23.48,14.16,12.58,10.82,16.33,4.86,-1.71,-11.63,-5.34,-2.93,4.14
17.81,26.52,14.45,6.72,2.1,-0.68,0.87,-3.85,-6.68,-10.82,-9.14,-7.02,-2.66
17.76,32.85,18.94,1.69,1.38,-1.7,9.55,-5.89,-7.5,-17.75,0.24,5.89,22.47
16.8,37.3,20.25,-1.59,0.83,-3.0,7.38,-14.73,-10.7,-15.17,8.96,4.98,11.64
17.34,47.45,25.25,-7.12,6.4,-4.82,20.59,-12.01,-5.71,-28.75,6.71,0.73,28.62
18.08,33.97,21.48,6.9,5.72,0.25,5.57,-11.72,-14.62,-21.85,-1.86,5.53,19.4
17.6,24.49,12.91,8.83,9.97,8.32,6.67,-3.34,-5.82,-4.09,5.2,10.02,12.34
17.88,25.81,13.91,7.94,4.55,1.89,1.48,-5.2,-9.13,-10.77,-4.52,2.9,10.59
18.22,32.33,21.65,8.31,2.97,-0.34,10.53,3.4,-1.72,-16.32,-10.82,-4.86,12.21
18.22,40.7,26.75,2.13,0.24,-7.99,7.53,-8.21,-4.0,-17.03,1.79,-1.19,12.06
18.03,36.1,21.86,4.11,4.15,-0.54,7.01,-9.26,-9.38,-17.23,1.0,3.62,16.2
18.35,49.35,30.15,-6.55,6.27,-3.28,29.35,-9.83,-9.13,-30.16,6.78,6.52,32.69
18.17,22.73,9.98,4.64,3.82,2.14,2.65,-3.02,-2.96,-1.23,4.85,6.08,5.71
18.54,31.78,20.07,7.4,5.4,4.73,13.97,5.22,2.12,-4.42,6.89,10.26,16.24
16.87,53.98,25.4,-14.79,17.54,-0.38,32.18,-14.62,-2.9,-29.72,2.71,-0.35,18.55
17.2,37.9,22.08,-7.79,-6.86,-10.26,11.39,-13.14,-17.96,-38.9,-10.57,-4.09,17.62
17.44,57.73,39.99,-17.25,0.3,3.57,32.1,-28.24,-13.67,-17.4,30.01,3.42,28.52
17.73,23.79,11.74,4.7,0.45,-3.21,-3.56,-11.39,-16.2,-18.77,-10.77,-1.82,5.54
18.83,31.77,20.42,10.68,10.1,8.97,13.59,1.06,-4.44,-10.96,-0.15,6.28,17.17
18.42,49.83,22.58,-10.55,8.44,0.43,24.62,-13.04,0.49,-15.95,17.53,0.02,20.85
18.49,25.14,14.17,9.79,7.95,6.87,8.43,4.36,1.98,-0.25,2.33,3.88,4.9
17.99,28.34,16.32,9.62,10.97,11.47,14.24,3.58,0.65,-1.34,9.58,13.86,16.15
17.63,29.2,17.94,7.79,2.01,-3.25,-0.08,-4.59,-3.31,-5.83,2.52,5.95,13.88
18.23,31.84,21.71,9.96,7.68,5.3,12.41,2.72,-2.03,-8.49,5.53,14.8,24.89
18.39,54.52,32.19,-4.83,18.74,1.31,34.4,-14.92,-6.33,-24.08,16.53,8.03,28.34
17.22,37.58,21.21,-2.3,1.4,-2.22,7.85,-21.74,-22.19,-29.37,-0.6,-0.99,10.35
16.91,30.71,20.16,10.35,6.84,2.14,6.62,-1.99,-3.74,-10.83,-6.93,-6.03,4.61
17.33,28.41,18.35,10.2,3.68,-3.08,-0.71,-4.34,-3.84,-8.45,-5.51,-3.71,3.01
17.89,34.53,22.36,6.63,7.5,-1.49,2.23,-22.03,-24.72,-32.99,-9.1,-0.38,17.37
18.42,44.29,28.22,0.63,6.24,-1.25,17.87,-10.51,-8.01,-27.85,-1.56,-2.16,22.74
17.74,33.27,22.5,10.6,8.71,4.51,8.19,-7.58,-12.37,-19.81,-3.79,4.73,19.01
18.26,46.09,31.72,3.8,14.47,0.83,16.48,-20.26,-13.17,-25.67,9.82,5.24,25.95
18.52,32.8,23.17,13.2,7.23,0.73,5.42,-0.04,-0.29,-7.41,-1.64,1.32,11.79
17.57,29.06,19.3,9.77,7.92,1.13,2.97,-7.98,-5.63,-5.41,10.32,15.86,23.94
17.17,33.74,22.06,9.28,7.86,2.97,6.19,-8.03,-10.18,-13.67,1.07,6.0,15.5
17.53,54.1,31.25,-8.77,12.47,-4.22,20.97,-25.72,-13.51,-30.34,18.37,0.41,23.52
17.73,30.37,18.47,6.53,0.8,-3.88,2.26,-2.99,-2.88,-6.45,3.26,7.83,15.4
17.86,31.67,18.22,8.25,9.39,9.38,12.68,-1.8,-7.75,-13.66,-3.37,0.5,7.44
18.12,31.61,20.72,10.55,8.5,5.89,9.49,-4.63,-12.31,-21.46,-8.91,-0.39,10.11
18.33,27.59,15.41,7.84,4.75,4.39,8.49,4.57,2.07,-1.17,2.77,6.82,12.48
18.27,29.26,18.38,9.66,7.04,4.45,7.42,-2.27,-8.16,-14.87,-5.27,3.14,13.62
18.38,29.62,21.23,12.43,8.28,3.06,8.26,0.5,-4.2,-13.82,-4.97,4.11,16.8
17.89,28.07,16.16,8.24,7.03,4.76,6.85,-3.24,-6.84,-9.72,0.85,7.64,15.1
16.91,23.76,10.49,2.75,0.36,1.39,7.29,4.34,1.05,-3.77,-1.43,0.61,3.32
18.13,60.04,37.32,-15.82,0.63,4.93,52.07,-19.91,-13.35,-28.32,22.05,-9.46,12.0
17.05,37.68,21.97,-3.19,-0.04,0.87,19.29,-5.65,-10.69,-28.1,0.69,6.29,23.36
17.67,50.59,25.16,-11.65,9.6,1.59,34.55,-7.81,0.36,-21.87,9.66,-5.5,13.0
18.4,49.3,30.14,-6.15,9.39,7.18,37.04,-0.23,-1.09,-21.89,5.6,-2.45,23.18
18.12,28.72,18.12,12.15,10.67,6.92,4.91,-6.44,-10.14,-11.78,-3.24,0.46,5.17
18.09,26.88,16.16,10.46,5.28,1.24,1.26,-0.85,-0.9,-1.61,-0.12,1.62,4.74
17.1,26.37,15.73,10.81,9.73,6.37,5.35,-5.37,-11.32,-15.65,-9.89,-4.24,3.76
18.02,25.96,14.43,9.43,5.78,1.03,-1.76,-6.8,-4.75,0.32,8.37,11.32,11.71
18.23,39.21,24.91,4.31,8.14,7.7,23.82,3.79,1.13,-15.69,-0.08,-3.51,14.35
16.86,24.36,11.08,4.57,1.15,0.99,2.43,-1.82,-6.7,-10.55,-9.39,-5.74,-1.78
16.85,26.6,15.35,6.7,0.84,-5.11,-6.06,-17.28,-23.35,-28.62,-21.22,-12.56,-2.74
17.79,36.17,24.59,10.68,9.9,4.88,8.0,-8.51,-10.0,-16.73,-2.52,-1.28,5.46
17.66,29.55,19.63,14.09,13.18,11.72,12.88,1.63,-6.01,-11.72,-5.99,-0.56,7.15
17.4,25.4,15.08,9.7,4.89,1.76,4.3,3.52,2.55,-1.43,-1.85,0.6,6.88
18.5,28.51,18.18,12.99,12.31,11.88,14.09,5.97,-0.61,-7.13,-3.57,0.68,8.33
18.09,35.65,23.63,11.67,10.85,6.68,8.64,-7.15,-9.46,-14.65,-3.7,-4.38,3.35
18.11,39.06,30.38,13.23,9.85,4.03,14.71,-6.27,-9.3,-18.0,7.34,15.39,28.61
17.21,35.93,27.74,11.8,11.41,5.63,14.04,-1.19,-9.41,-22.18,-6.26,0.74,12.45
18.12,32.07,22.24,13.76,12.72,10.84,13.92,0.1,-7.62,-15.17,-2.96,5.83,14.56
17.58,43.53,25.54,2.46,9.13,4.41,14.75,-13.53,-9.59,-17.44,13.08,7.8,19.91
18.1,25.57,13.02,7.02,8.7,9.04,10.29,-0.62,-5.08,-8.43,-1.07,2.05,5.83
17.61,48.14,23.5,-7.38,17.56,8.86,28.82,-11.28,-2.75,-18.54,14.72,7.93,24.68
16.75,25.28,15.27,12.27,11.36,9.58,7.84,-2.13,-9.91,-14.36,-9.31,-1.48,7.88
17.71,28.22,17.66,10.26,7.6,5.19,7.01,-1.99,-7.37,-12.26,-5.77,-1.85,3.93
18.51,28.37,18.4,11.27,5.85,4.31,11.78,12.33,10.92,2.79,0.41,0.99,9.15
17.87,35.56,23.3,8.35,7.02,6.13,15.03,2.77,-0.71,-10.32,1.01,1.87,9.26
17.97,33.84,21.96,7.17,4.23,0.83,7.83,-3.17,-2.94,-9.32,5.72,9.48,20.53
18.42,20.6,5.56,-1.48,-4.48,-5.22,-2.89,-3.5,-0.04,6.04,15.27,22.11,27.84
17.69,35.97,23.09,8.36,8.43,4.39,10.15,-3.16,-4.58,-13.67,-6.06,-10.72,-1.36
17.2,22.89,10.91,7.71,6.76,5.0,2.99,-3.63,-6.71,-6.93,-2.28,3.15,9.57
17.1,28.86,18.59,9.41,4.03,4.11,13.45,10.69,3.74,-10.36,-11.79,-8.25,2.81
17.75,38.0,22.66,7.09,6.51,2.61,7.96,-4.4,-0.91,-4.65,7.21,2.67,9.95
17.74,26.94,15.97,9.29,5.67,1.64,2.26,-4.36,-5.63,-6.83,0.11,5.7,12.42
17.71,30.87,17.58,7.0,7.26,3.33,4.11,-8.98,-12.05,-15.74,-4.73,-1.28,8.98
17.85,31.44,20.67,9.82,4.8,2.79,10.78,5.75,2.51,-6.09,-0.73,3.83,15.07
18.15,25.47,13.9,8.38,5.68,5.97,9.61,6.77,1.73,-3.35,-1.72,3.42,7.85
17.71,21.8,10.19,6.8,5.81,5.34,6.42,2.26,-0.16,-1.52,1.26,4.18,5.31
17.94,29.87,17.59,8.41,10.32,14.2,22.04,11.15,4.16,-3.76,6.57,12.43,20.96
17.81,25.84,13.4,8.98,13.34,12.57,10.77,-3.13,-6.01,-6.08,3.96,6.78,10.04
17.25,26.68,14.24,5.51,3.95,2.09,5.66,-3.46,-8.55,-15.01,-5.73,3.03,15.99
17.37,28.62,15.01,3.81,4.24,5.73,12.78,1.26,-5.42,-13.79,-3.82,1.58,10.79
17.41,27.12,13.35,4.78,2.93,4.0,8.25,3.68,1.45,0.97,7.13,9.43,9.42
17.89,46.78,22.85,-9.33,11.15,5.34,32.0,1.5,8.39,-16.04,3.77,-7.39,12.86
17.97,38.33,25.26,6.02,4.94,-0.58,7.48,-11.92,-9.69,-14.65,4.68,2.15,10.59
17.74,16.14,0.75,-6.21,-8.96,-9.6,-5.11,-2.25,5.11,11.86,19.19,23.32,27.4
17.65,28.44,18.05,12.42,10.94,9.13,10.28,2.69,-1.83,-7.88,-5.72,-2.93,5.39
17.87,31.1,20.74,12.69,10.26,6.29,7.3,-2.28,-4.86,-7.36,4.0,9.14,14.26
18.44,31.63,21.41,12.62,9.88,5.71,8.56,-0.39,-2.17,-4.58,6.2,12.46,20.78
17.75,26.84,15.73,7.74,1.25,-2.07,2.35,0.45,-2.45,-10.05,-9.59,-5.28,3.8
17.85,27.0,15.29,9.01,6.08,3.71,3.94,-4.06,-10.28,-15.14,-9.94,-1.91,8.21
17.19,32.47,18.34,0.5,-0.25,-1.5,8.21,-10.96,-18.28,-29.05,-9.53,-1.31,14.76
17.77,27.85,17.18,8.46,5.08,0.59,3.26,-4.88,-6.79,-12.0,-3.39,2.62,13.64
17.23,52.17,27.38,-9.45,10.07,0.66,26.72,-16.02,-3.38,-27.73,2.69,-7.88,10.47
17.9,30.3,17.95,9.94,10.82,12.02,15.25,3.16,-2.29,-7.69,-0.81,0.61,4.98
18.25,25.63,15.51,12.45,10.67,7.11,5.18,0.2,0.56,0.68,1.53,0.27,1.67
18.34,28.33,17.54,11.22,9.18,8.51,12.59,7.39,4.27,-0.14,5.62,10.45,16.64
17.88,34.62,20.53,5.78,10.43,10.97,20.34,-0.11,-9.11,-19.84,-4.98,-2.29,9.72
17.99,28.22,17.74,13.55,14.76,12.51,10.37,-2.57,-3.46,-2.56,8.6,11.02,13.0
17.52,25.44,14.29,9.81,8.78,6.44,5.08,-3.12,-6.72,-8.87,-5.6,-2.94,2.01
17.77,30.84,17.98,7.36,3.28,0.8,5.76,0.85,0.28,-4.24,1.54,4.2,11.31
17.28,36.89,24.43,6.14,4.58,-2.66,5.27,-10.93,-8.99,-17.49,2.77,5.38,17.79
16.95,24.58,11.31,4.31,2.17,-0.48,-0.14,-5.68,-5.15,-4.37,1.19,2.81,6.93
17.97,39.36,25.99,7.5,8.6,6.13,17.28,-0.26,-0.73,-12.35,4.83,4.69,18.05
18.0,36.48,23.26,5.84,9.22,8.04,16.9,-4.6,-7.99,-17.81,5.32,11.94,27.48
17.59,22.03,10.19,5.75,3.26,2.32,4.65,2.01,-0.74,-3.39,-0.76,4.37,9.67
18.19,36.14,24.39,8.23,8.1,6.8,17.79,1.57,-0.67,-9.96,8.49,11.93,23.39
18.12,23.19,11.19,5.52,1.96,-0.77,-0.87,-6.91,-11.05,-14.03,-10.2,-4.29,2.18
18.15,34.45,23.61,10.53,10.0,10.26,19.85,6.18,-0.32,-8.32,3.31,7.81,17.16
16.86,54.3,35.35,-14.89,-1.69,7.23,34.13,-22.66,-13.76,-29.23,10.59,-8.0,14.1
17.44,50.18,27.52,-5.78,13.59,1.21,21.28,-23.57,-15.16,-34.62,5.45,-7.29,12.18
16.99,37.03,22.58,3.75,4.57,0.14,10.29,-9.35,-10.89,-19.69,-0.98,0.75,12.8
16.7,33.12,25.23,5.89,-2.07,-8.52,9.35,1.21,-3.9,-26.33,-13.11,-3.87,15.56
16.85,31.57,21.07,9.6,3.26,-0.88,4.47,-2.32,-6.05,-14.55,-5.61,0.61,12.3
18.06,30.19,18.54,10.79,9.57,10.35,15.05,7.64,2.37,-3.83,-1.22,0.04,3.94
17.85,35.05,23.82,6.77,2.95,0.99,12.61,-2.25,-10.01,-23.34,-7.59,-2.3,8.04
18.17,38.61,29.44,7.18,9.04,11.05,32.46,10.67,1.11,-20.42,-3.09,-4.51,7.6
17.76,27.2,14.6,6.43,6.02,5.85,9.52,0.4,-3.79,-8.07,1.32,6.94,13.09
16.88,26.16,16.79,14.88,14.31,8.0,0.81,-10.34,-8.87,-2.82,7.77,9.8,9.91
17.51,37.61,23.96,4.37,6.13,1.68,11.22,-11.52,-14.18,-24.31,1.11,6.61,22.59
17.52,32.51,18.51,0.66,-4.72,-19.19,-14.85,-27.01,-15.76,-17.16,-1.12,-4.27,8.38
16.98,31.84,20.52,9.28,5.08,-1.04,3.26,-4.8,-2.88,-4.84,7.25,12.38,19.85
16.45,25.82,16.16,11.91,9.34,5.12,4.91,-2.1,-5.5,-10.89,-8.33,-5.72,0.76
17.45,25.44,13.87,7.43,2.72,-2.66,-3.83,-9.36,-9.8,-10.43,-6.86,-4.61,-0.23
17.58,30.03,19.44,10.08,5.38,-1.53,1.01,-6.92,-5.79,-8.68,1.85,8.34,20.43
17.3,30.88,17.88,8.91,12.79,9.47,9.0,-9.77,-14.17,-17.22,-3.02,1.14,9.99
