19.08,4.81,4.35,11.69,-6.63,-0.63,-11.94,-0.77,-4.97,7.03,3.95,13.13,10.5
18.24,37.3,16.51,-14.39,-9.47,-6.51,20.89,2.24,5.95,-12.99,10.3,3.22,16.58
18.89,39.74,20.24,-10.86,-4.47,-6.01,19.78,-1.56,2.05,-20.54,4.76,1.53,23.75
19.05,27.37,8.51,-7.42,-4.76,-3.41,8.2,-3.16,-0.57,-7.07,7.26,6.59,16.83
18.84,35.95,19.49,-7.86,-8.31,-11.31,9.96,-6.88,-2.55,-17.87,5.21,5.29,25.33
19.29,31.72,14.42,-6.56,-8.55,-11.75,2.81,-8.6,-4.19,-13.92,3.43,3.68,17.51
19.3,49.68,29.17,-24.89,-21.79,-26.72,20.3,-16.05,-2.27,-27.93,20.7,4.64,33.84
18.51,26.84,9.39,-7.11,-11.02,-12.18,0.95,0.2,7.21,2.83,11.8,9.3,14.84
18.51,24.72,6.41,-11.63,-13.56,-12.31,5.39,4.51,7.56,-4.56,-0.57,-2.83,7.12
19.08,26.23,7.76,-19.15,-28.65,-34.36,-12.69,-13.44,-6.59,-20.17,-7.55,-5.99,11.34
18.71,60.97,31.18,-35.73,-12.08,-12.18,44.76,-17.32,2.48,-33.38,18.67,-13.75,28.17
19.09,43.29,15.23,-30.58,-25.7,-31.3,7.01,-17.55,5.65,-16.75,19.32,1.09,29.91
19.1,26.58,6.76,-19.03,-23.71,-26.06,-3.43,-6.12,1.43,-11.09,2.6,2.8,20.05
18.77,36.89,15.18,-17.11,-15.91,-22.11,7.16,-3.77,8.7,-13.97,1.31,-8.07,14.66
19.59,25.78,7.81,-12.96,-20.17,-25.57,-12.91,-15.99,-8.38,-13.35,-3.22,-5.16,3.87
19.15,56.36,12.48,-38.12,-5.63,-24.13,23.47,-28.08,11.72,-22.27,26.34,-8.02,28.67
19.08,54.84,13.95,-46.71,-11.09,-29.68,31.08,-25.12,4.72,-14.62,35.78,13.62,45.73
18.89,23.15,6.31,-8.22,-13.24,-15.19,-4.97,-4.22,4.28,5.5,14.41,12.57,15.68
19.09,37.13,14.63,-16.01,-10.38,-15.42,4.55,-13.47,-0.01,-9.92,14.76,6.94,21.63
19.08,38.24,19.5,-13.83,-15.0,-16.25,10.89,-3.55,5.38,-9.94,11.26,-0.05,14.38
19.23,33.87,15.89,-12.38,-16.06,-17.38,7.52,-1.57,3.66,-11.25,7.97,7.15,24.26
19.49,30.16,15.46,-16.82,-26.5,-32.39,-4.14,-11.42,-5.26,-19.66,6.44,12.83,36.2
19.25,28.51,8.88,-15.41,-17.06,-16.21,5.27,-1.31,3.03,-8.51,6.17,5.4,19.92
18.31,29.52,9.19,-10.36,-10.27,-7.44,10.33,5.21,7.97,-4.62,2.9,-0.36,12.98
18.27,23.66,6.34,-8.36,-9.11,-7.51,4.9,0.99,2.51,-3.68,5.39,8.57,18.21
19.61,27.45,7.28,-17.92,-24.52,-27.87,-8.23,-12.76,-7.38,-20.39,-7.43,-6.07,13.18
19.66,25.33,6.56,-15.25,-18.5,-20.96,-2.57,-5.54,1.93,-6.97,7.68,12.21,31.76
19.35,34.38,15.15,-12.98,-16.35,-19.16,3.13,-7.04,-0.07,-14.49,0.57,-6.99,6.62
19.56,35.04,12.19,-31.84,-33.93,-33.92,2.84,-21.26,-20.13,-44.95,-8.84,-14.65,10.16
19.58,26.42,6.88,-13.17,-18.08,-18.42,-2.3,-4.16,0.12,-8.25,1.86,3.5,16.97
19.45,33.02,12.97,-16.81,-17.7,-23.66,-0.51,-12.82,-4.68,-23.26,-7.29,-12.1,10.0
19.18,25.24,7.91,-9.13,-15.77,-17.22,-2.41,0.26,5.82,-1.16,3.94,3.53,13.23
19.33,35.81,17.1,-14.85,-17.86,-19.54,8.09,-2.26,7.4,-8.04,12.38,5.12,21.55
18.78,37.69,16.34,-19.85,-18.51,-19.46,16.18,3.3,16.71,-7.98,12.61,-0.93,23.82
18.6,36.44,15.51,-17.41,-14.19,-17.6,14.0,3.76,15.65,-8.57,7.13,-2.62,22.11
18.29,52.79,25.15,-29.86,-15.76,-22.36,32.93,-6.2,10.83,-33.91,4.64,-14.29,34.24
18.19,31.54,13.01,-12.23,-8.86,-7.9,18.28,8.65,12.12,-12.77,-5.62,-13.25,10.05
18.94,37.92,15.82,-18.2,-12.28,-15.42,19.13,5.91,18.59,-8.07,6.77,-6.48,19.9
18.95,54.16,14.3,-27.92,6.13,-41.97,28.44,-16.2,18.77,-7.72,2.12,-3.54,15.29
17.83,28.38,11.65,-6.72,-10.49,-12.03,3.86,0.47,4.25,-8.25,-2.15,-3.3,11.85
18.49,42.87,21.27,-19.77,-14.73,-20.45,17.14,-0.74,13.7,-16.84,7.22,-4.61,27.24
18.87,42.09,12.16,-25.86,-13.2,-19.94,14.73,-7.13,13.97,-13.01,15.63,-0.38,30.91
19.02,24.76,4.94,-16.08,-17.37,-19.17,-3.82,-10.61,-5.1,-13.37,-0.35,1.36,18.9
19.2,31.1,10.57,-15.59,-18.28,-21.47,-2.87,-13.84,-7.87,-19.09,-1.54,-1.51,17.84
19.6,31.4,12.13,-14.25,-17.0,-21.98,-3.36,-12.9,-4.05,-14.18,4.76,5.86,23.87
19.23,26.19,9.48,-7.85,-14.93,-18.12,-5.93,-7.14,-3.28,-10.34,-3.1,-0.67,11.81
19.45,45.42,16.94,-24.39,-8.68,-24.28,13.84,-14.3,1.53,-25.9,4.38,-5.61,23.82
19.9,29.86,12.64,-11.73,-15.12,-19.72,0.74,-9.06,-5.93,-23.66,-5.01,2.16,28.8
19.63,35.57,17.73,-14.18,-15.64,-19.95,7.49,-7.1,-0.66,-23.09,-0.52,0.98,30.0
19.11,39.92,22.54,-15.96,-14.0,-16.94,20.8,3.29,10.64,-19.35,5.07,-2.73,26.47
19.31,32.13,14.19,-9.56,-9.6,-13.82,5.21,-4.27,3.18,-8.26,10.75,12.37,32.14
18.49,61.55,31.63,-32.14,-9.02,-22.84,41.75,-16.66,7.88,-24.92,11.4,-15.48,26.48
18.48,38.4,19.14,-11.55,-9.9,-13.38,15.64,4.14,12.93,-7.66,10.08,4.21,25.14
19.1,36.63,20.04,-7.88,-12.75,-20.55,2.88,-4.57,7.58,-8.88,6.85,2.24,22.93
19.71,27.62,10.89,-10.34,-13.61,-17.29,-2.24,-11.08,-5.44,-11.91,8.14,13.26,30.44
18.45,36.81,17.58,-17.69,-20.84,-26.23,6.37,-3.32,7.47,-16.03,6.23,1.37,28.77
18.48,30.29,12.11,-12.08,-13.65,-15.79,4.83,-3.01,2.3,-11.52,4.5,6.68,26.63
19.05,28.1,10.29,-10.55,-16.25,-19.77,-3.38,-6.44,0.69,-8.3,3.75,5.04,21.2
19.39,50.3,13.98,-24.2,5.65,-45.38,12.19,-28.23,8.72,-17.08,-4.81,-10.4,13.89
19.43,53.84,18.28,-32.11,-16.38,-31.26,24.09,-11.41,22.77,-19.9,19.76,-11.03,37.85
18.48,23.2,4.79,-17.4,-24.95,-27.57,-6.11,-0.75,10.03,-0.16,6.8,6.14,22.88
19.02,32.56,11.34,-25.94,-27.23,-29.5,7.64,-2.57,6.8,-22.94,-2.1,-6.82,25.12
19.55,39.14,11.53,-32.81,-21.98,-31.64,10.43,-6.9,13.74,-18.99,5.23,-9.61,23.92
19.54,24.54,6.75,-13.03,-20.64,-24.09,-9.4,-9.0,-2.62,-9.9,-2.99,-3.51,9.02
20.39,39.67,17.02,-26.4,-26.5,-37.45,-2.19,-19.4,-0.83,-25.96,-1.09,-12.75,18.25
20.16,32.93,14.27,-17.83,-21.28,-25.8,6.58,1.94,14.94,-8.86,4.76,-3.95,21.3
19.92,49.4,28.46,-25.84,-22.13,-30.65,21.04,-6.6,11.62,-27.89,7.5,-7.22,34.96
19.08,37.83,19.15,-17.66,-16.58,-17.79,20.82,5.92,13.61,-18.98,2.14,-3.41,28.56
19.23,22.65,4.92,-11.97,-10.57,-7.7,11.35,6.92,7.03,-8.75,-2.11,0.79,19.5
19.69,50.82,21.27,-31.16,-10.24,-25.67,29.95,-4.47,15.6,-28.43,4.25,-13.16,29.98
19.02,39.91,19.34,-19.87,-17.33,-21.86,15.66,0.3,13.08,-18.79,1.46,-6.06,25.25
18.87,23.79,4.53,-11.82,-12.72,-11.63,0.78,-6.36,-5.94,-14.27,-1.05,6.09,22.87
19.14,31.36,11.99,-13.95,-12.13,-13.19,9.77,-2.38,1.08,-15.96,3.33,6.28,27.31
19.12,41.73,14.65,-25.85,-8.94,-17.56,22.14,-3.89,9.01,-24.51,3.21,-5.11,27.12
18.54,29.98,5.86,-25.02,-16.54,-13.69,15.82,0.85,8.08,-12.87,6.58,2.15,24.29
18.99,30.55,9.37,-17.3,-19.88,-22.08,-2.38,-11.74,-2.79,-11.72,6.99,2.66,15.54
18.81,22.89,1.1,-24.89,-27.59,-29.6,-8.43,-14.58,-9.95,-24.81,-10.21,-6.9,14.69
19.12,55.26,22.97,-33.4,-13.62,-34.39,20.23,-19.05,3.97,-30.56,9.72,-13.38,21.95
18.58,29.01,9.38,-18.36,-22.6,-25.2,-1.19,-4.9,4.58,-10.75,-2.48,-12.57,1.21
19.32,47.88,23.64,-30.61,-27.22,-35.74,13.71,-11.15,9.47,-22.47,14.89,-10.31,18.71
20.54,51.51,18.49,-40.44,-23.05,-45.55,10.43,-24.26,5.16,-31.52,7.77,-12.45,24.79
20.15,34.18,15.23,-18.77,-21.55,-24.35,4.77,-8.05,-1.03,-19.16,5.51,3.03,26.27
19.68,35.46,16.98,-11.68,-12.76,-18.9,5.71,-2.34,8.6,-8.65,7.24,1.81,24.02
17.94,33.57,13.73,-14.31,-16.14,-20.32,3.84,-2.23,13.07,2.76,23.79,18.03,32.87
18.51,45.55,20.38,-26.28,-17.93,-24.84,11.79,-12.78,11.65,-5.99,25.97,3.85,23.43
18.79,22.9,4.53,-10.28,-13.15,-11.16,2.39,1.09,2.76,-3.29,6.89,13.1,24.59
19.45,54.91,22.67,-36.37,-15.24,-28.99,28.59,-12.24,15.0,-14.66,27.69,1.4,33.88
19.35,32.82,16.14,-11.62,-20.17,-26.04,-0.02,-1.35,9.22,-8.24,3.07,-1.32,16.01
19.61,29.05,10.79,-13.01,-18.27,-24.42,-6.91,-10.3,0.2,-7.82,6.74,6.72,21.84
18.81,27.56,9.68,-10.78,-17.92,-20.08,-2.93,-1.93,3.8,-5.6,0.93,0.12,12.91
18.85,24.21,7.0,-7.82,-12.21,-16.12,-8.2,-9.95,-3.5,-5.69,-0.82,-3.85,1.67
19.36,25.27,8.49,-9.53,-18.52,-23.27,-8.91,-3.51,6.83,1.97,4.37,-1.62,5.96
20.29,52.86,24.19,-34.38,-19.71,-35.43,18.63,-18.22,11.84,-15.49,28.78,0.42,37.7
19.17,20.4,0.7,-16.48,-20.8,-23.64,-13.68,-18.55,-16.4,-23.73,-14.5,-10.95,1.77
20.0,22.98,2.15,-21.05,-25.69,-28.52,-9.3,-7.34,6.95,1.45,8.95,0.9,8.89
19.89,26.55,4.02,-21.31,-25.16,-27.49,-8.91,-12.9,-2.98,-11.44,2.04,-1.04,12.87
20.06,28.33,9.73,-18.81,-25.73,-32.82,-7.44,-7.12,8.62,-6.31,1.44,-11.66,2.69
20.15,28.94,10.48,-15.76,-23.68,-31.85,-10.39,-9.36,8.01,-2.16,7.61,-3.67,8.28
20.04,28.05,9.75,-17.66,-24.22,-29.21,-3.45,-0.91,16.28,4.47,12.44,-0.82,10.77
20.54,49.66,29.28,-27.65,-27.5,-35.89,18.54,-7.74,12.62,-21.08,14.62,-10.49,21.76
19.45,32.44,15.87,-11.99,-19.47,-27.63,-0.49,1.87,16.17,-2.22,5.81,-3.13,15.24
19.15,41.57,20.88,-13.06,-14.18,-23.66,6.45,-4.81,13.44,-9.42,7.45,-9.14,12.5
18.87,27.84,10.44,-6.64,-8.4,-9.94,5.51,5.62,14.07,6.94,11.97,6.95,14.68
19.62,56.37,33.07,-30.05,-21.29,-37.31,26.99,-6.17,22.99,-10.65,27.44,-3.67,33.19
18.75,39.53,21.8,-15.99,-18.52,-23.16,12.33,4.36,21.71,-4.38,13.58,-1.38,19.57
19.44,30.72,11.08,-17.61,-22.13,-25.5,3.41,4.27,20.48,5.31,16.76,6.49,22.0
19.01,24.93,6.49,-13.97,-17.55,-19.24,0.87,4.29,17.23,10.21,14.32,2.92,8.48
18.78,31.46,12.53,-15.21,-15.99,-14.02,17.16,13.07,21.64,-0.11,9.79,-0.9,14.25
19.12,32.95,16.51,-12.59,-20.62,-26.48,0.61,-2.24,7.96,-9.31,5.92,4.19,23.19
19.26,34.24,15.82,-14.81,-19.35,-22.5,6.13,0.13,9.72,-10.03,3.89,-4.97,11.82
19.7,33.3,15.56,-10.51,-15.16,-22.83,-4.1,-11.2,1.04,-7.93,7.17,-0.49,10.02
19.57,23.35,5.68,-8.39,-13.42,-15.9,-7.08,-5.9,2.82,2.34,6.32,0.93,5.2
19.55,31.79,10.83,-23.73,-28.37,-32.63,-2.13,-8.93,3.77,-12.9,5.38,-5.18,9.18
19.98,35.26,15.2,-17.75,-20.66,-27.8,-2.13,-14.42,4.36,-5.33,21.19,7.64,17.91
19.37,28.03,8.31,-16.17,-18.63,-18.8,2.34,-2.26,5.21,-4.1,10.96,9.66,22.17
19.5,37.5,12.94,-19.92,-17.76,-19.58,8.89,-3.2,11.14,-7.86,12.85,1.58,23.49
19.11,48.55,20.51,-22.41,-5.74,-24.39,17.04,-5.85,19.46,-11.39,13.04,-5.95,27.17
19.1,46.39,17.48,-29.5,-16.01,-29.78,13.11,-11.24,13.31,-11.41,18.39,-2.16,22.9
18.78,43.13,21.7,-20.14,-17.83,-22.32,13.22,-3.87,13.45,-8.26,18.8,2.68,20.88
18.98,31.05,14.34,-9.01,-13.36,-14.38,8.54,8.56,17.92,5.43,13.54,6.6,18.14
19.18,32.88,15.96,-8.45,-11.07,-14.51,3.38,-5.16,6.02,0.34,19.41,15.23,24.73
19.49,33.26,17.33,-8.5,-14.66,-18.68,4.89,1.25,9.7,-4.07,8.47,3.75,17.25
19.28,32.66,14.48,-7.44,-7.84,-9.95,5.31,-4.51,0.77,-8.08,5.27,1.97,12.09
18.44,37.81,16.78,-20.12,-18.09,-19.28,16.66,3.82,12.21,-9.25,16.38,9.14,31.04
18.94,36.23,17.3,-14.71,-18.32,-23.71,4.35,-3.45,9.22,-9.17,6.49,-0.74,19.24
19.77,37.56,19.48,-18.82,-24.18,-29.1,6.92,-2.59,6.36,-19.16,2.65,-2.6,22.02
19.49,43.34,16.5,-33.58,-27.28,-40.85,1.49,-20.39,5.47,-20.7,10.07,-15.28,8.16
19.4,24.71,4.47,-15.21,-21.27,-22.2,-9.3,-12.69,-12.14,-21.38,-14.12,-11.45,2.56
19.52,31.4,10.7,-26.89,-27.65,-28.31,10.45,0.24,9.52,-17.87,1.11,-9.55,16.61
19.75,47.03,17.22,-31.43,-17.55,-39.0,8.34,-13.46,13.97,-19.9,5.73,-17.58,16.07
19.3,28.94,7.23,-22.95,-25.78,-30.75,-5.17,-9.06,3.83,-13.86,-4.14,-14.8,2.8
20.2,24.85,3.83,-18.67,-22.34,-23.23,-3.9,-5.63,2.93,-6.41,5.38,5.38,23.7
19.75,34.47,16.5,-15.8,-19.9,-23.84,4.07,-5.72,4.65,-13.58,6.11,2.16,24.69
19.98,45.43,23.01,-22.16,-18.63,-22.8,14.21,-9.7,4.8,-15.28,17.73,2.12,24.96
19.37,43.07,22.05,-17.76,-14.71,-17.63,16.64,-0.64,15.85,-5.03,18.19,1.89,19.07
19.29,30.89,14.33,-5.37,-9.41,-9.98,9.09,8.38,14.29,2.6,9.49,4.9,13.93
19.21,46.16,27.59,-19.44,-19.75,-15.75,30.7,6.1,15.15,-7.93,25.92,5.4,24.06
19.64,48.14,20.44,-25.81,-17.31,-21.19,17.13,-13.5,7.38,-11.1,29.35,2.78,22.31
20.08,53.43,22.4,-31.37,-13.07,-27.67,16.59,-26.7,-4.07,-25.75,20.47,-1.46,25.14
19.85,48.79,21.43,-19.64,-5.46,-26.18,8.27,-20.05,3.57,-15.95,15.72,-6.35,14.17
18.16,29.47,12.71,-3.52,-5.55,-9.09,-0.27,-6.23,-1.28,-6.13,1.04,-3.76,2.62
18.22,36.36,14.39,-14.7,-13.49,-16.66,5.21,-8.21,6.74,-4.12,15.47,1.25,15.94
18.98,42.32,19.06,-21.49,-13.28,-17.8,10.31,-21.69,-12.39,-32.59,0.63,-9.6,17.16
18.86,37.96,15.09,-19.6,-19.44,-24.64,2.15,-15.13,-4.51,-24.66,-3.25,-14.61,8.21
19.47,27.91,10.46,-11.76,-18.42,-22.44,-6.95,-12.07,-7.98,-18.06,-7.57,-8.69,4.78
19.47,39.11,9.79,-30.49,-20.12,-31.28,1.43,-17.06,5.59,-16.19,5.25,-13.81,6.56
20.24,32.4,10.34,-26.92,-28.41,-34.53,-5.13,-17.97,-0.15,-14.2,10.97,-3.45,7.29
20.08,44.71,16.1,-36.55,-22.71,-28.99,14.44,-16.1,10.64,-4.0,36.61,4.53,17.65
19.82,36.81,14.7,-22.9,-22.55,-25.22,7.26,-5.77,8.21,-10.2,12.86,1.22,20.27
19.05,47.92,19.75,-31.48,-17.62,-13.59,24.26,-16.06,1.85,-12.67,29.4,-0.87,13.82
19.24,56.05,9.86,-45.87,1.44,-26.66,22.54,-36.54,3.07,-16.83,30.07,-5.34,15.43
19.37,42.52,14.67,-23.64,-8.59,-17.15,10.04,-16.38,4.0,-6.87,25.75,8.91,20.67
18.95,39.66,16.42,-17.74,-11.04,-14.43,10.99,-9.84,3.67,-7.17,20.88,8.0,17.45
19.61,28.92,10.02,-14.45,-16.7,-16.06,2.22,-8.97,-4.35,-7.88,16.45,18.54,26.85
19.43,30.22,9.79,-17.17,-20.1,-22.03,-4.5,-17.76,-15.43,-25.3,-6.88,-9.76,1.98
19.81,38.84,17.28,-22.53,-18.57,-19.62,7.04,-18.8,-5.69,-11.86,22.91,8.46,16.92
18.8,31.18,6.23,-25.14,-16.4,-15.75,2.19,-23.06,-12.37,-15.83,14.31,0.29,5.03
19.4,47.92,13.26,-35.92,-12.74,-26.95,10.42,-31.07,-2.32,-15.86,29.19,3.1,20.85
18.72,31.01,10.7,-13.16,-12.36,-16.25,-3.32,-15.02,-3.45,-4.43,14.86,5.46,9.83
19.49,26.07,3.88,-15.75,-15.54,-14.27,-2.8,-11.6,-4.95,-5.09,11.82,9.82,15.89
19.81,43.31,12.76,-37.99,-16.62,-9.82,19.96,-31.64,-14.26,-24.45,25.25,-2.5,16.87
20.02,33.24,5.73,-26.21,-16.99,-16.68,2.47,-21.28,-6.1,-10.81,18.23,1.11,8.61
19.81,26.73,4.4,-19.52,-15.22,-12.1,6.48,-5.77,-0.77,-10.15,2.9,-7.81,-2.82
19.81,48.42,14.66,-47.0,-29.07,-25.33,20.28,-28.62,-7.22,-22.96,29.29,-7.73,13.69
19.84,29.23,7.36,-22.69,-24.74,-25.08,-1.69,-11.75,-2.99,-12.73,7.19,1.86,12.13
19.98,33.44,10.01,-19.95,-19.89,-20.07,2.15,-9.42,0.38,-10.69,9.2,-0.54,10.48
19.79,39.41,16.88,-22.3,-18.51,-15.73,15.03,-9.7,-2.32,-18.23,12.08,-2.1,11.52
19.49,35.23,14.89,-14.61,-14.53,-17.24,4.17,-8.75,5.68,0.13,23.71,10.11,15.14
19.27,37.75,17.91,-13.86,-11.61,-12.97,10.54,-6.95,5.54,-1.19,25.96,12.01,16.42
19.24,29.55,11.41,-8.03,-8.31,-7.28,7.41,-1.93,1.64,-3.71,12.51,9.77,14.61
19.56,30.31,13.31,-7.21,-8.15,-10.1,0.9,-13.95,-11.32,-14.68,8.02,10.91,18.87
19.52,51.98,19.67,-35.41,-13.39,-19.87,13.67,-32.82,-1.89,-14.86,31.85,-2.5,16.26
20.18,29.87,6.8,-21.89,-18.42,-18.35,1.41,-14.79,-6.22,-11.76,14.84,12.24,24.6
19.24,45.82,17.29,-42.57,-14.46,-6.15,23.42,-35.87,-18.63,-24.5,22.39,-5.98,17.22
19.46,40.78,11.33,-39.52,-22.37,-12.08,26.24,-18.4,-4.99,-17.24,28.54,3.96,21.92
19.6,47.7,17.22,-42.25,-19.94,-21.65,17.04,-29.97,-5.08,-20.95,24.97,2.74,29.06
20.11,26.44,5.41,-17.91,-19.0,-21.19,-7.48,-17.8,-11.64,-16.8,0.52,0.28,13.01
20.07,41.61,15.56,-29.78,-23.11,-23.84,8.67,-22.89,-9.51,-25.97,15.6,4.8,25.55
19.94,30.16,9.78,-15.32,-15.19,-18.11,-0.81,-12.07,-4.73,-12.69,8.16,8.27,22.18
19.79,33.06,8.11,-20.55,-12.3,-12.64,10.34,-9.57,2.36,-11.61,14.54,2.2,14.34
20.28,25.55,1.53,-27.12,-23.14,-22.81,-0.06,-12.65,-1.87,-9.36,15.54,11.39,20.36
19.57,30.16,8.52,-17.73,-14.32,-15.19,3.29,-12.25,-4.37,-11.67,14.08,12.0,22.72
18.59,50.05,5.85,-38.44,14.1,-11.35,39.21,-24.49,2.07,-20.33,16.02,-3.98,12.36
18.43,39.3,10.31,-27.48,-10.16,-12.69,13.15,-17.47,-1.03,-12.57,19.74,-0.47,11.53
18.38,41.35,19.09,-22.43,-16.92,-13.59,21.02,-5.99,1.09,-19.37,14.86,4.73,25.0
18.36,37.73,12.63,-15.48,-5.84,-5.45,11.38,-9.44,4.29,-0.88,23.4,7.32,16.21
18.47,34.23,13.39,-12.69,-8.43,-7.38,10.46,-5.31,2.28,-4.19,16.25,7.82,14.96
19.64,56.21,15.77,-40.95,-15.32,-28.03,23.97,-32.44,1.48,-24.77,30.03,0.49,41.05
19.57,46.4,15.0,-29.42,-5.84,-15.11,21.88,-17.93,-3.59,-31.86,4.51,-7.79,23.66
19.55,28.09,9.35,-7.17,-8.56,-7.87,0.93,-8.02,-6.96,-8.53,7.19,10.25,16.76
19.11,22.94,6.74,-5.7,-8.86,-11.6,-6.75,-11.89,-6.83,-2.69,10.55,12.87,16.37
19.08,31.44,10.46,-13.92,-12.05,-10.58,5.15,-11.6,-7.0,-10.02,18.14,19.7,30.9
18.62,42.54,22.49,-21.81,-20.94,-14.39,20.5,-11.61,-4.33,-10.46,33.05,12.1,20.43
19.94,32.53,14.63,-12.65,-15.46,-19.44,-1.04,-15.58,-10.3,-18.08,9.88,14.02,29.74
19.35,41.45,16.62,-22.65,-9.92,-8.62,19.79,-13.87,-4.52,-20.03,16.75,3.81,20.26
19.33,30.37,9.34,-14.51,-12.03,-11.41,3.94,-12.87,-6.68,-10.33,14.24,9.96,17.41
19.29,30.98,6.97,-27.38,-25.79,-23.7,4.0,-11.12,-1.6,-10.85,17.62,10.26,21.17
18.93,34.69,9.93,-23.73,-20.6,-22.09,2.84,-15.66,-3.81,-15.88,9.3,-2.78,11.87
19.45,24.34,4.43,-14.75,-14.75,-16.78,-6.16,-12.62,0.55,5.45,22.03,15.15,15.44
19.13,30.64,10.32,-12.51,-13.99,-13.94,2.34,-6.96,-1.4,-7.9,8.62,5.11,12.67
19.79,34.64,16.42,-10.42,-11.11,-12.66,7.5,-6.78,-1.55,-12.07,11.49,13.41,27.99
19.54,25.73,8.44,-7.39,-10.25,-8.62,5.61,2.81,3.9,-3.59,5.63,7.62,14.73
19.07,40.78,23.96,-12.26,-16.18,-21.81,11.0,-1.0,12.35,-6.59,18.02,5.12,19.81
18.73,29.58,13.27,-8.53,-13.25,-18.2,-0.31,-2.75,7.91,0.21,13.19,9.61,19.03
19.63,31.31,9.4,-17.53,-15.33,-16.36,2.48,-8.7,3.01,-1.95,16.77,6.57,13.33
20.33,37.25,8.78,-31.29,-19.67,-23.7,5.1,-22.61,-8.15,-22.28,15.84,6.43,23.14
19.91,24.09,4.12,-12.5,-10.37,-15.29,-12.28,-26.96,-20.26,-16.01,4.01,4.24,9.32
19.85,38.33,14.61,-21.83,-17.27,-18.51,7.31,-16.01,-5.26,-18.4,15.13,8.92,27.03
19.18,30.07,10.26,-11.8,-10.77,-11.45,1.94,-9.46,-2.59,-7.36,7.69,3.08,10.93
19.52,43.48,16.53,-28.53,-22.19,-28.03,3.7,-25.08,-3.36,-15.89,24.44,2.69,21.71
20.13,46.91,20.12,-24.14,-14.38,-33.31,1.69,-26.34,-5.4,-28.2,4.41,-9.28,17.56
19.76,20.07,1.8,-14.27,-19.86,-22.82,-15.92,-23.88,-26.29,-31.65,-18.05,-8.65,3.54
19.67,29.05,10.22,-12.08,-13.49,-19.79,-9.15,-21.65,-11.47,-11.11,11.45,8.0,13.33
19.75,30.3,8.94,-18.44,-19.87,-21.16,-1.93,-14.36,-7.66,-16.45,3.73,-3.8,3.12
19.58,35.38,10.44,-26.81,-21.99,-23.55,4.45,-14.77,-3.01,-16.71,11.45,-0.2,14.85
19.99,41.66,14.33,-21.07,-7.93,-13.82,13.33,-12.89,-1.7,-23.55,1.18,-9.76,15.37
19.48,29.97,10.09,-14.21,-14.93,-14.35,5.07,-3.31,1.5,-8.19,6.72,2.28,12.49
19.15,32.33,13.35,-8.6,-12.06,-13.72,2.28,-3.81,2.89,-5.01,8.24,5.06,15.85
19.58,33.9,13.72,-14.11,-13.18,-12.4,8.72,-6.0,-1.66,-12.35,9.09,4.33,15.08
19.69,44.29,22.45,-20.5,-19.67,-26.7,5.75,-19.39,-5.2,-20.46,15.82,-5.29,7.59
19.15,37.26,14.32,-20.48,-14.16,-13.22,13.84,-8.66,-0.12,-12.01,19.28,11.12,25.59
19.77,34.85,11.14,-18.05,-14.46,-13.47,5.53,-10.94,-1.42,-8.74,13.08,0.93,9.81
20.0,39.17,7.52,-14.57,8.09,-36.4,7.35,-19.77,-8.6,-15.39,14.58,15.15,14.89
18.76,53.81,25.04,-27.83,-12.9,-9.79,28.36,-24.85,-4.81,-17.2,31.53,12.5,16.61
19.03,41.6,14.4,-24.08,-8.36,-12.92,9.22,-19.27,-4.97,-19.7,21.49,5.97,29.24
18.59,28.89,8.79,-9.6,-11.06,-11.23,-0.6,-6.97,-1.22,-5.09,5.28,0.74,6.55
18.98,43.59,16.95,-34.47,-23.49,-15.63,20.21,-22.86,-13.68,-29.21,17.99,-5.14,14.66
20.13,42.89,12.91,-35.47,-22.74,-23.63,14.04,-22.85,-8.8,-29.29,16.37,0.9,20.1
19.95,32.39,10.08,-21.57,-18.06,-17.65,8.13,-9.34,-4.23,-19.28,6.33,1.77,17.77
20.51,36.34,7.04,-40.71,-28.77,-24.59,10.15,-28.76,-21.75,-41.69,1.84,-10.79,17.81
19.72,31.62,9.82,-18.52,-16.82,-18.69,1.68,-13.25,-8.71,-21.78,0.08,0.21,19.37
19.74,29.02,7.62,-20.96,-18.75,-15.51,6.19,-10.87,-7.25,-14.76,13.39,12.15,21.31
19.51,34.68,15.4,-17.54,-19.26,-19.88,7.66,-9.01,-4.45,-18.76,9.63,5.68,16.32
19.69,25.75,6.16,-10.78,-10.61,-8.76,3.88,-5.1,-4.42,-11.85,2.94,7.51,22.08
19.72,29.58,7.95,-16.75,-9.45,-7.6,11.83,-7.74,-6.52,-20.04,2.65,6.53,27.6
19.66,38.39,14.18,-19.24,-12.31,-10.94,15.39,-7.78,-3.64,-26.09,-0.97,-8.98,16.18
19.49,44.66,20.76,-24.38,-15.3,-14.36,25.16,-8.76,-0.51,-24.96,11.25,-0.79,21.15
19.24,47.88,19.52,-24.54,-5.7,-13.86,24.31,-15.2,-5.67,-32.67,6.67,-2.54,21.03
19.68,43.37,14.65,-24.9,-10.09,-20.31,7.04,-23.2,-5.99,-23.83,7.05,-5.47,12.82
20.31,31.46,9.19,-15.66,-12.71,-18.74,0.65,-16.44,-10.98,-14.53,13.81,14.58,24.07
20.13,45.12,17.22,-27.52,-10.79,-14.73,14.32,-26.42,-13.0,-31.79,13.82,3.27,26.63
19.07,32.06,8.14,-23.7,-17.3,-15.65,9.92,-11.53,-7.34,-21.37,7.12,4.23,20.65
19.37,29.24,6.2,-24.61,-24.59,-27.02,-3.29,-13.55,-3.19,-16.62,1.43,-4.48,11.19
20.12,40.05,14.29,-28.56,-21.77,-27.06,9.54,-15.63,-4.0,-33.31,0.13,-6.37,23.9
19.9,32.95,8.11,-23.78,-17.83,-19.88,5.8,-10.01,-1.22,-16.32,6.61,0.35,15.61
19.71,27.78,3.25,-27.58,-26.53,-26.3,-1.91,-16.28,-10.85,-28.24,-8.04,-9.09,15.73
19.75,41.41,14.09,-38.86,-30.72,-27.09,15.07,-17.53,-3.05,-27.24,11.51,-7.34,16.22
20.47,47.3,10.78,-44.79,-23.63,-26.16,16.07,-29.42,-5.49,-28.14,21.71,-7.88,16.02
20.64,29.68,8.13,-19.93,-19.01,-18.73,4.07,-6.81,1.51,-7.35,15.63,14.08,25.64
19.48,26.0,6.3,-9.66,-8.42,-4.7,5.42,-4.79,-5.44,-8.68,5.72,6.71,11.2
19.46,32.45,11.06,-18.2,-10.84,-5.8,17.56,-5.07,-1.5,-11.31,19.73,18.18,31.6
19.47,35.68,15.58,-14.7,-11.57,-10.35,11.57,-11.27,-7.81,-16.66,15.38,14.43,28.84
19.14,24.59,3.07,-18.05,-15.69,-15.58,-2.94,-15.69,-11.47,-14.59,6.79,11.8,24.78
19.09,28.7,9.13,-11.58,-9.39,-4.72,14.49,3.7,2.69,-11.07,3.44,4.07,17.26
19.29,51.13,22.06,-33.01,-13.38,-13.28,38.09,0.62,19.95,-11.92,24.41,-6.43,24.23
19.67,23.87,5.46,-9.06,-11.17,-7.42,6.92,6.09,5.89,-3.15,0.81,1.79,10.79
19.47,68.77,30.85,-48.71,-11.35,-27.18,58.0,-20.09,-1.5,-17.58,41.65,-15.77,30.91
18.36,45.13,14.15,-31.06,-12.15,-12.97,30.8,-0.28,18.22,-16.17,17.1,-6.16,25.56
19.61,42.48,21.45,-26.88,-23.73,-22.84,24.58,-0.9,6.0,-29.29,3.52,-9.97,21.64
19.31,29.1,6.07,-23.76,-21.61,-19.59,9.97,-0.97,4.11,-17.82,0.92,-1.14,25.71
20.27,38.83,12.82,-30.46,-23.5,-25.52,10.27,-12.06,0.93,-22.98,5.7,-8.24,15.56
20.01,29.61,7.37,-22.27,-22.32,-23.23,1.73,-8.11,1.91,-13.81,0.99,-10.08,6.39
20.1,29.55,6.68,-23.07,-20.87,-21.8,3.95,-7.09,-0.71,-20.05,-4.98,-9.23,11.14
20.71,39.91,11.79,-36.91,-25.91,-23.67,22.36,-4.29,9.38,-19.91,14.69,-6.02,21.14
20.35,34.79,10.2,-32.61,-26.89,-27.08,15.71,-1.33,10.65,-21.99,0.79,-12.77,16.65
19.85,40.92,13.95,-31.92,-18.28,-24.05,16.56,-4.1,15.94,-8.95,20.93,3.33,26.81
19.87,16.93,-3.67,-18.92,-17.11,-12.78,1.62,-1.93,0.76,-3.32,8.66,14.36,25.87
19.75,42.85,16.81,-33.13,-20.54,-14.85,29.91,-6.56,2.16,-26.0,17.35,4.8,34.49
19.21,38.22,11.46,-33.7,-24.24,-24.67,15.96,-9.47,1.14,-27.36,5.78,-3.72,24.89
19.08,30.62,9.93,-14.61,-11.11,-7.92,13.05,-0.05,2.58,-11.54,5.31,3.66,20.19
19.22,45.81,15.65,-29.06,-5.07,-6.81,30.89,-5.51,9.96,-18.84,14.17,-4.8,21.77
19.54,49.4,25.02,-26.36,-13.48,-10.1,30.83,-10.96,-1.15,-22.99,21.47,0.48,22.77
19.89,25.44,6.7,-11.94,-9.31,-5.49,13.14,5.2,4.12,-11.27,-2.59,-1.36,13.86
19.36,26.14,5.51,-13.44,-11.37,-6.92,7.83,-2.87,-4.61,-14.29,0.32,4.86,21.04
19.45,39.28,13.3,-32.44,-22.3,-18.63,20.34,-8.57,1.66,-22.19,16.36,5.2,33.28
18.33,33.82,12.03,-22.65,-17.47,-15.44,16.95,-4.11,-0.88,-26.42,2.07,2.05,31.17
19.29,41.17,14.04,-29.82,-15.03,-15.59,22.37,-6.41,6.71,-21.31,8.51,-7.49,20.77
19.95,24.54,1.94,-19.55,-19.96,-18.2,-3.39,-12.0,-8.75,-15.53,-1.29,-2.29,8.15
19.49,31.97,8.54,-22.84,-20.46,-20.44,2.9,-12.61,-4.51,-16.18,6.78,2.0,15.66
20.05,31.65,4.53,-28.89,-22.13,-18.82,7.96,-12.11,-3.63,-19.59,6.04,-5.04,11.03
19.76,33.17,8.46,-27.33,-22.44,-21.86,10.13,-3.56,8.05,-11.89,8.91,-0.9,18.5
20.03,29.47,4.22,-29.71,-24.0,-17.81,13.98,-2.68,4.29,-12.92,11.95,1.36,13.34
20.02,22.05,1.95,-15.14,-10.89,-5.19,13.62,7.86,7.79,-6.12,-1.5,-5.78,2.27
19.43,47.6,13.47,-40.74,-11.94,-12.4,37.59,-6.29,11.11,-26.33,12.59,-11.62,19.7
19.79,43.56,11.86,-35.88,-11.48,-7.05,32.3,-9.12,4.94,-21.11,13.49,-9.43,17.83
19.82,44.2,13.26,-34.2,-18.31,-19.08,22.58,-10.67,6.31,-25.11,9.34,-10.37,20.01
19.73,37.25,11.01,-28.5,-15.29,-18.82,19.41,-3.04,7.13,-28.55,-6.96,-17.73,16.53
19.9,34.25,6.4,-22.15,-7.63,-30.83,26.74,-5.81,-2.97,-21.39,-7.25,2.25,30.59
19.46,55.64,16.88,-37.54,0.26,-31.41,41.69,-12.86,13.03,-29.47,2.49,-6.6,30.87
19.6,28.77,9.64,-18.84,-16.14,-13.01,18.57,7.1,9.43,-14.41,3.64,3.2,27.24
19.37,29.02,10.66,-15.6,-14.22,-11.78,16.5,6.51,7.36,-16.03,-0.34,1.66,25.68
19.34,41.03,15.51,-22.79,-9.49,-17.85,20.32,0.44,13.9,-19.56,1.3,-10.61,21.25
18.7,26.14,6.3,-15.55,-14.87,-11.43,10.47,5.81,9.67,-3.63,4.54,0.36,12.6
19.68,27.13,6.94,-17.48,-19.52,-19.27,1.13,-7.56,-3.81,-15.2,2.88,4.77,20.18
20.35,31.01,7.43,-23.72,-23.18,-26.71,-5.24,-17.04,-4.74,-15.22,4.68,-1.19,14.86
19.06,29.13,5.27,-19.68,-17.31,-14.86,3.14,-9.4,-7.04,-18.26,-1.2,-2.73,11.55
19.83,25.58,1.48,-30.59,-28.49,-24.86,7.11,0.32,11.27,-5.73,8.03,-5.58,4.91
19.88,26.82,5.09,-20.55,-21.4,-20.11,2.05,-6.63,-3.5,-17.46,-2.63,-4.33,9.8
20.06,54.12,5.65,-45.88,-2.83,-46.53,27.32,-34.13,5.24,-16.04,8.84,-1.49,10.95
19.87,44.64,13.36,-29.13,-10.85,-24.38,16.57,-9.72,10.6,-11.87,19.13,1.81,21.93
19.65,37.25,13.3,-25.08,-19.46,-18.86,17.49,2.54,16.04,-3.72,21.84,7.71,23.75
18.96,25.68,2.9,-21.4,-20.09,-18.01,2.3,-5.58,3.06,-5.08,12.31,9.58,23.09
19.33,50.68,22.29,-38.27,-24.55,-24.0,26.18,-14.26,2.89,-33.03,13.63,-15.69,17.74
19.01,32.64,12.64,-14.37,-12.35,-9.76,14.16,1.63,4.1,-11.65,8.3,5.59,19.77
19.25,33.76,16.17,-13.9,-18.43,-20.26,7.04,3.46,9.88,-16.26,-3.66,-8.46,14.14
20.2,30.42,7.74,-14.14,-11.5,-20.69,0.33,-6.43,5.18,-3.29,15.59,16.09,15.6
19.78,23.2,2.25,-16.06,-13.64,-11.9,1.37,-7.28,0.06,1.65,18.07,17.36,21.04
20.65,33.73,10.19,-22.71,-23.76,-26.19,-4.3,-21.11,-9.85,-18.52,10.56,6.32,22.37
19.38,32.95,11.19,-16.15,-10.57,-11.65,6.5,-14.91,-11.29,-20.64,7.46,7.61,21.46
19.32,24.08,1.22,-20.53,-20.49,-18.97,-4.53,-14.44,-9.77,-14.72,2.88,2.88,13.74
20.2,43.35,15.21,-37.85,-27.82,-28.11,16.22,-14.64,4.3,-20.97,19.88,3.4,31.56
20.29,28.1,10.12,-14.6,-20.04,-24.76,-4.08,-7.07,4.36,-5.83,8.38,5.07,20.0
19.66,27.25,7.49,-14.01,-15.79,-16.8,-2.27,-10.21,-5.51,-12.18,0.39,-2.38,6.5
20.18,19.69,-2.9,-20.67,-21.31,-17.97,-4.64,-9.64,-7.8,-13.7,-1.61,2.31,14.42
20.15,56.28,19.08,-55.74,-28.06,-26.02,43.31,-22.95,6.15,-14.33,42.57,-2.13,30.27
19.75,24.47,2.44,-23.92,-27.15,-26.87,-4.65,-11.19,-6.28,-17.63,1.44,3.24,16.81
19.67,21.62,2.65,-13.65,-11.3,-6.38,10.36,3.59,1.75,-9.7,0.03,3.32,15.53
19.61,40.62,18.33,-31.27,-22.08,-13.2,33.75,-0.13,2.9,-24.53,13.59,0.42,26.04
19.71,55.33,17.41,-33.55,-1.51,-24.16,28.28,-17.82,8.85,-20.29,14.69,-9.16,14.49
20.33,32.93,9.5,-22.41,-21.15,-20.86,4.36,-11.05,-5.79,-22.33,1.45,-1.56,19.22
19.78,38.73,14.82,-21.55,-13.43,-10.7,16.06,-10.25,-1.37,-13.71,17.02,5.62,20.26
19.99,45.37,14.6,-37.73,-21.55,-15.7,26.02,-12.02,8.09,-10.58,33.24,5.03,24.18
20.16,41.41,15.09,-37.52,-30.5,-24.13,15.2,-19.95,-1.61,-11.4,36.53,15.26,32.66
19.88,30.99,12.46,-14.93,-17.81,-18.42,5.32,-4.67,-0.89,-14.76,7.91,11.78,27.92
19.56,38.02,12.95,-27.47,-22.51,-24.76,3.32,-19.71,-4.53,-16.9,16.65,5.91,23.02
18.59,34.31,12.42,-18.8,-13.77,-12.1,16.67,-0.73,4.01,-15.28,8.05,5.06,24.96
19.11,24.02,4.59,-14.24,-15.77,-15.58,-0.06,-1.62,7.73,5.03,13.76,7.34,11.19
20.44,35.8,7.29,-35.17,-26.26,-22.87,14.06,-8.32,6.64,-13.23,18.03,1.17,21.15
20.17,36.29,9.8,-28.57,-20.1,-21.38,8.32,-14.53,-2.7,-16.44,16.02,2.42,12.1
20.28,42.37,13.02,-33.26,-26.63,-30.55,8.51,-16.55,3.9,-23.55,5.6,-21.34,5.05
20.29,27.62,7.53,-14.51,-16.07,-18.01,-2.88,-9.35,-2.04,-8.78,2.48,-2.25,7.08
20.09,47.59,15.65,-40.0,-18.86,-24.94,21.02,-18.86,-1.66,-29.38,13.0,-6.34,21.3
20.04,26.33,7.22,-19.08,-20.36,-18.97,10.3,5.47,8.46,-13.13,1.73,5.23,26.45
20.24,36.87,10.5,-30.45,-20.1,-17.11,23.2,-2.53,5.55,-29.02,-0.65,-12.44,21.0
19.69,59.41,15.36,-46.94,2.5,-33.21,49.27,-20.45,17.01,-32.34,-3.73,-12.84,25.96
19.53,40.09,12.74,-27.7,-16.53,-16.3,19.66,-7.95,0.84,-27.93,3.4,-9.91,17.14
19.64,40.62,18.72,-25.47,-16.26,-10.05,34.73,6.36,7.69,-30.38,-0.89,-15.49,10.25
19.73,26.16,4.52,-17.07,-13.63,-8.32,13.83,4.83,4.31,-13.02,1.12,4.37,25.66
19.53,43.11,19.31,-22.09,-11.16,-13.72,22.34,-5.52,4.55,-26.46,0.7,-8.24,23.78
19.82,43.05,15.4,-29.3,-15.19,-14.9,20.29,-17.11,-5.24,-28.66,12.55,2.28,35.51
19.89,60.8,16.79,-40.06,4.95,-31.16,39.05,-28.22,5.9,-31.05,2.44,-5.66,20.9
19.41,33.93,12.27,-22.27,-17.72,-13.81,16.11,-6.58,-5.09,-24.88,6.5,5.95,27.34
19.38,24.89,5.09,-12.87,-10.16,-9.52,0.96,-12.22,-10.71,-14.0,5.29,11.09,23.1
20.1,32.45,8.03,-26.99,-15.29,-15.57,16.41,-8.94,-6.19,-38.22,-14.58,-17.98,15.28
20.39,39.97,16.22,-31.45,-25.57,-24.9,13.76,-18.3,-10.54,-38.64,-0.8,-12.45,16.82
20.26,28.09,7.24,-18.25,-18.42,-16.5,8.63,1.22,3.79,-14.55,-0.71,-1.35,17.04
20.61,30.35,8.91,-26.61,-25.53,-25.77,10.19,-0.38,8.15,-21.84,-7.7,-16.81,10.33
20.54,21.69,0.18,-22.46,-25.65,-24.29,-2.45,-5.7,-4.41,-21.82,-12.5,-8.88,12.76
20.68,42.28,10.08,-42.6,-24.67,-30.82,18.52,-13.34,6.7,-28.67,5.8,-10.99,22.8
20.16,29.1,7.25,-18.43,-15.57,-12.85,7.9,-6.31,-3.85,-17.88,0.0,-1.41,15.69
20.21,23.2,0.98,-20.68,-18.71,-16.65,-0.22,-8.86,-4.95,-13.59,-1.03,-2.04,10.29
19.59,39.18,12.53,-24.94,-14.78,-14.08,16.05,-10.24,-1.04,-20.42,11.88,1.83,23.14
19.39,64.91,18.49,-50.22,-3.87,-31.26,47.83,-31.79,-0.63,-25.08,18.43,-11.64,24.18
19.25,35.61,10.55,-24.61,-17.96,-17.31,14.3,-3.86,4.08,-17.24,5.66,-2.52,17.88
19.58,30.5,10.01,-17.17,-13.46,-10.17,17.0,6.81,12.44,-6.25,6.11,-3.05,13.41
19.83,41.41,17.65,-18.92,-13.98,-14.81,13.4,-6.78,6.53,-8.66,18.76,3.98,20.38
19.71,37.19,18.86,-13.63,-14.54,-15.76,16.37,6.07,13.05,-10.69,4.79,-5.35,13.32
19.86,56.46,21.95,-36.03,-10.33,-23.77,27.34,-20.11,5.4,-26.6,17.67,-8.76,24.79
19.19,30.01,9.01,-17.21,-14.58,-13.94,9.38,-1.15,3.52,-12.84,2.76,0.39,17.44
19.65,42.01,18.25,-24.94,-15.49,-14.89,24.0,-3.02,3.15,-28.44,-0.11,-11.57,16.86
19.87,31.08,9.4,-24.3,-21.72,-19.92,13.51,-1.59,1.63,-22.5,1.04,0.37,25.35
20.06,36.52,12.94,-27.62,-21.9,-19.65,13.69,-11.86,-8.48,-34.63,-3.88,-10.19,16.28
19.73,37.3,13.09,-26.41,-19.13,-16.55,16.86,-6.7,2.44,-17.37,15.28,9.52,30.34
19.95,26.05,4.75,-19.48,-17.34,-13.66,9.7,-1.6,-2.61,-21.98,-5.57,-2.74,18.17
20.39,41.48,9.17,-31.62,-9.18,-21.23,19.0,-11.91,2.68,-27.26,3.06,-5.86,25.41
19.94,27.9,5.92,-24.75,-24.72,-23.92,3.42,-10.25,-9.13,-33.73,-18.71,-21.86,4.73
20.01,48.36,18.49,-32.28,-13.89,-17.56,21.82,-18.61,-3.98,-28.46,11.44,-10.86,19.64
19.41,42.42,15.66,-27.73,-14.42,-15.33,18.07,-14.02,-1.24,-20.23,15.49,1.53,22.94
19.34,55.7,18.12,-39.06,-6.85,-20.52,34.21,-18.54,7.09,-23.3,15.42,-8.72,26.66
18.79,30.77,13.23,-11.78,-10.29,-4.89,22.19,11.19,8.1,-14.59,-2.22,-5.47,9.18
