18.7,2.86,3.79,15.63,2.71,10.97,-3.08,1.67,-9.6,-3.38,-11.13,-5.72,-10.06
17.98,34.85,22.98,8.96,7.57,3.85,12.83,2.53,2.03,-8.36,-3.57,-11.58,-7.97
18.79,30.6,20.96,14.25,10.95,7.01,8.72,0.55,-4.04,-12.09,-10.65,-10.47,-3.14
18.51,46.63,24.83,-6.31,9.45,-2.01,24.19,-4.41,1.68,-15.67,5.81,-10.17,1.26
18.08,31.76,20.75,9.63,4.11,-1.42,4.63,1.56,3.34,-3.26,-0.45,-3.64,-0.37
18.45,37.44,23.32,4.47,10.34,11.48,23.33,0.09,-6.64,-20.64,-3.11,-7.69,-2.06
16.75,28.83,14.8,6.7,13.68,13.01,12.21,-7.57,-11.44,-13.16,0.89,2.57,7.26
16.76,30.53,15.55,1.03,0.66,2.09,11.18,-0.22,-4.26,-13.4,-1.65,2.74,11.77
16.76,29.03,17.29,9.29,9.37,7.05,7.72,-3.51,-4.31,-5.43,5.59,5.64,5.72
16.84,28.24,15.15,4.97,1.99,0.09,3.31,-5.23,-6.73,-8.91,-2.17,-3.52,-1.62
17.41,27.78,17.54,12.71,10.49,8.91,10.24,4.01,0.04,-3.43,-0.03,3.16,7.93
16.71,26.12,14.64,9.12,4.96,3.18,4.7,1.19,-3.15,-8.47,-10.73,-9.67,-4.62
17.69,27.67,17.64,13.92,14.55,12.29,10.97,2.55,0.65,-0.05,1.81,-2.26,-5.19
17.88,25.68,16.69,13.42,13.54,12.52,14.41,7.17,2.63,-2.69,-0.22,-0.02,2.86
17.9,24.26,13.46,10.2,8.83,5.52,3.1,-3.18,-4.09,-4.13,-3.3,-5.76,-6.96
17.87,53.24,38.15,-7.59,5.5,8.07,53.2,-4.55,-13.49,-31.83,3.46,-14.1,2.3
17.5,32.74,22.11,11.89,10.27,7.31,12.44,-0.35,-7.71,-19.2,-10.15,-4.91,7.08
17.36,30.4,19.67,11.08,6.9,3.82,8.8,6.64,9.02,5.08,3.22,-2.98,-0.96
17.87,33.58,21.35,7.83,4.95,3.3,10.63,0.43,-3.27,-14.17,-5.12,-3.53,6.31
17.72,39.97,29.27,7.64,8.6,6.7,21.1,-3.76,-11.38,-25.34,-2.67,2.7,19.23
17.19,31.51,18.27,6.35,4.53,0.53,4.26,-7.05,-9.45,-17.1,-12.23,-13.43,-6.33
17.49,47.33,30.07,-1.99,4.55,1.19,24.7,-4.62,-0.84,-28.18,-1.58,-4.64,19.36
17.61,26.46,14.6,7.15,3.08,0.31,2.28,-2.07,-3.52,-6.58,-3.74,-2.1,2.17
17.19,21.41,9.69,4.65,0.57,-4.48,-4.59,-6.72,-4.46,-4.82,-4.85,-7.2,-4.9
18.14,33.63,19.64,4.33,3.8,2.69,12.53,1.49,-1.67,-14.11,-7.62,-8.54,2.99
18.01,30.74,14.99,1.16,0.91,1.22,8.36,-3.12,-4.45,-11.17,-2.98,-6.03,-1.39
17.95,43.28,23.5,-12.65,-5.71,-5.82,19.52,-10.52,-7.35,-24.65,5.54,-6.39,2.93
18.37,46.62,23.03,-14.14,1.01,1.87,24.84,-15.29,-7.82,-25.67,12.36,-4.25,10.08
18.48,27.81,13.75,1.69,-1.88,-2.43,5.8,2.33,3.3,-0.18,5.86,5.51,9.32
18.21,26.77,12.45,0.84,-2.2,-3.68,2.7,-4.59,-8.07,-16.41,-12.03,-11.75,-6.84
18.76,55.44,35.68,-14.53,-6.14,-16.39,29.97,-3.11,17.11,-15.4,5.34,-27.0,-2.27
18.14,27.81,14.94,8.77,10.45,13.33,16.57,6.71,-1.78,-11.71,-11.51,-12.49,-7.74
17.84,53.27,30.06,-18.85,-3.64,-2.14,39.92,-0.14,8.98,-15.04,14.67,-17.69,-0.86
17.64,24.42,9.99,2.66,-0.12,0.21,4.12,2.67,1.68,-2.61,-5.37,-8.72,-6.65
18.09,56.04,29.36,-20.08,3.51,-3.47,38.12,-2.4,11.42,-17.8,12.3,-13.59,9.35
17.21,30.57,16.29,3.67,-1.13,-3.93,0.99,-6.27,-8.48,-13.77,-7.4,-6.25,-0.21
18.25,35.72,19.43,-0.83,1.67,4.05,22.48,11.53,11.67,-3.96,3.55,-4.79,3.84
17.42,52.59,24.2,-19.07,-7.33,-11.37,24.85,-9.83,2.24,-27.17,7.92,-11.21,18.99
18.5,32.53,17.39,-2.31,-0.71,3.35,24.43,10.2,2.12,-22.08,-14.66,-15.97,-0.93
18.72,30.53,20.16,10.51,7.85,7.7,17.77,11.69,4.26,-11.55,-11.01,-8.59,0.76
17.63,36.83,20.02,-3.66,-2.16,-2.11,15.14,-3.24,-5.75,-22.9,-6.2,-7.59,6.01
16.91,21.44,6.35,-0.89,-2.14,-1.02,2.39,-3.5,-9.05,-14.66,-12.12,-7.91,-0.82
17.23,43.86,22.62,-12.02,-0.09,4.44,28.16,-8.94,-6.66,-21.28,14.44,0.48,11.37
17.58,42.72,18.37,-8.59,5.29,8.96,29.68,1.13,8.42,-9.92,11.64,-7.09,9.2
18.49,34.84,20.3,4.76,8.43,10.66,21.69,5.82,3.25,-5.2,6.54,2.72,8.05
17.78,28.77,17.9,8.88,4.74,3.53,12.09,8.11,3.08,-11.38,-14.56,-14.34,-3.05
17.99,24.09,12.12,6.06,3.43,2.43,5.37,1.99,0.84,-0.53,4.24,6.68,7.51
18.38,35.49,24.95,7.02,6.9,9.44,28.95,16.17,3.28,-23.32,-17.09,-13.59,3.31
16.98,41.9,24.77,-9.2,-6.84,-5.9,22.91,-3.17,-8.77,-36.92,-12.36,-18.03,1.88
18.7,36.9,21.88,4.2,9.3,10.18,21.28,1.21,-0.47,-10.98,4.89,-1.59,3.73
17.77,45.83,24.21,-10.61,1.96,1.45,30.35,1.38,4.36,-19.96,4.77,-8.91,9.38
18.39,39.7,28.73,4.43,2.2,5.91,34.13,17.53,8.65,-19.39,-8.99,-14.32,0.18
17.88,43.89,27.16,-5.25,-0.96,0.22,29.03,3.4,2.05,-23.68,-6.19,-15.2,1.75
17.43,39.45,23.12,-4.47,2.13,4.44,25.65,-2.62,-9.17,-28.81,-10.77,-16.15,2.18
17.9,50.97,31.06,-15.7,-6.49,-6.56,31.9,-14.91,-18.75,-44.51,-5.8,-22.61,-1.31
18.04,28.13,15.58,5.83,2.77,3.58,10.49,3.19,-6.14,-18.14,-16.38,-12.4,-4.12
18.08,30.12,18.13,7.67,5.0,5.86,15.05,8.95,3.26,-8.45,-7.43,-6.78,-0.49
18.83,27.93,19.06,12.31,4.97,-2.72,-2.13,-4.84,-3.36,-6.25,-5.04,-7.71,-7.9
19.03,28.46,17.33,11.2,9.94,8.01,10.52,3.8,0.61,-5.58,-4.68,-7.02,-5.34
17.52,24.27,10.47,5.02,3.21,3.58,5.87,5.0,7.35,9.69,10.0,4.56,-1.25
17.88,50.98,29.78,-13.56,-3.11,-4.51,26.84,-9.58,0.01,-19.85,13.42,-6.84,9.29
17.25,28.29,18.66,5.32,-5.45,-13.76,-0.34,8.61,19.04,9.84,3.31,-6.33,0.66
18.12,44.05,25.84,-12.29,-11.79,-16.72,13.73,-4.27,3.11,-22.34,-2.05,-17.39,2.55
18.14,37.05,21.0,-2.06,-2.9,-5.9,12.26,1.39,4.11,-13.77,-4.48,-12.83,0.77
18.28,33.62,17.37,-6.25,-4.26,-5.85,17.53,5.57,6.04,-21.53,-17.97,-28.09,-5.73
18.98,47.05,34.38,-11.24,-12.65,-17.5,26.66,0.57,0.45,-33.7,-12.2,-29.51,-2.52
18.25,37.71,25.28,-2.04,-11.65,-13.9,11.06,3.77,4.17,-17.37,-6.15,-10.94,3.17
18.24,32.59,15.77,0.0,-0.35,-0.17,12.47,3.11,1.15,-15.92,-15.61,-23.16,-9.82
17.71,51.16,33.51,-8.82,-1.58,-12.44,26.66,0.17,7.11,-29.81,-5.33,-23.09,9.88
17.22,34.48,21.16,1.57,0.19,0.24,17.17,3.98,0.66,-14.4,-3.27,-7.67,1.02
18.03,52.87,28.78,-12.05,8.74,-1.33,28.56,-11.31,0.3,-25.35,-4.01,-27.06,1.61
17.49,46.75,29.15,-3.98,-1.62,-6.83,18.86,-3.26,2.44,-22.84,-0.54,-12.1,11.46
16.55,33.76,21.57,3.7,-4.23,-9.36,4.67,2.77,5.26,-5.5,0.34,-1.94,7.92
17.69,29.64,17.39,8.62,7.81,9.41,16.94,10.09,2.97,-9.73,-11.96,-13.88,-4.83
17.63,39.92,27.09,5.07,2.69,-2.89,14.21,-1.03,-4.21,-22.91,-9.59,-12.42,2.13
18.41,28.37,17.55,11.86,10.18,8.64,10.29,1.62,-4.94,-11.7,-8.46,-5.32,1.51
17.97,50.22,25.87,-10.53,3.02,-7.04,23.85,-8.99,5.28,-18.53,1.88,-12.52,3.02
17.71,37.33,21.09,-3.0,-4.29,-10.27,3.8,-15.32,-19.39,-40.62,-27.69,-28.23,-4.39
18.12,26.7,15.56,9.57,5.76,1.58,1.78,-3.21,-4.56,-7.26,-6.55,-7.15,-4.63
18.41,20.87,9.57,6.41,3.05,-1.84,-4.92,-10.78,-13.31,-15.64,-15.84,-15.65,-11.7
19.18,37.73,24.86,4.0,4.47,3.07,23.83,8.79,5.04,-19.81,-16.94,-29.04,-15.48
18.04,28.1,15.83,7.13,4.2,1.43,3.98,-2.54,-6.65,-15.18,-17.56,-21.54,-16.21
18.17,37.03,23.7,7.91,10.21,8.9,16.78,0.85,-0.87,-13.01,-5.69,-13.63,-6.02
18.41,29.0,17.06,9.75,9.52,9.5,12.43,2.13,-5.89,-16.31,-16.49,-16.68,-9.06
18.34,31.88,22.7,13.9,9.11,5.18,12.14,8.55,5.03,-7.51,-9.63,-11.73,-0.82
18.16,33.19,20.82,5.42,2.71,0.47,13.04,2.58,-1.77,-18.74,-15.85,-18.75,-5.87
18.43,58.87,41.32,-13.14,1.47,2.43,54.88,-13.07,-18.58,-15.45,17.56,-26.69,-6.71
17.82,26.6,15.62,10.34,6.95,5.38,7.08,2.38,-3.46,-10.26,-11.24,-8.32,-1.14
18.1,39.25,23.56,1.73,5.94,3.26,15.96,-6.42,-9.59,-27.03,-14.25,-19.19,-2.45
17.9,29.88,19.07,12.41,12.07,9.14,10.2,-3.23,-9.1,-15.44,-8.6,-5.93,1.06
18.43,45.75,28.92,-4.36,3.16,6.86,38.38,5.62,-0.55,-31.43,-9.49,-22.5,-1.84
18.64,26.48,15.92,13.07,14.1,13.88,12.76,0.98,-8.23,-15.27,-11.96,-8.02,-2.63
18.83,55.69,30.19,-12.58,9.9,-2.78,42.92,-8.58,0.1,-34.1,-9.42,-39.05,-11.61
18.94,34.22,22.45,6.29,2.44,-3.95,6.09,-2.75,-1.93,-14.99,-7.41,-12.42,-0.91
19.04,45.96,34.63,3.86,6.1,1.97,31.75,-3.0,-10.55,-39.35,-18.84,-25.64,-4.16
19.18,26.84,17.7,13.72,10.2,6.52,7.33,3.78,1.4,-5.05,-8.57,-11.56,-10.18
17.54,21.21,8.51,2.98,-0.75,-3.15,-1.56,-3.34,-4.73,-8.46,-11.19,-13.1,-11.11
17.7,27.33,16.27,7.97,3.52,3.06,12.89,14.05,11.63,0.26,-4.97,-6.95,-1.12
18.71,47.55,27.78,-7.64,8.83,10.12,42.68,11.96,11.22,-20.73,0.23,-25.61,-6.59
18.28,28.24,16.97,10.14,7.93,6.03,9.42,3.74,-0.87,-10.28,-12.67,-13.71,-6.39
18.7,31.47,20.98,13.75,13.71,10.83,17.14,5.92,-0.05,-11.67,-15.06,-17.99,-9.76
19.01,39.31,26.09,5.25,10.4,-0.7,17.39,18.63,15.73,-23.41,-9.22,-9.14,-14.69
18.28,30.18,20.08,10.45,4.94,1.86,10.39,9.63,9.45,-2.28,-9.62,-17.64,-13.98
18.5,23.26,10.71,4.59,1.57,1.24,5.42,3.71,1.18,-5.69,-9.84,-12.61,-8.27
19.04,26.79,15.48,10.12,9.18,9.1,12.89,8.64,5.78,-1.55,-5.19,-9.51,-7.17
18.66,43.33,26.62,-2.39,8.31,6.17,43.75,23.27,28.45,-13.68,-7.25,-30.1,-6.28
17.38,45.4,29.74,-11.8,-5.28,-6.5,39.56,14.81,25.24,-20.97,-3.6,-20.35,12.4
18.67,43.17,28.4,-8.92,-2.15,-2.21,43.11,24.7,27.11,-20.0,-7.8,-26.14,4.44
17.74,30.57,17.07,3.71,3.46,5.08,18.73,12.56,8.79,-8.41,-10.01,-15.13,-3.87
18.22,38.23,21.17,-2.81,2.2,4.28,26.54,6.94,4.05,-20.06,-7.56,-17.04,2.19
18.79,40.85,23.72,-5.47,2.13,5.37,33.83,12.08,8.31,-23.22,-10.58,-26.01,-8.34
18.55,35.56,24.95,2.6,-3.3,-8.56,10.65,4.99,4.6,-19.13,-19.73,-28.53,-15.97
18.71,25.7,13.2,4.49,1.23,-0.51,3.98,-2.18,-8.82,-21.92,-26.2,-26.6,-16.46
18.31,25.67,14.61,10.91,10.52,10.28,11.68,4.62,-2.52,-10.59,-12.13,-11.03,-4.31
18.17,37.15,26.35,9.26,6.06,-1.51,9.02,-1.99,-2.37,-19.75,-16.82,-23.43,-6.49
18.42,45.8,32.99,-1.81,-2.17,-5.58,27.29,5.1,0.46,-30.91,-17.11,-28.12,-4.75
18.8,49.95,30.03,-1.66,10.48,-1.71,26.52,-0.24,12.65,-12.19,-3.32,-23.04,-1.47
17.74,28.94,16.17,6.54,4.23,2.87,8.6,2.97,-1.48,-13.62,-15.7,-17.97,-8.4
18.14,48.33,33.69,-0.25,5.76,7.39,39.74,5.37,2.58,-28.4,-8.94,-21.53,1.74
18.45,24.08,12.79,7.7,4.93,4.06,7.9,6.16,3.11,-5.04,-10.56,-13.82,-11.25
18.74,25.54,14.97,10.67,7.97,6.8,9.86,7.6,4.57,-1.57,-4.97,-5.87,-2.14
18.29,38.55,27.45,10.21,10.21,7.62,21.82,3.5,-4.98,-26.78,-17.04,-17.59,0.6
18.07,25.81,13.48,5.76,1.92,-0.58,3.15,-0.37,-3.13,-11.16,-13.84,-15.14,-9.46
18.38,41.25,27.91,4.9,5.11,0.77,21.03,1.86,-4.72,-30.3,-19.52,-24.47,-0.54
18.29,27.21,17.04,10.89,10.01,12.47,21.86,16.81,5.63,-12.07,-15.97,-11.4,1.31
18.15,29.93,17.4,4.73,5.79,10.78,25.74,16.6,12.24,2.37,12.84,16.02,21.87
17.64,39.92,24.04,-1.14,3.58,7.14,27.63,1.77,-4.69,-22.41,3.06,2.34,15.1
18.87,32.07,17.57,8.25,11.9,10.58,16.06,4.8,2.81,-5.59,1.0,-0.85,2.93
18.66,27.81,19.21,14.57,8.92,4.29,6.48,4.55,0.6,-9.92,-16.58,-17.39,-8.18
18.42,51.01,27.73,-9.77,8.47,10.59,40.39,-8.03,-6.07,-30.03,6.14,-12.6,6.6
18.65,35.27,23.14,10.06,10.4,9.14,16.96,5.28,3.48,-6.51,2.01,-0.14,6.57
18.01,24.96,14.51,12.39,15.09,16.58,18.06,9.28,2.82,-7.21,-13.17,-19.14,-15.5
18.58,24.1,13.6,10.22,7.18,3.63,2.32,-0.97,-1.92,-4.16,-5.97,-8.57,-7.87
18.72,24.11,14.02,12.03,10.59,9.08,8.47,4.56,1.39,-0.66,-0.46,0.75,1.97
18.74,36.75,26.33,12.84,13.03,13.44,25.07,8.46,-1.63,-16.27,-6.32,-5.62,4.3
18.62,25.34,14.37,10.55,10.29,11.36,14.81,11.05,6.89,1.09,-0.47,-0.04,3.54
17.49,24.83,14.12,10.76,9.59,8.61,8.94,4.13,2.1,-0.72,-1.25,-2.02,-0.53
18.4,26.81,16.07,12.48,11.64,11.72,12.75,6.51,-0.44,-8.32,-11.3,-12.47,-9.27
18.62,32.87,23.3,14.02,13.99,15.27,24.15,13.19,2.64,-9.32,-5.04,-6.21,0.16
18.18,29.09,18.79,12.88,11.56,11.09,14.46,7.61,3.48,-2.21,-1.99,-3.91,-3.6
18.84,27.85,17.1,12.8,14.59,13.6,14.64,4.94,-0.59,-7.41,-6.39,-8.31,-5.77
18.02,22.83,13.02,10.62,8.01,4.07,2.03,-2.85,-5.41,-7.85,-8.08,-8.17,-6.62
18.26,25.47,14.76,10.73,9.57,8.91,10.61,5.65,2.03,-1.56,-0.87,-0.08,2.54
18.15,29.77,20.8,15.04,12.73,8.77,11.44,5.54,2.69,-6.44,-7.68,-10.99,-2.42
17.97,36.47,25.28,11.37,10.42,10.68,19.81,6.89,0.46,-12.73,-3.69,-6.92,-0.51
18.82,24.35,13.1,10.05,9.39,9.94,11.22,7.32,4.14,1.79,1.66,1.59,1.92
19.23,24.52,14.41,12.28,11.83,10.64,10.12,4.33,0.22,-3.63,-4.62,-5.41,-3.96
19.04,26.72,17.66,15.42,13.85,11.09,10.03,4.91,1.97,-0.53,0.02,0.13,1.64
18.92,34.49,25.33,17.0,17.11,14.34,18.48,6.61,2.02,-7.3,-3.43,-6.72,-1.22
18.63,24.62,14.94,13.38,11.78,9.68,8.63,4.38,1.25,-1.31,-1.76,-0.73,1.36
18.17,23.91,13.63,11.45,10.58,8.08,6.22,0.2,-2.81,-3.87,-2.71,-2.95,-2.68
18.86,24.5,14.82,12.68,10.15,7.58,7.2,4.45,2.34,-0.64,-3.58,-5.35,-3.63
18.99,36.02,22.74,7.06,11.64,13.3,29.72,15.7,14.17,-0.19,3.93,-9.48,-4.42
18.48,52.86,29.98,-10.18,11.15,9.82,53.41,1.42,6.67,-3.47,25.15,0.74,14.55
18.7,27.17,16.95,13.13,14.74,15.83,18.52,9.76,2.64,-4.09,-1.99,-2.68,-2.66
18.42,23.44,12.78,9.98,7.74,6.04,5.83,2.33,-0.37,-1.83,-0.82,1.4,3.54
18.92,28.04,18.23,14.72,14.84,13.29,13.26,4.36,-1.33,-6.64,-4.8,-4.46,-1.27
18.3,34.14,22.08,12.5,17.38,17.64,19.74,0.09,-6.62,-12.87,1.4,2.71,7.27
18.9,35.36,25.06,15.48,17.79,17.04,24.07,11.6,5.63,-6.17,-0.24,-4.1,1.19
19.27,24.17,13.88,11.85,10.03,8.56,7.67,3.9,0.2,-2.9,-4.98,-5.46,-4.88
19.19,23.41,13.3,11.29,9.31,6.69,5.66,2.25,0.49,-0.98,-1.72,-2.35,-1.39
19.29,25.37,16.8,15.88,14.01,10.69,8.68,3.79,0.4,-2.71,-4.42,-5.39,-4.18
19.02,45.52,30.26,13.5,24.53,6.91,23.79,-1.79,4.28,-8.07,7.79,-1.24,12.66
19.3,26.42,17.86,16.0,14.19,11.24,10.36,5.76,2.8,-0.06,-0.88,-1.25,-0.76
18.92,23.8,13.66,10.95,8.4,6.28,6.25,2.23,-2.36,-6.85,-8.03,-6.56,-3.54
18.85,23.65,13.57,11.26,9.29,7.72,7.68,3.66,-0.17,-3.77,-4.75,-4.04,-2.67
19.15,24.62,14.83,12.9,12.05,10.77,10.41,5.04,0.89,-2.67,-3.6,-4.08,-3.85
18.88,31.38,21.49,17.28,16.49,15.94,17.11,8.34,2.58,-3.31,-0.11,1.52,4.51
19.3,31.56,21.11,12.8,10.08,3.88,19.13,16.88,5.73,-8.12,0.26,-6.98,-13.68
19.26,23.15,12.21,9.88,7.31,2.94,1.7,0.9,3.72,3.04,-1.48,-8.22,-11.58
18.98,23.31,13.08,11.2,10.32,8.77,7.92,3.64,1.57,-0.43,-2.11,-4.44,-5.74
18.99,25.88,15.39,12.62,12.51,12.06,11.49,4.54,-0.85,-5.0,-5.29,-6.02,-4.22
19.11,37.5,23.64,8.3,13.91,13.47,26.08,8.66,5.09,-8.57,0.97,-4.71,6.07
19.1,28.44,19.33,15.59,14.83,13.86,15.46,9.44,3.68,-3.76,-4.94,-5.02,-2.12
18.64,25.42,15.39,12.12,10.05,8.28,9.2,6.14,3.37,-1.06,-3.04,-4.55,-3.93
18.82,23.89,14.2,12.03,9.37,5.61,3.08,-1.47,-3.13,-4.35,-4.98,-6.26,-6.34
19.29,25.81,16.64,14.26,11.42,7.84,6.49,2.42,-0.09,-2.97,-4.09,-4.99,-3.66
18.72,27.39,17.71,14.33,12.77,11.2,12.99,8.55,4.34,-2.33,-5.59,-8.32,-5.69
17.66,37.96,26.75,6.92,0.81,-4.11,15.93,13.41,18.47,2.02,5.49,-6.06,3.09
18.46,32.31,19.94,7.79,4.67,4.46,15.67,15.17,17.5,5.58,-0.83,-12.84,-11.69
18.58,30.45,19.05,7.5,0.63,-4.09,3.79,3.86,7.83,0.93,-1.41,-10.45,-9.59
18.86,23.68,11.28,6.97,5.28,6.01,8.86,6.92,2.69,-3.6,-8.04,-9.29,-5.75
18.87,30.71,19.6,7.99,0.94,-4.36,4.13,5.29,10.43,3.49,-0.22,-10.0,-7.99
18.88,43.41,32.45,1.2,-1.02,-6.81,32.0,22.75,33.02,0.62,4.98,-26.68,-14.72
18.68,35.92,23.16,6.92,5.24,1.65,14.78,7.12,11.67,1.83,5.62,-7.0,-5.51
18.54,25.04,12.73,8.49,6.25,6.66,8.04,5.82,2.1,-1.43,-4.23,-4.75,-3.21
18.74,24.02,13.74,10.56,7.93,5.62,6.18,3.6,0.92,-4.88,-10.31,-14.5,-13.13
19.24,23.99,13.03,10.13,7.9,6.44,6.42,3.53,1.1,-2.03,-4.62,-6.15,-5.09
18.94,27.03,15.12,6.58,1.89,-0.23,6.02,5.33,5.29,-2.09,-6.25,-12.35,-11.01
19.39,26.79,14.32,8.91,7.22,8.55,12.73,10.82,7.78,1.83,-3.06,-8.05,-8.89
19.19,40.47,26.11,8.69,16.61,13.75,31.96,15.99,12.51,-7.0,-2.14,-13.93,-3.84
18.51,32.38,20.42,7.66,6.21,6.06,17.39,12.95,11.29,-1.97,-4.02,-11.46,-9.16
18.45,27.07,16.43,10.8,7.12,4.87,8.38,7.02,5.86,-0.3,-4.4,-7.96,-5.73
18.99,24.18,13.33,9.95,8.08,6.83,7.99,5.1,2.61,-2.37,-6.27,-9.37,-7.7
18.87,24.9,14.64,10.82,7.22,4.66,5.97,4.28,2.05,-2.74,-6.09,-7.09,-3.8
18.56,32.42,19.96,7.81,6.05,6.27,17.37,10.77,6.46,-6.69,-6.72,-11.51,-3.34
19.31,39.75,24.97,7.13,9.41,4.1,21.39,6.49,7.7,-8.26,-2.56,-6.86,-0.4
19.09,26.63,15.55,11.78,14.55,11.09,8.14,5.08,1.93,-6.77,-2.13,1.78,0.67
18.41,30.09,20.37,14.39,12.85,10.65,12.97,6.38,1.17,-7.78,-6.57,-6.58,0.24
18.39,26.61,16.1,13.17,11.03,9.25,6.76,0.52,-4.28,-5.77,-4.88,-3.15,-1.77
18.93,25.12,15.07,12.36,10.9,7.84,5.66,-0.54,-3.15,-5.1,-4.6,-5.38,-4.47
18.57,26.35,15.05,9.69,7.83,9.78,16.65,14.66,6.42,-7.57,-14.96,-14.5,-6.0
16.69,28.28,14.9,3.24,0.59,0.95,11.54,7.69,4.92,-6.88,-7.46,-9.32,-2.15
18.29,28.1,18.48,13.43,8.73,5.05,6.53,3.78,1.75,-2.64,-4.61,-6.64,-4.32
18.84,42.66,28.12,5.37,10.41,9.37,26.47,3.37,0.39,-19.04,-4.14,-8.42,6.9
18.34,56.4,40.13,-5.29,4.06,-1.44,45.86,-4.89,-5.43,-23.74,1.28,-22.08,5.48
17.07,26.58,14.5,7.65,5.59,4.53,7.9,2.76,-0.45,-6.35,-5.27,-4.39,1.81
18.74,44.43,31.25,5.48,10.53,9.72,32.73,11.09,8.24,-16.64,-5.65,-15.92,3.74
17.97,23.6,12.83,8.68,3.97,-0.07,-0.43,-2.6,-3.89,-6.62,-8.37,-8.75,-6.01
17.11,23.44,13.47,9.62,7.4,4.73,6.14,2.04,-0.35,-4.5,-3.75,-2.85,1.01
18.64,29.55,18.65,9.03,4.96,3.39,11.76,7.61,3.7,-8.04,-7.81,-7.38,2.23
18.39,40.29,24.4,0.73,6.82,6.58,22.17,-0.71,-2.94,-18.66,0.09,-8.65,4.02
17.95,26.9,17.72,15.51,15.1,11.18,7.86,-1.44,-5.46,-7.11,-4.1,-4.2,-3.77
18.08,38.77,22.46,0.24,-0.43,-1.4,13.28,-1.02,-0.62,-11.91,4.42,1.75,13.8
18.6,52.98,31.39,-12.14,3.07,-0.91,30.89,-12.89,-13.88,-37.78,3.22,-17.21,5.03
18.37,30.04,20.08,14.34,12.32,10.23,12.65,4.55,1.1,-4.62,-0.34,1.54,6.48
18.51,28.13,18.7,14.97,13.32,11.21,11.11,4.32,-0.37,-5.15,-3.85,-3.07,-0.5
16.35,21.14,8.89,5.95,6.56,6.6,6.03,-1.1,-4.93,-6.83,-2.43,0.34,1.84
18.39,34.37,23.15,10.17,6.57,4.77,13.27,3.56,-0.51,-9.15,-0.32,1.64,10.04
18.83,33.92,20.61,8.07,11.69,14.64,22.94,6.34,-3.64,-17.22,-8.39,-7.94,0.47
18.15,25.13,15.33,13.4,13.11,10.97,9.43,3.69,1.01,-1.27,-1.19,-2.04,-0.45
17.78,25.75,14.41,9.74,6.56,3.82,4.04,1.52,2.54,2.54,2.88,1.43,4.37
17.6,31.89,21.01,12.36,12.61,9.02,8.49,-8.52,-14.58,-19.38,-8.15,-5.48,0.88
18.29,29.58,18.4,12.13,10.77,10.77,13.3,5.25,-1.22,-8.19,-5.51,-2.34,4.73
18.19,34.11,23.39,12.08,11.59,11.51,19.18,4.77,-2.35,-11.03,-1.05,0.41,4.51
17.99,31.78,22.26,12.6,8.73,7.15,15.53,10.21,3.32,-9.46,-6.52,-1.72,8.49
17.76,27.92,17.03,9.61,4.79,2.37,6.29,1.44,-3.25,-9.56,-5.05,0.68,7.09
17.98,28.54,17.07,10.36,7.87,5.76,6.6,-1.53,-6.28,-9.76,-3.95,0.5,4.88
17.97,28.03,16.9,10.8,9.53,7.53,8.19,-0.88,-4.69,-7.4,-0.76,3.01,7.48
17.78,52.33,27.09,-12.41,12.53,4.54,46.13,1.92,4.68,-33.71,-6.5,-26.22,4.91
18.25,48.66,31.81,-6.81,5.77,8.05,45.98,8.14,2.34,-33.87,-3.63,-11.81,12.84
17.47,45.56,21.84,-4.16,10.55,4.05,25.23,-8.8,-4.85,-26.17,-5.41,-17.67,5.32
18.22,36.91,19.66,-1.24,7.02,8.46,28.38,9.05,3.38,-18.33,-6.02,-11.49,5.3
19.03,26.2,16.03,12.25,11.64,11.72,14.1,7.71,0.86,-7.2,-8.38,-7.18,-2.74
18.79,23.62,13.04,9.7,7.22,5.57,6.38,3.22,-0.47,-5.86,-8.42,-8.33,-4.62
18.58,23.14,12.39,9.65,7.87,5.28,3.33,-2.5,-5.72,-7.25,-6.24,-5.87,-5.21
18.27,25.78,14.74,10.52,10.71,10.07,10.82,1.68,-6.22,-14.73,-15.2,-13.93,-7.74
18.28,25.28,13.95,9.35,6.39,4.63,4.99,0.52,-4.04,-8.56,-8.95,-6.09,0.95
18.56,52.56,33.01,-4.99,6.81,3.84,34.83,-6.8,0.4,-18.93,4.25,-15.13,6.93
18.87,32.52,20.15,7.26,6.43,5.19,12.05,-1.4,-9.1,-19.55,-8.97,-4.25,6.31
18.54,34.78,26.39,14.36,7.05,4.03,16.86,9.18,-0.0,-15.68,-9.92,-2.68,9.01
18.2,30.87,18.63,8.21,10.12,9.76,15.85,2.7,-2.34,-9.27,1.09,0.52,5.69
18.54,29.72,19.23,12.89,12.14,9.79,11.25,1.91,-1.77,-5.93,-1.31,0.22,5.14
18.52,30.6,18.26,10.15,12.44,15.06,20.37,5.63,-4.62,-14.16,-7.63,-5.29,3.75
18.55,57.03,32.13,-10.69,19.55,6.7,49.67,-13.85,-14.59,-30.82,-1.83,-16.87,5.27
18.51,27.53,16.47,13.11,15.89,16.04,15.85,4.12,-0.67,-2.62,4.71,7.29,10.1
17.96,50.65,29.47,-10.52,12.89,9.81,50.69,1.58,-1.53,-21.89,7.37,-5.65,14.29
17.7,28.97,18.62,14.37,15.82,14.92,14.61,0.37,-7.73,-14.98,-7.01,-1.08,6.4
18.49,30.42,20.23,13.95,14.94,15.44,20.16,9.66,0.48,-11.39,-7.52,-5.34,0.49
17.74,22.85,12.77,10.32,8.23,4.21,1.87,-2.69,-2.99,-3.09,-2.14,-4.36,-6.57
18.76,27.29,18.6,16.3,14.2,12.1,12.33,8.46,4.43,-1.94,-5.36,-6.52,-3.33
18.43,24.97,15.89,13.76,11.81,8.61,6.35,-0.78,-6.45,-11.33,-10.97,-8.65,-4.61
18.63,25.43,14.88,10.87,8.64,4.51,1.83,-7.19,-12.39,-16.13,-13.4,-10.84,-6.72
18.81,31.31,23.01,15.29,10.72,5.75,7.59,0.54,-4.46,-13.01,-11.6,-11.59,-6.55
18.55,26.56,16.87,12.95,9.85,7.83,9.28,4.59,-1.48,-9.55,-11.8,-10.63,-4.88
18.62,26.92,17.18,13.08,9.8,5.33,4.42,0.79,0.79,-0.93,-1.87,-5.32,-5.55
18.94,25.83,14.91,10.27,8.58,6.49,6.89,0.78,-3.42,-8.72,-8.84,-9.09,-5.31
19.0,26.02,16.37,12.99,9.38,6.73,7.26,4.53,1.13,-2.97,-4.95,-4.68,-2.87
18.31,22.21,10.28,5.83,3.27,1.74,3.7,1.65,0.42,-2.07,-2.9,-4.4,-4.36
18.54,24.75,13.25,8.38,5.86,5.02,6.84,3.09,-0.3,-4.14,-5.58,-6.65,-5.89
18.71,23.64,13.81,12.65,12.4,9.98,7.49,1.4,-1.63,-3.73,-5.09,-7.57,-7.59
18.54,25.39,15.42,12.69,12.12,11.01,12.21,7.98,6.01,1.73,-0.58,-4.85,-4.12
17.87,28.15,17.69,12.95,11.83,9.89,10.83,4.95,3.11,-1.28,-2.25,-5.28,-3.04
18.02,28.53,18.31,12.03,10.79,8.66,10.12,0.24,-5.24,-12.17,-9.24,-9.5,-5.56
18.86,25.91,16.39,13.63,11.42,7.74,5.84,0.58,-0.41,0.54,3.66,4.6,4.67
19.0,56.65,34.29,-8.71,18.75,10.35,51.99,-10.32,-11.06,-21.65,3.37,-25.04,-3.36
18.19,37.29,26.5,7.84,1.53,0.88,19.48,12.68,10.6,-6.08,2.78,0.86,5.59
17.91,29.06,15.99,8.56,8.77,9.81,11.44,1.14,-7.08,-15.07,-13.84,-13.56,-8.41
18.16,27.87,17.65,11.88,9.76,6.95,8.5,2.18,0.29,-4.3,-5.81,-10.49,-9.44
18.96,37.85,27.13,13.06,15.09,12.94,24.38,3.78,-1.81,-15.65,-4.78,-8.78,4.27
18.71,32.38,22.6,16.06,15.77,11.62,12.32,1.11,-1.53,-6.07,-1.85,-4.11,1.46
18.96,43.59,31.07,8.45,15.53,15.42,35.38,3.36,-5.93,-25.3,-2.57,-9.27,6.4
18.65,29.11,19.62,15.0,11.88,8.48,9.22,5.63,4.6,1.0,0.84,-1.04,0.34
17.78,27.33,14.53,8.45,9.73,6.61,0.84,-13.73,-17.5,-18.36,-12.44,-15.97,-16.72
18.64,45.87,26.9,0.43,19.73,21.8,41.59,7.83,7.05,-15.99,3.87,-22.29,-9.79
19.08,30.43,20.03,12.2,10.19,8.35,14.81,8.78,5.16,-2.99,-2.97,-5.45,-3.67
18.35,41.72,26.42,4.48,10.06,7.09,26.94,3.27,-0.05,-15.37,1.87,-7.42,-0.61
18.99,29.93,18.46,13.7,17.48,20.6,24.3,14.23,7.88,-0.37,-0.42,-4.63,-4.36
18.44,25.65,14.88,10.74,10.07,8.51,8.21,-0.48,-7.03,-12.52,-9.47,-5.98,0.44
18.69,31.57,19.59,8.7,10.39,11.55,19.62,7.01,-2.1,-15.63,-10.23,-8.53,-0.07
18.16,45.91,30.83,1.05,8.28,4.85,32.78,-8.3,-12.33,-29.33,-9.82,-21.56,-1.1
18.25,33.91,22.03,13.68,17.56,17.19,18.88,2.25,-5.6,-13.86,-7.45,-7.93,-1.63
18.45,46.11,28.65,-1.18,13.86,12.39,32.55,-6.84,-12.75,-34.34,-0.5,-6.1,13.69
18.75,34.78,22.45,11.91,16.5,17.62,22.28,2.11,-8.09,-19.59,-7.44,-4.88,1.59
18.51,27.97,18.27,14.91,14.14,10.92,9.46,0.98,-3.04,-5.94,-2.83,-0.96,3.38
18.68,34.67,21.15,7.33,12.48,14.6,23.95,4.0,-4.61,-20.31,-9.88,-12.81,-5.88
17.77,23.88,12.83,9.52,8.25,5.2,2.72,-4.51,-6.87,-6.7,-2.86,-1.29,0.4
18.47,30.03,21.14,14.64,14.56,15.31,21.7,12.12,1.69,-12.47,-12.15,-9.85,-1.47
18.61,30.26,18.83,10.17,8.22,5.8,9.42,0.27,-6.04,-16.98,-15.56,-16.26,-8.13
18.24,26.89,14.59,7.74,5.97,5.05,7.7,1.3,-3.34,-10.01,-9.75,-9.96,-4.35
17.93,49.14,32.44,-3.21,3.51,3.02,29.67,-2.01,-4.51,-30.72,4.64,-2.97,18.42
19.04,26.03,15.34,12.33,11.34,10.88,10.39,3.85,-2.76,-7.21,-6.34,-3.18,0.47
18.16,30.75,20.0,10.04,9.57,10.4,19.02,7.36,-4.27,-21.09,-14.35,-7.28,5.16
17.43,22.8,12.07,7.11,2.24,-2.7,-2.17,-4.14,-3.32,-3.74,-1.29,0.93,5.48
18.36,28.48,17.73,11.84,10.38,6.39,5.71,-4.63,-9.3,-12.97,-6.44,-2.75,2.02
18.85,28.2,17.16,11.06,7.24,1.79,-1.22,-9.93,-13.58,-16.27,-12.22,-10.25,-5.65
18.51,27.27,17.02,11.26,7.24,2.08,1.22,-6.15,-9.87,-13.34,-7.25,-0.42,9.24
18.66,28.33,17.57,11.64,6.79,1.28,-0.46,-5.84,-7.38,-9.46,-8.06,-8.19,-4.81
18.12,44.3,28.29,4.65,12.51,-0.45,11.63,-17.47,-13.63,-28.88,-1.35,-8.32,7.95
18.92,32.98,22.82,14.93,13.12,11.4,13.94,4.15,-2.35,-10.52,-4.72,-0.53,6.82
17.23,37.49,24.21,6.56,9.75,10.93,25.05,6.84,-1.45,-19.8,-6.67,-5.03,8.51
18.35,34.91,22.56,8.96,7.77,5.91,13.75,0.32,-3.3,-11.17,-2.12,-6.26,-2.05
18.37,34.11,21.41,9.88,14.15,12.49,15.76,-4.67,-10.97,-18.93,-5.94,-6.25,0.67
17.53,50.25,28.15,-7.72,11.44,0.65,30.38,-14.48,-16.37,-39.17,-5.86,-14.36,6.74
18.1,47.38,30.31,0.23,10.54,7.92,29.91,-1.17,2.12,-21.02,-0.76,-11.0,10.89
17.93,39.97,26.04,4.76,7.71,5.0,15.45,-8.2,-12.17,-24.04,-3.24,-4.57,5.72
16.15,41.17,23.31,-5.43,0.69,0.49,17.79,-8.24,-11.5,-32.79,-6.92,-11.77,12.4
17.36,42.44,26.02,-2.56,0.82,-0.51,20.85,-0.67,-2.08,-26.22,-4.2,-5.82,17.45
18.39,25.89,14.96,9.5,6.56,3.11,2.8,-3.65,-6.96,-12.34,-13.75,-15.08,-10.02
18.67,48.34,32.54,-0.96,1.33,-3.42,31.57,10.51,14.57,-18.55,-1.69,-12.09,15.96
17.88,45.78,23.9,-6.22,7.67,-1.79,21.36,-9.06,-5.34,-34.06,-14.8,-27.06,-2.15
18.43,40.68,27.3,5.23,9.13,9.63,25.19,-0.9,-9.3,-29.62,-8.81,-8.89,6.02
17.96,41.25,26.02,0.96,12.52,17.68,43.61,11.7,0.46,-28.66,-6.37,-12.86,5.35
17.39,51.91,38.38,-7.97,6.05,12.2,45.25,-9.93,-20.83,-30.24,13.42,-5.56,15.72
17.79,26.23,14.2,7.57,8.24,6.48,6.87,-6.4,-12.27,-16.02,-5.41,0.16,4.01
18.35,28.44,19.05,10.01,7.17,6.54,15.03,5.66,-5.49,-20.12,-13.61,-4.28,9.08
18.15,44.51,32.94,0.03,-0.69,5.06,39.14,13.86,3.51,-26.19,-0.63,-4.12,11.3
18.36,40.21,24.56,1.66,7.58,7.06,23.15,-4.53,-9.68,-28.21,-3.03,-0.84,17.77
17.22,26.51,13.02,4.98,7.49,8.71,12.83,0.43,-6.8,-14.97,-9.41,-7.61,-2.82
16.93,43.35,24.3,-4.71,0.4,-0.47,20.43,-6.73,-5.3,-23.31,-0.47,-7.16,10.87
16.18,31.31,16.42,2.29,4.79,2.83,9.21,-5.91,-9.72,-18.82,-5.44,-1.48,10.35
17.04,51.63,30.59,-12.57,-0.61,3.29,37.09,-9.18,-3.94,-25.61,10.39,-5.32,11.03
17.84,27.14,14.87,7.23,6.11,6.64,11.91,5.33,0.31,-7.09,-4.98,-2.65,3.72
18.33,41.87,27.47,4.61,4.87,4.76,24.18,7.52,1.77,-18.73,-5.48,-8.47,4.08
18.22,37.36,23.64,5.97,6.78,7.66,21.31,8.42,4.92,-12.35,-5.57,-12.28,-1.49
17.42,33.19,19.67,6.45,7.87,7.1,10.62,-5.63,-9.08,-12.79,4.2,6.76,9.97
17.25,36.68,21.6,4.95,10.4,13.15,21.95,-0.36,-3.77,-15.18,0.31,-2.13,8.05
17.08,41.83,25.65,-2.31,2.49,5.77,32.19,9.42,6.19,-18.2,4.89,3.04,25.31
17.47,30.23,18.65,9.59,8.0,5.9,9.03,-1.37,-6.85,-14.54,-8.35,-3.42,7.07
17.49,22.11,8.29,3.85,4.63,5.22,3.75,-7.31,-14.5,-16.08,-7.69,-0.18,5.26
18.5,24.61,11.86,5.86,5.84,5.68,7.73,0.61,-2.73,-5.89,-0.9,2.59,7.96
18.19,25.41,14.17,9.66,9.44,10.56,13.65,6.11,-3.02,-13.49,-14.51,-11.7,-4.88
16.98,45.43,25.36,-13.35,3.14,8.91,43.31,5.47,3.82,-27.09,1.12,-11.19,11.95
17.33,39.67,22.66,-4.76,3.83,6.38,30.14,1.54,-3.26,-26.9,-4.59,-4.77,21.26
17.51,34.95,21.13,3.97,5.7,6.26,20.63,5.4,-1.15,-18.6,-6.84,-2.88,15.02
18.09,40.71,26.24,5.52,5.92,3.68,18.06,-0.16,-3.25,-17.64,-1.55,-1.25,15.9
17.77,39.33,23.23,1.61,8.11,6.5,20.0,-4.01,-6.57,-21.43,-1.08,-2.28,10.17
18.19,56.35,35.07,-13.7,0.12,1.62,52.98,-0.48,4.36,-19.7,13.8,-11.17,13.8
18.24,24.45,13.76,9.94,7.01,3.38,2.07,-2.68,-4.16,-5.4,-4.81,-4.1,-0.68
18.74,36.35,23.18,6.65,6.08,4.9,16.43,2.27,-5.01,-23.14,-14.71,-12.8,3.34
18.42,24.69,14.04,10.63,9.76,8.13,7.77,0.7,-4.07,-6.5,-1.61,3.59,8.22
17.91,39.69,21.5,2.4,6.24,5.35,16.13,-1.53,0.29,-9.44,2.79,-6.96,2.38
17.31,34.98,19.56,-1.37,-2.15,-0.26,14.76,1.53,-0.61,-11.39,4.92,3.64,10.92
17.48,29.58,15.21,3.48,3.56,3.08,9.23,-2.73,-6.26,-14.06,-4.83,-4.64,3.55
18.42,56.2,23.18,-22.09,14.4,4.2,47.11,-10.59,4.91,-18.02,22.02,-7.12,9.95
17.88,37.59,19.98,-1.12,5.37,6.64,21.34,-1.16,-5.5,-22.22,-6.38,-11.1,0.86
17.64,33.6,17.02,-4.43,-1.83,0.48,20.4,7.12,3.74,-13.85,0.32,-0.27,16.2
17.61,34.94,19.75,-2.01,2.19,7.37,29.01,9.54,0.61,-20.59,-2.27,0.83,15.68
17.61,32.48,18.25,2.09,4.65,6.8,17.52,-1.52,-11.27,-25.23,-7.52,-3.08,9.02
17.74,30.97,17.58,1.72,0.61,3.09,16.47,5.13,-3.77,-20.47,-14.08,-12.51,-2.08
18.36,28.44,15.51,6.64,6.7,5.92,9.26,-1.19,-5.94,-12.01,-5.03,-2.28,3.92
18.79,34.78,20.86,7.75,6.59,5.73,12.76,1.2,-4.76,-16.25,-8.52,-6.92,2.83
18.15,45.64,24.55,-4.52,8.34,6.27,28.56,-2.19,3.15,-16.03,5.17,-5.84,6.13
18.16,39.11,26.58,1.35,2.74,3.12,24.43,0.5,-7.74,-28.45,-4.77,-3.06,10.59
17.85,27.26,15.37,7.32,3.9,2.69,7.9,4.29,2.85,-1.1,2.72,4.0,6.76
18.51,41.42,24.0,-1.37,6.33,8.8,28.66,4.55,4.33,-14.96,2.42,-9.11,3.34
17.41,34.78,19.27,-0.53,4.75,6.58,19.68,-4.79,-10.53,-21.44,2.97,6.07,18.5
17.89,40.58,23.23,-3.61,-2.13,-6.11,8.67,-11.84,-9.62,-22.48,-1.42,-6.84,5.31
17.51,33.35,19.25,5.83,5.99,3.52,11.73,2.78,3.77,-5.89,-2.55,-9.87,-5.61
17.95,39.16,25.2,6.34,5.79,2.02,13.15,-1.95,-0.46,-11.49,1.61,-4.24,3.09
16.37,40.35,24.8,-5.15,-2.78,-2.63,20.69,-6.02,-9.9,-23.25,5.25,6.18,19.81
17.02,33.91,21.35,7.39,3.38,-2.01,3.49,-6.74,-5.89,-9.2,2.8,2.19,6.3
18.03,47.37,31.68,-1.01,2.7,1.35,25.11,-6.02,-7.55,-25.42,3.39,-6.35,5.56
18.61,34.71,21.35,10.06,9.12,8.79,14.69,5.29,2.14,-5.96,-2.89,-7.03,-2.39
17.75,35.17,21.9,7.11,7.11,3.98,12.94,2.54,5.53,1.57,12.33,4.95,4.02
17.62,36.69,23.52,1.86,-0.76,-2.82,18.52,12.71,13.56,-5.23,0.13,-7.45,2.56
17.77,30.2,18.12,7.76,3.77,-1.44,0.85,-5.65,-4.2,-6.59,-0.68,-1.93,1.99
17.82,29.36,16.19,1.81,-2.67,-3.26,12.77,14.54,18.18,5.45,1.19,-10.14,-6.88
18.49,33.46,21.44,5.27,1.27,0.66,17.09,13.01,10.59,-8.65,-9.98,-14.31,-2.74
18.66,41.9,23.38,-3.09,1.86,1.17,26.11,6.64,5.14,-21.44,-8.96,-16.93,5.62
