19.65,11.19,2.34,-6.45,-24.21,-9.88,-4.5,3.24,-5.83,-4.52,2.39,19.6,30.34
19.4,51.25,17.13,-34.0,-3.41,-17.87,33.23,-7.48,15.56,-23.22,12.11,-8.14,29.02
19.69,46.29,22.43,-29.64,-16.31,-5.18,35.36,-11.21,-6.58,-35.21,7.24,-14.56,12.69
19.53,22.02,3.31,-10.53,-10.55,-10.68,-4.18,-14.29,-13.79,-16.71,-2.92,0.54,9.86
19.69,34.04,13.98,-15.77,-14.97,-16.44,3.88,-16.72,-14.94,-27.82,0.28,2.26,19.09
19.88,28.71,7.92,-15.55,-18.84,-19.3,-1.16,-6.61,-2.03,-11.99,1.96,2.51,18.14
19.8,35.06,18.54,-17.13,-23.44,-26.87,8.77,-1.2,5.11,-21.09,-2.58,-13.74,6.69
19.25,33.57,12.81,-16.5,-16.43,-16.15,8.36,-4.22,0.87,-16.07,1.49,-3.86,15.45
19.17,32.14,10.18,-20.53,-19.33,-21.58,3.46,-7.06,3.74,-11.17,5.99,-2.15,14.44
20.2,28.98,9.12,-17.45,-21.78,-23.71,-2.22,-9.83,-6.49,-22.73,-9.72,-11.53,5.15
19.98,31.17,9.83,-20.07,-17.14,-17.25,6.14,-11.84,-9.48,-28.29,-4.55,-2.39,21.01
20.11,46.98,14.44,-30.65,-7.83,-11.85,25.84,-18.33,-4.2,-38.87,0.98,-17.07,23.11
19.8,28.11,9.02,-14.98,-15.26,-13.43,10.17,2.8,3.56,-15.49,-3.74,-2.69,16.27
19.81,32.99,13.55,-13.26,-16.34,-17.04,5.48,-3.06,2.01,-9.54,11.11,11.44,25.42
19.01,41.7,16.45,-17.56,-8.34,-19.25,5.82,-12.86,4.7,-12.56,7.31,-7.66,11.2
19.44,47.91,20.47,-26.93,-15.14,-17.71,23.6,-9.26,5.5,-20.11,20.95,4.51,32.01
19.03,28.24,12.07,-7.06,-12.79,-13.5,3.36,2.6,6.88,-2.09,5.97,5.04,13.81
19.99,34.74,15.26,-17.76,-20.8,-23.15,7.06,-2.51,5.84,-15.67,2.12,-4.76,16.73
19.61,27.97,11.95,-4.84,-9.8,-13.85,-3.41,-7.29,-1.79,-4.58,6.95,7.02,12.44
19.7,33.42,17.32,-10.34,-13.7,-17.63,3.24,-10.08,-6.22,-21.05,-0.91,-1.11,18.04
19.25,34.73,15.2,-16.01,-16.24,-16.58,12.79,2.97,10.83,-9.78,5.71,-1.95,17.28
19.71,28.79,11.49,-11.34,-18.13,-22.08,-2.66,-3.09,7.98,0.49,12.81,10.17,23.75
20.2,21.58,4.92,-9.31,-15.34,-20.77,-13.85,-13.92,-4.3,-1.4,7.66,5.81,7.52
19.97,32.91,12.75,-14.04,-15.97,-18.43,1.73,-9.58,-3.08,-14.37,8.05,8.35,23.63
19.16,32.96,9.87,-19.51,-14.96,-16.07,7.66,-5.07,4.78,-9.51,5.28,-6.33,7.19
19.87,35.96,13.27,-26.97,-21.5,-18.41,22.12,2.38,8.64,-24.0,-3.2,-17.34,9.56
20.46,41.74,15.29,-37.61,-33.98,-35.37,8.43,-19.9,-7.24,-34.76,2.74,-16.0,7.78
20.48,33.3,8.46,-20.75,-15.81,-15.77,6.76,-9.93,-3.34,-19.9,2.24,-1.79,18.13
20.42,29.79,7.45,-22.12,-19.88,-19.84,2.54,-11.16,-3.0,-15.8,5.04,3.22,24.1
20.22,40.95,16.73,-24.48,-15.64,-20.43,17.89,-3.69,9.11,-24.98,-2.1,-15.68,16.11
19.57,48.46,15.73,-30.56,-0.07,-15.7,37.41,-2.38,11.48,-33.9,-5.88,-25.34,14.6
18.94,25.17,5.47,-12.03,-11.2,-6.96,8.93,1.1,-2.97,-18.37,-11.24,-10.03,4.26
19.16,45.88,24.38,-18.91,-12.23,-14.6,25.48,-3.09,7.74,-19.63,6.5,-5.64,22.83
19.47,26.55,8.91,-8.98,-12.06,-13.59,-1.01,-7.19,-3.05,-7.17,7.93,10.94,21.8
19.33,29.37,10.82,-8.48,-8.04,-9.16,8.78,-2.21,1.46,-2.47,12.11,13.32,19.31
19.33,35.72,16.28,-12.6,-12.65,-13.78,8.75,-8.02,-3.39,-15.82,12.17,12.61,27.09
18.97,41.31,18.6,-16.39,-9.94,-16.52,10.51,-10.08,3.06,-16.55,7.03,1.15,22.55
19.35,50.02,16.52,-29.97,-4.29,-17.16,21.1,-22.0,-4.06,-27.89,9.23,-10.71,12.43
19.77,39.32,15.35,-23.64,-18.94,-19.84,6.34,-20.72,-12.54,-27.45,4.41,-5.81,11.12
20.18,35.63,10.82,-23.01,-21.87,-28.04,-7.37,-26.25,-12.73,-22.62,2.27,-10.08,3.23
20.16,30.13,9.22,-18.94,-22.21,-25.4,-6.04,-16.07,-8.17,-17.86,-0.35,-4.26,7.4
19.6,36.16,19.02,-10.89,-16.48,-20.35,2.16,-9.32,-4.3,-17.24,1.95,-4.32,6.79
19.95,33.81,12.6,-19.6,-18.41,-20.12,2.91,-14.89,-5.5,-15.46,11.79,5.54,19.66
19.5,51.81,15.95,-33.42,-16.11,-20.88,15.9,-26.06,-0.06,-25.86,16.86,-13.35,17.79
19.87,33.6,11.92,-19.32,-20.54,-26.99,-7.05,-21.15,-10.44,-21.66,-0.2,-5.17,9.04
19.97,36.55,16.97,-16.96,-16.0,-14.52,14.12,-7.73,-8.93,-29.68,-0.31,0.22,19.6
19.41,28.05,8.86,-10.63,-7.59,-4.99,7.81,-6.22,-4.36,-8.82,7.12,2.25,6.02
19.77,41.48,14.23,-20.72,-7.43,-7.47,14.45,-18.9,-6.58,-20.25,17.94,5.55,25.35
19.07,31.12,10.5,-13.46,-9.58,-8.32,9.1,-5.74,-1.99,-11.35,7.16,3.39,12.85
18.65,37.6,12.36,-17.57,-7.52,-3.9,17.76,-7.36,-0.94,-17.57,6.1,-6.87,9.03
19.57,45.27,17.3,-27.03,-10.04,-13.16,23.44,-9.47,1.92,-27.09,5.44,-9.37,19.2
19.51,23.96,5.53,-6.26,-4.54,-0.37,6.83,-4.43,-11.91,-19.72,-10.32,-5.29,3.47
19.49,51.53,26.44,-23.52,-11.79,-14.5,23.48,-12.97,3.58,-22.0,15.7,-2.11,26.16
18.61,48.4,24.94,-25.0,-8.41,-9.61,24.52,-12.53,-0.78,-14.21,26.47,5.83,18.37
18.55,42.09,14.92,-26.73,-12.94,-11.92,17.06,-16.83,-4.64,-18.46,18.78,1.05,13.58
18.8,49.04,25.68,-39.43,-27.8,-17.68,30.9,-21.85,-14.18,-23.51,29.35,-1.97,15.93
18.68,50.31,15.63,-31.48,0.67,-9.99,25.29,-23.49,-1.87,-28.03,9.99,-11.05,16.77
19.22,46.19,26.77,-26.11,-15.22,-8.06,35.58,-7.95,-7.16,-34.83,7.17,-6.25,21.31
18.63,37.41,14.05,-16.11,-3.75,-2.9,21.01,-5.09,-3.16,-22.27,3.9,-2.8,14.21
18.86,26.17,4.29,-15.94,-12.12,-7.65,8.53,-5.93,-8.61,-22.6,-8.87,-9.28,5.38
19.68,49.52,24.59,-37.15,-29.12,-19.75,31.91,-12.86,-1.32,-27.3,18.21,-12.82,12.61
19.48,30.44,9.36,-17.22,-15.58,-10.41,13.42,1.06,1.44,-14.12,0.83,-4.69,7.26
19.4,46.13,25.46,-22.35,-20.43,-19.23,21.49,-7.57,2.72,-18.46,21.46,5.69,26.05
19.19,41.74,19.11,-20.51,-9.52,-9.08,25.23,-2.17,5.33,-21.88,6.56,-2.02,26.06
19.31,29.36,9.66,-13.53,-11.08,-9.6,8.99,-3.24,0.62,-8.79,10.16,8.53,18.53
19.01,34.74,14.01,-22.15,-19.13,-14.93,17.31,-1.13,1.13,-18.5,6.84,2.39,20.22
19.38,35.5,13.44,-16.18,-11.16,-10.94,13.48,-1.21,6.38,-9.18,8.52,-2.74,8.51
19.3,42.05,19.0,-24.67,-18.29,-17.41,23.68,-0.23,9.53,-17.65,13.43,0.76,25.33
19.74,51.82,21.85,-35.35,-14.62,-12.67,32.93,-15.8,-0.2,-26.05,25.36,0.29,27.66
19.34,33.35,7.86,-22.85,-15.2,-11.35,10.93,-10.03,-1.74,-12.25,14.99,6.44,21.38
19.48,30.73,11.9,-12.46,-11.73,-8.16,11.02,-3.64,-4.81,-17.54,-0.63,-3.83,5.94
19.53,32.42,10.38,-17.26,-13.27,-12.29,8.74,-12.83,-10.0,-23.18,4.71,4.77,24.68
19.08,23.82,1.85,-21.11,-21.36,-21.59,-6.6,-17.39,-15.02,-23.36,-7.81,-6.96,4.99
19.39,43.87,12.21,-25.18,-5.78,-19.17,12.5,-15.74,4.67,-14.27,14.75,-2.12,15.99
19.91,44.13,14.52,-34.15,-19.7,-22.81,13.38,-22.83,-9.17,-33.96,5.2,-9.5,16.12
19.63,28.45,10.2,-13.83,-18.0,-18.47,-0.33,-9.27,-9.04,-20.57,-5.59,-5.68,4.31
18.9,47.37,19.53,-30.41,-15.39,-14.04,24.99,-14.04,-1.08,-26.33,13.0,-7.44,15.51
19.1,32.26,4.48,-24.68,-14.61,-17.38,3.37,-16.67,-8.01,-21.94,-1.11,-9.09,6.56
19.87,58.52,12.57,-53.66,-10.81,-35.81,32.46,-28.36,5.54,-26.95,16.55,-12.52,22.26
19.88,34.59,11.03,-20.0,-15.92,-16.67,7.82,-6.79,4.27,-9.9,11.24,0.83,14.02
19.49,34.01,6.83,-27.15,-9.8,-6.94,22.68,-3.53,4.31,-17.69,8.89,0.41,23.35
19.19,53.61,14.43,-40.96,2.52,-4.12,43.58,-18.56,4.73,-27.66,22.57,-1.8,29.11
18.79,34.87,12.0,-17.34,-1.53,0.6,22.28,-9.08,-4.15,-18.37,15.62,12.43,29.4
19.06,31.12,10.61,-11.85,-9.67,-8.63,7.6,-8.16,-8.54,-20.27,1.44,3.96,18.75
20.07,29.65,9.8,-11.33,-7.86,-9.95,8.44,-8.19,-9.96,-18.77,4.12,8.37,20.52
19.02,33.44,10.16,-19.04,-13.38,-10.41,14.59,-3.24,0.09,-17.99,5.37,2.42,21.32
19.44,32.03,13.07,-10.32,-8.57,-7.68,10.3,-3.04,-0.48,-11.92,3.83,1.64,16.23
19.37,28.94,9.51,-8.89,-9.23,-8.11,3.89,-6.84,-6.99,-13.49,3.2,6.54,16.37
18.75,39.39,14.74,-24.19,-17.89,-20.72,7.58,-18.69,-7.89,-26.45,2.18,-8.89,8.61
18.98,31.78,5.54,-23.81,-17.34,-13.89,9.59,-6.8,1.99,-12.48,6.78,-4.82,9.96
19.56,62.65,20.3,-52.27,-14.3,-23.0,41.49,-37.98,-5.62,-29.17,24.81,-15.66,19.12
19.76,40.05,11.91,-28.39,-13.2,-10.33,21.43,-11.48,-1.54,-21.87,14.54,-1.59,17.58
19.17,36.65,8.1,-30.76,-15.03,-12.85,22.54,-0.5,12.89,-9.19,15.18,-2.7,14.1
20.22,45.55,9.33,-43.19,-16.72,-27.72,18.16,-17.95,3.62,-27.11,11.8,-10.05,15.35
19.64,15.46,-8.77,-28.85,-21.56,-15.18,1.05,-12.92,-13.04,-22.27,-7.38,-9.5,-0.63
20.09,33.34,7.66,-29.29,-21.04,-17.24,17.84,-1.55,4.97,-19.86,5.03,-4.35,16.77
19.84,42.11,16.14,-30.69,-17.87,-9.78,30.91,-2.7,5.43,-16.87,22.22,1.29,16.22
19.73,23.74,1.93,-15.51,-6.32,0.11,12.15,-8.68,-10.28,-15.81,8.05,9.73,20.15
19.11,30.48,5.63,-22.27,-7.88,-3.54,15.16,-12.14,-6.3,-13.26,16.96,9.53,19.33
18.5,55.07,19.49,-44.43,-4.78,-0.88,44.71,-23.92,-2.59,-27.16,20.51,-18.03,9.91
18.38,30.26,11.42,-13.89,-14.71,-13.62,10.26,0.74,0.68,-18.6,-4.11,-2.62,14.86
19.44,30.03,8.17,-14.34,-10.77,-6.18,10.37,-4.85,-4.53,-14.27,2.53,-2.14,7.27
19.55,52.73,15.43,-45.14,-12.49,-12.91,32.66,-23.51,0.85,-29.11,18.12,-11.62,20.65
19.04,41.63,13.04,-32.03,-5.74,-3.7,28.68,-21.47,-11.66,-31.91,21.35,9.61,33.26
19.4,29.2,8.35,-17.92,-10.47,-6.26,13.24,-9.89,-7.58,-15.23,15.11,12.54,20.5
19.27,31.58,9.67,-20.62,-14.22,-9.91,14.77,-7.13,-4.54,-16.73,15.31,14.93,29.53
19.28,55.82,17.18,-38.91,-0.92,-17.32,31.46,-32.52,-8.11,-33.98,19.02,-1.04,29.56
20.07,34.31,8.55,-23.14,-14.61,-10.0,13.89,-10.42,-5.12,-19.01,9.54,-0.1,14.85
20.36,18.78,-4.41,-25.8,-25.7,-25.9,-15.55,-28.83,-27.28,-29.94,-9.91,-5.71,4.73
20.28,49.17,13.15,-40.52,-8.23,-13.48,28.08,-26.31,-7.01,-31.04,21.12,-1.29,26.96
19.51,42.74,8.0,-50.89,-20.86,-6.55,32.55,-30.4,-13.48,-33.89,17.83,-15.55,14.12
19.8,41.55,5.2,-36.95,-10.47,-14.06,19.41,-20.92,-1.8,-23.41,19.0,-0.14,25.34
19.53,42.41,14.15,-34.26,-13.83,-2.06,31.99,-13.23,-1.09,-17.4,24.19,-2.68,13.97
19.78,52.04,12.43,-45.58,-4.11,-10.65,31.04,-31.13,-2.78,-23.0,30.95,-0.54,22.47
19.43,30.82,6.52,-21.41,-3.43,-0.1,16.23,-18.04,-10.12,-16.3,19.53,13.06,25.45
19.93,46.08,8.84,-38.02,-3.97,-3.93,29.88,-26.43,-6.26,-29.15,27.07,5.89,38.39
18.86,33.51,9.01,-22.24,-8.1,-4.42,19.25,-9.13,-1.28,-9.73,26.21,18.63,27.24
19.42,29.74,3.43,-21.6,-8.5,-4.29,12.84,-12.72,-8.9,-20.3,6.81,3.87,22.93
19.72,33.32,11.65,-20.99,-13.74,-6.42,18.04,-10.65,-8.76,-16.57,19.3,10.54,17.48
18.96,46.82,8.77,-32.56,-3.72,-5.44,28.88,-16.31,6.47,-19.51,25.29,-1.29,31.82
18.94,41.99,13.57,-30.5,-10.19,-4.84,23.73,-16.96,-4.03,-21.77,17.67,0.18,22.3
19.47,50.88,20.71,-40.53,-15.02,-7.06,36.88,-27.78,-14.71,-36.08,19.79,-8.16,23.75
18.86,32.99,12.62,-17.82,-16.86,-13.71,11.96,-4.57,-2.05,-15.36,9.6,5.52,17.09
19.67,29.42,8.54,-13.86,-13.31,-12.23,5.63,-4.29,-0.79,-13.91,-3.06,-10.53,3.96
19.93,28.28,9.0,-15.71,-17.8,-17.1,2.46,-9.26,-9.94,-21.81,-1.29,3.56,18.88
19.48,24.72,3.84,-12.19,-8.28,-4.48,5.15,-10.26,-13.89,-21.63,-4.21,1.2,13.9
19.98,35.11,7.24,-31.43,-16.05,-12.13,16.62,-14.0,-2.43,-18.5,12.52,-4.86,10.72
19.85,30.51,-0.06,-28.76,-11.47,-4.72,18.98,-7.68,4.18,-11.23,16.77,-0.09,15.72
19.81,48.11,6.01,-43.86,-3.84,-23.97,31.9,-15.77,10.75,-20.5,14.89,0.15,26.38
20.12,42.22,10.63,-36.45,-15.71,-15.39,22.95,-11.71,5.78,-19.04,17.96,0.14,25.46
19.81,48.08,14.01,-36.9,-9.82,-13.95,28.46,-13.28,6.27,-22.07,18.53,-2.8,29.91
19.55,33.96,13.75,-22.58,-20.99,-17.07,13.79,-6.14,-2.59,-18.05,12.36,9.15,24.72
19.5,60.24,24.15,-49.13,-18.02,-11.04,37.24,-28.85,6.72,-14.63,31.01,-17.99,36.93
19.15,27.95,11.26,-13.21,-18.38,-18.67,4.63,0.28,2.62,-11.91,2.26,3.38,15.59
19.29,39.9,14.81,-25.51,-16.38,-15.37,19.59,-4.6,4.9,-18.99,7.51,-8.54,11.23
20.02,54.64,16.83,-43.94,-14.14,-25.61,28.06,-24.4,2.99,-20.44,27.66,-1.71,27.01
19.4,39.16,16.6,-20.83,-15.92,-14.5,13.89,-10.27,-1.45,-14.99,15.59,2.09,16.21
19.5,31.86,8.89,-20.53,-14.27,-9.03,13.73,-7.62,-5.6,-18.71,8.01,4.76,21.03
18.96,31.28,6.14,-26.06,-4.83,4.42,28.73,-10.54,-9.01,-26.24,8.35,-3.08,14.02
19.24,32.64,5.92,-25.03,-12.47,-7.67,16.75,-11.64,-7.47,-24.56,9.64,7.39,32.58
19.2,39.89,10.46,-25.34,-5.93,-12.13,18.07,-11.27,0.63,-19.57,11.21,2.68,23.03
20.15,44.49,9.84,-41.81,-16.82,-21.82,17.34,-27.11,-9.56,-36.97,4.31,-14.06,18.41
19.42,47.28,19.36,-32.41,-17.01,-15.16,29.03,-9.67,3.33,-25.35,12.51,-10.74,14.95
19.49,28.41,4.21,-24.76,-23.78,-23.35,-3.48,-18.61,-13.34,-26.12,-5.35,-6.79,14.51
19.28,36.7,12.86,-20.9,-11.2,-8.91,12.85,-15.8,-9.09,-22.14,5.31,-5.92,8.85
20.26,57.74,12.43,-56.52,-21.69,-35.21,29.19,-48.08,-12.74,-27.25,21.55,-9.32,24.95
20.07,39.54,13.26,-24.84,-11.27,-8.42,19.46,-11.21,-1.8,-17.65,14.06,-0.34,16.28
19.69,23.57,0.1,-16.01,-9.4,-6.65,0.61,-14.57,-8.1,-5.03,18.37,18.97,27.45
18.95,33.63,11.09,-19.79,-12.5,-6.04,17.87,-4.04,2.1,-5.11,22.31,9.14,13.63
18.28,38.04,14.9,-19.35,-12.38,-11.15,13.96,-14.43,-7.21,-20.55,14.11,8.36,27.86
18.43,50.49,22.0,-33.82,-17.37,-10.1,28.95,-19.28,-1.5,-19.96,29.31,2.2,27.86
18.8,32.84,13.61,-12.73,-11.63,-9.71,9.47,-8.69,-8.87,-20.65,1.88,1.21,14.78
18.76,64.78,16.11,-47.08,8.78,-22.69,36.51,-32.82,6.04,-25.09,16.95,-10.95,25.31
19.29,46.74,18.85,-22.7,-3.32,-11.97,21.7,-13.42,-1.9,-22.86,10.23,-3.79,18.21
19.73,34.73,12.86,-21.33,-19.44,-22.02,2.94,-17.45,-10.86,-25.53,7.14,9.16,31.6
19.35,36.66,15.17,-14.99,-7.39,-10.43,9.81,-14.77,-8.17,-16.53,15.65,12.33,23.97
19.3,36.16,12.66,-20.75,-13.92,-17.32,3.91,-21.61,-13.69,-24.41,10.17,7.69,26.65
19.93,32.0,6.56,-18.53,-10.99,-14.63,-4.12,-30.59,-24.14,-32.25,-3.14,-3.62,18.73
20.12,39.36,13.44,-40.27,-37.83,-34.27,5.54,-33.96,-30.16,-51.5,-4.19,-19.64,3.82
19.47,39.86,14.85,-29.06,-17.18,-9.71,24.88,-11.72,-10.69,-35.17,1.35,-12.33,8.81
19.52,33.64,7.94,-35.26,-31.59,-25.94,6.24,-23.92,-20.62,-34.06,5.98,-4.3,10.22
19.81,49.61,10.15,-43.39,-7.18,-13.91,31.75,-25.32,-4.07,-33.34,17.21,-10.17,20.99
19.08,27.99,5.69,-22.38,-17.12,-12.35,11.04,-8.49,-9.39,-23.99,2.45,5.16,23.46
19.48,44.09,14.74,-33.74,-16.67,-17.51,17.1,-20.85,-6.71,-27.67,12.46,-3.54,20.95
19.54,20.54,0.37,-15.84,-14.11,-10.88,2.01,-4.75,-3.78,-9.79,0.45,1.09,8.03
19.56,39.97,12.51,-27.04,-12.69,-14.7,17.84,-14.65,-3.84,-24.78,11.99,3.04,28.06
19.6,28.88,10.33,-8.88,-8.44,-9.63,1.28,-10.86,-8.81,-14.7,0.55,2.07,13.11
19.13,28.04,10.65,-8.25,-7.49,-5.14,10.65,-1.87,-4.73,-16.87,-0.42,4.47,19.65
18.86,47.01,24.68,-23.99,-12.76,-0.31,38.16,-10.41,-10.73,-29.99,14.79,-8.94,8.95
19.1,28.94,2.39,-26.71,-22.0,-21.21,-2.53,-21.81,-13.84,-23.45,2.68,-1.09,17.19
20.26,38.69,12.2,-31.36,-21.94,-19.89,13.79,-15.48,-5.82,-25.16,12.45,0.69,21.49
19.77,20.67,-2.28,-21.05,-19.57,-14.55,1.51,-4.67,-2.53,-10.63,0.67,0.87,12.56
19.44,26.05,3.6,-22.89,-18.62,-12.92,10.85,-2.36,1.19,-9.28,12.84,12.17,24.58
19.06,36.9,10.96,-24.98,-11.06,-7.89,24.01,-1.57,4.1,-19.21,6.6,-6.37,10.27
19.59,49.76,21.82,-34.22,-18.84,-15.4,26.52,-17.88,-4.39,-30.87,16.6,-6.35,22.74
20.2,27.0,7.11,-19.58,-23.37,-23.83,2.03,-1.84,3.16,-14.8,-1.7,-2.04,17.87
20.07,32.16,8.93,-25.84,-23.55,-22.82,7.43,-8.69,-2.89,-21.72,3.39,-1.57,17.26
20.16,41.91,19.36,-29.57,-21.81,-22.24,22.61,-9.4,-3.61,-38.64,-3.24,-10.92,27.2
19.94,31.56,5.42,-24.73,-15.31,-18.05,-0.04,-22.44,-12.66,-21.71,4.78,0.45,17.24
19.61,27.28,1.82,-26.21,-19.86,-19.23,-0.45,-22.55,-22.05,-40.93,-16.07,-12.06,15.71
19.66,29.55,7.98,-21.6,-19.03,-18.07,6.18,-11.38,-10.73,-29.51,-6.4,-3.65,19.33
19.92,33.67,7.94,-25.52,-16.17,-12.47,12.82,-14.73,-10.43,-26.73,7.81,4.56,26.43
19.32,43.54,17.86,-36.13,-19.37,-2.96,40.61,-11.93,-8.41,-32.41,16.64,-6.7,21.87
19.23,28.59,5.08,-20.4,-12.16,-8.89,14.83,-1.65,1.04,-17.8,6.36,11.32,39.38
18.41,34.23,12.96,-20.89,-11.02,-0.54,32.83,6.29,5.32,-17.08,10.79,2.64,21.8
18.8,43.75,15.76,-33.2,-13.97,-6.5,31.27,-14.17,-7.84,-30.78,11.49,-7.9,18.17
19.23,53.31,13.55,-43.1,0.01,-6.69,38.18,-20.87,2.38,-37.88,3.08,-23.55,14.54
20.37,29.01,-0.57,-33.15,-12.83,-3.24,21.34,-15.11,-10.2,-23.29,16.19,6.27,24.09
20.17,55.64,10.02,-49.83,6.31,-6.02,42.91,-40.38,-11.27,-36.65,18.13,-8.96,22.96
19.5,24.87,3.29,-13.74,-6.3,0.69,14.05,-4.07,-10.72,-25.11,-11.01,-9.81,5.43
19.81,34.69,9.94,-22.53,-6.59,-1.12,25.72,-5.34,-4.28,-25.76,3.21,-2.73,19.59
19.77,30.62,9.69,-20.13,-16.18,-11.42,13.31,-8.62,-9.52,-20.75,13.36,16.39,30.56
19.6,24.5,1.97,-19.07,-12.4,-9.76,4.02,-12.37,-10.64,-18.56,-0.83,-1.22,9.75
19.67,33.66,4.98,-31.55,-18.35,-14.83,10.8,-22.73,-18.76,-38.7,-5.09,-12.92,13.46
19.78,35.75,13.95,-23.02,-18.78,-17.06,16.58,-4.58,-2.09,-29.18,-3.56,-7.33,20.8
18.93,25.61,2.29,-16.3,-13.6,-10.62,0.48,-11.62,-8.74,-12.48,4.88,4.61,13.29
19.7,31.34,6.4,-24.62,-11.58,-6.82,16.79,-10.34,-7.37,-24.08,2.88,-2.0,18.23
19.4,36.27,16.87,-16.9,-10.62,-3.65,29.77,4.94,0.34,-26.97,-1.21,-6.8,13.39
18.81,36.77,14.99,-15.12,-7.43,-5.34,19.86,-1.04,2.29,-15.09,8.24,1.61,16.82
18.89,26.55,6.19,-9.28,-3.95,3.47,16.49,3.93,1.47,-5.48,8.15,7.46,14.51
19.66,53.92,22.69,-45.74,-21.18,-5.28,38.48,-34.41,-11.72,-33.92,15.66,-9.35,18.44
20.22,44.45,19.37,-23.68,-15.08,-21.57,33.41,-19.55,-11.76,-19.11,7.72,8.23,13.79
20.2,48.49,22.2,-30.43,-17.34,-16.7,18.07,-32.78,-22.13,-36.2,15.52,-7.59,18.46
18.88,34.63,10.83,-19.05,-10.18,-7.97,11.59,-14.54,-11.22,-20.68,6.66,-4.18,5.54
18.8,36.3,12.01,-23.36,-15.85,-13.62,11.34,-14.14,-6.59,-19.17,10.3,0.42,13.76
19.77,34.87,11.44,-18.87,-15.74,-18.11,3.0,-14.84,-4.04,-13.71,13.01,5.07,17.68
19.75,29.09,8.35,-14.9,-14.03,-14.73,2.74,-6.05,1.13,-6.3,8.64,5.57,15.42
20.11,26.65,4.43,-17.6,-17.91,-17.1,-4.67,-15.51,-8.89,-7.98,13.68,12.45,16.98
19.87,29.57,8.08,-20.21,-17.33,-13.83,9.64,-5.26,-0.25,-10.56,12.75,8.98,18.78
19.83,32.77,6.96,-28.11,-20.22,-15.37,13.04,-10.03,-2.0,-14.57,18.89,10.63,25.48
19.3,41.84,14.15,-27.79,-10.06,-14.0,19.96,-17.61,-9.86,-34.85,5.37,-1.31,26.21
19.41,31.06,9.64,-14.41,-8.38,-4.57,12.32,-8.27,-6.01,-12.68,15.37,14.88,25.62
19.01,30.23,10.42,-11.1,-7.01,-4.69,7.98,-9.89,-8.08,-12.54,8.4,7.31,15.77
19.48,42.09,21.19,-18.48,-12.0,-11.58,20.62,-8.89,-6.0,-30.36,6.34,3.38,27.2
18.6,38.01,10.18,-24.17,-8.81,-16.75,6.34,-25.3,-16.07,-31.96,2.13,-1.05,19.21
19.89,37.4,17.51,-17.13,-13.66,-13.39,11.1,-16.73,-15.17,-28.75,7.05,5.56,23.13
19.27,42.3,14.01,-21.81,-5.66,-13.46,7.21,-24.38,-8.57,-20.44,9.09,-5.02,10.55
19.31,34.24,14.69,-13.89,-10.95,-9.05,10.33,-11.79,-10.08,-17.24,12.02,7.62,13.52
19.5,29.82,9.66,-13.36,-11.72,-13.73,-3.49,-22.81,-20.14,-23.18,0.22,-1.82,4.13
19.56,55.57,23.83,-39.02,-14.55,-9.76,32.34,-32.48,-10.17,-23.12,34.38,-1.05,26.48
19.32,46.95,19.07,-24.26,-8.21,-15.68,21.06,-10.73,2.66,-21.14,15.33,-3.39,16.82
19.26,45.19,14.57,-24.27,-8.26,-11.55,11.38,-28.13,-7.18,-17.08,27.23,4.99,22.36
19.35,30.73,8.99,-17.06,-12.38,-11.5,5.71,-13.03,-8.28,-15.31,9.18,7.28,17.88
19.18,25.2,3.69,-19.8,-19.91,-17.14,-0.89,-13.29,-11.66,-16.63,5.86,8.85,17.71
19.43,42.71,18.48,-21.84,-5.82,-3.29,24.96,-17.14,-12.62,-32.84,10.9,2.87,30.99
19.2,40.85,10.62,-16.32,6.6,-11.44,22.38,-8.49,-3.88,-18.05,17.19,4.06,21.45
18.73,39.31,16.78,-16.12,-4.31,-1.65,25.08,-1.76,3.06,-14.63,11.49,-2.18,13.67
19.09,37.34,15.83,-16.81,-8.45,-3.42,21.19,-6.22,-4.6,-20.34,6.5,-5.68,6.45
18.77,40.35,16.91,-17.29,-3.97,-2.89,21.0,-9.84,-2.51,-17.7,13.71,3.46,20.28
18.73,41.75,17.0,-27.67,-12.82,-8.78,21.53,-16.88,-8.96,-24.43,10.45,-7.64,7.37
18.65,30.36,10.61,-13.97,-9.03,-6.02,13.23,-7.97,-12.57,-28.43,-4.36,-0.1,18.45
18.49,44.17,15.53,-23.98,-4.08,2.83,36.4,-2.3,5.16,-18.37,18.21,-3.76,15.01
18.86,36.61,13.6,-17.94,-6.07,-2.52,19.84,-8.79,-2.21,-14.86,14.02,2.41,15.27
19.32,43.68,13.32,-26.49,-12.4,-13.19,12.23,-23.28,-8.18,-28.87,5.57,-12.93,12.26
19.01,39.25,14.51,-16.51,-3.72,-5.02,13.13,-14.03,-1.86,-10.68,14.87,1.54,13.36
19.96,28.17,6.58,-18.02,-15.87,-14.73,0.11,-18.49,-16.23,-21.48,5.16,5.97,17.76
20.02,50.0,12.62,-34.57,2.57,-14.19,27.09,-30.06,-8.34,-28.35,16.3,-1.47,24.44
19.2,32.79,9.12,-15.0,-8.93,-9.75,3.85,-14.52,-3.6,-6.23,17.42,7.67,15.68
18.86,25.32,7.34,-9.56,-6.24,-2.67,9.73,-4.74,-7.22,-13.33,5.61,9.5,17.28
18.73,43.23,17.23,-21.18,-7.68,-5.22,24.26,-10.73,0.11,-18.56,18.31,3.19,23.17
18.24,29.32,13.39,-7.22,-10.13,-8.64,9.44,-1.27,-6.03,-20.21,-3.62,2.98,16.61
18.81,45.58,16.33,-22.28,-1.24,-11.89,16.95,-15.14,3.61,-16.21,16.87,3.34,26.42
19.14,44.28,14.76,-27.81,-9.42,-14.29,19.23,-16.17,-5.2,-26.41,10.07,-7.1,11.42
19.57,51.17,18.91,-38.86,-11.54,-9.95,27.33,-29.43,-9.52,-22.79,28.17,-3.59,22.0
19.09,46.64,19.38,-22.33,-2.07,-1.88,25.11,-14.32,0.17,-16.55,17.85,-3.27,14.76
19.0,37.65,10.94,-29.54,-16.59,-11.88,17.59,-15.92,-5.82,-17.66,23.12,10.09,27.68
18.86,53.88,21.56,-33.06,-4.28,-6.0,36.12,-18.93,-3.74,-27.36,19.19,-8.1,21.08
18.93,26.61,3.56,-16.77,-11.06,-8.73,1.79,-16.82,-12.74,-15.18,7.65,6.07,16.57
19.28,35.07,11.27,-23.22,-8.67,-2.48,20.52,-17.85,-15.08,-24.95,16.77,9.3,24.72
19.28,32.11,6.16,-19.61,-8.73,-6.84,7.96,-18.14,-10.69,-18.32,10.72,4.64,22.66
19.74,48.5,29.18,-21.1,-14.24,-10.25,32.18,-17.49,-19.25,-43.4,6.82,-11.72,16.87
18.39,42.33,11.46,-23.46,2.93,-11.35,18.94,-13.99,2.73,-22.13,-1.31,-19.18,7.98
19.4,62.14,17.04,-42.68,5.9,-22.7,47.23,-34.47,-6.56,-26.64,14.68,-5.16,18.59
19.85,35.47,12.61,-18.16,-11.7,-11.86,13.04,-14.87,-9.01,-17.33,5.92,-2.66,8.05
19.45,35.89,13.51,-17.6,-8.86,-7.09,16.93,-5.76,-1.69,-21.76,-1.34,-10.96,8.18
18.97,24.46,3.18,-14.93,-8.25,-3.09,10.12,-6.03,-5.94,-12.78,5.67,3.62,9.69
19.34,60.68,11.66,-46.12,9.59,-24.33,47.8,-34.99,3.36,-15.21,24.93,5.89,23.7
19.45,33.65,8.4,-21.01,-11.77,-8.22,12.4,-11.91,-4.37,-15.37,12.26,2.64,16.53
19.07,32.4,13.7,-7.84,-8.5,-15.63,9.82,2.96,5.9,-5.07,8.87,6.48,16.37
19.7,33.76,12.83,-14.56,-12.57,-11.78,5.68,-12.3,-8.62,-17.27,7.07,2.22,11.84
19.5,37.68,17.51,-14.43,-12.17,-17.28,5.19,-14.86,-3.64,-13.48,15.08,6.84,17.16
19.38,36.58,15.84,-12.49,-10.57,-14.5,3.71,-14.99,-6.27,-13.56,13.0,6.82,18.02
19.22,27.55,11.85,-6.24,-9.79,-11.01,-1.8,-15.73,-19.04,-23.31,-1.92,6.06,15.12
18.98,48.51,16.0,-27.97,-5.05,-3.68,22.0,-26.5,-8.39,-23.2,25.81,-0.38,19.74
19.16,49.47,17.96,-33.4,-5.99,-7.88,25.35,-33.36,-15.96,-29.05,27.91,5.26,27.49
19.81,35.81,10.86,-19.81,-9.64,-10.45,9.84,-15.66,-7.26,-18.44,14.92,10.2,27.08
18.93,29.31,10.11,-10.28,-9.48,-9.66,2.34,-11.15,-9.86,-16.22,-0.43,-1.02,9.48
18.71,32.85,11.23,-13.45,-12.83,-11.81,5.75,-7.23,-4.6,-15.88,2.15,0.74,15.01
19.2,28.7,11.33,-8.41,-11.69,-14.56,-3.8,-13.25,-8.65,-11.47,4.5,5.27,14.67
19.23,38.75,19.19,-12.59,-7.51,-8.92,11.0,-16.57,-12.9,-25.43,8.2,5.64,23.21
19.34,32.37,13.16,-13.24,-12.87,-15.56,1.6,-14.29,-5.98,-8.57,20.6,19.79,27.95
20.04,44.13,19.07,-19.53,-8.54,-12.56,10.94,-26.14,-16.24,-31.89,8.44,-2.17,21.57
19.18,32.22,13.3,-7.62,-5.19,-7.33,4.0,-10.85,-5.77,-11.05,6.44,4.77,14.51
19.35,30.03,11.68,-8.92,-9.05,-8.45,4.97,-8.99,-10.07,-19.79,-3.04,-0.46,13.51
18.97,28.43,12.96,-3.67,-9.32,-12.51,-3.29,-9.14,-7.56,-14.72,-7.78,-6.73,4.1
19.34,26.85,12.14,1.78,2.72,0.24,3.7,-15.34,-22.25,-25.6,-8.61,2.45,14.39
19.47,37.26,18.16,-9.84,-7.43,-10.25,8.73,-14.53,-14.06,-28.52,-6.26,-8.74,7.16
19.06,30.39,15.1,-5.01,-10.67,-12.3,3.37,-4.45,-6.33,-18.51,-6.05,-1.77,12.12
19.39,29.56,13.45,-3.04,-4.79,-8.48,-0.57,-11.03,-9.14,-14.22,-0.73,1.7,11.9
18.79,29.12,11.88,-5.52,-8.52,-9.15,0.73,-7.0,-6.37,-12.38,-3.57,-5.52,1.23
18.22,53.43,21.76,-25.27,3.28,-2.61,29.2,-17.22,2.74,-20.24,15.29,-10.31,12.32
19.49,34.22,18.13,-10.09,-16.74,-19.97,2.45,-8.86,-9.78,-26.67,-7.25,-3.59,13.73
19.03,46.64,19.04,-21.44,-6.3,-17.54,16.2,-11.08,4.72,-18.21,9.56,-6.48,14.13
19.01,28.78,9.43,-8.14,-10.19,-13.5,-7.78,-18.54,-12.25,-10.01,8.59,8.01,13.33
18.53,48.54,22.86,-25.64,-12.17,-7.07,26.47,-16.44,-3.74,-17.99,27.69,-1.04,10.44
18.29,59.45,30.47,-35.82,-17.23,-18.69,35.44,-29.79,-7.95,-25.99,17.39,-20.99,9.91
18.46,21.84,4.58,-8.62,-11.18,-11.79,-4.29,-8.67,-6.67,-8.1,1.29,4.09,10.34
19.57,46.44,23.78,-26.12,-15.47,-12.87,23.93,-22.27,-17.87,-38.16,7.99,-6.21,18.55
18.83,37.75,19.81,-8.15,-6.16,-5.58,16.39,-2.5,-3.59,-21.86,-1.73,-4.18,12.63
18.91,33.27,15.08,-9.66,-13.24,-15.18,3.3,-7.27,-5.37,-18.91,-4.29,-6.7,6.85
19.04,27.32,12.66,-2.68,-8.34,-13.33,-3.4,-6.84,-2.57,-6.23,5.9,10.18,21.49
18.96,46.3,22.4,-33.23,-18.47,-15.19,19.69,-28.31,-21.64,-31.38,17.85,-4.16,16.97
18.52,38.03,18.78,-17.92,-18.41,-18.1,10.14,-13.1,-8.54,-24.08,8.61,3.71,20.49
18.65,26.82,8.72,-7.88,-10.56,-11.27,-1.66,-9.39,-7.64,-10.92,4.12,8.65,18.59
17.28,20.55,3.03,-10.76,-10.12,-8.2,2.46,-6.31,-9.61,-16.38,-1.21,11.17,27.95
18.06,33.22,13.05,-9.43,-3.24,-0.48,17.53,-3.14,-6.46,-24.87,-3.38,-0.4,22.26
17.99,28.81,11.92,-9.51,-13.63,-11.89,6.42,-1.22,-2.77,-14.4,0.43,4.77,18.85
17.71,31.21,13.27,-8.09,-8.09,-6.89,11.59,0.25,-1.86,-18.7,-4.07,1.49,22.09
18.46,23.02,3.82,-11.08,-8.75,-9.94,-5.86,-20.33,-18.99,-18.81,-3.09,-1.95,3.43
19.04,32.23,11.08,-14.67,-11.27,-11.64,1.84,-21.32,-16.95,-20.46,9.19,6.84,15.67
18.96,42.42,19.98,-20.7,-10.08,-4.22,25.07,-12.42,-5.56,-15.08,29.98,15.3,28.92
18.67,56.23,22.95,-30.13,2.1,-9.64,35.21,-21.11,-0.93,-21.03,26.69,4.78,36.45
18.22,51.39,21.93,-28.47,-6.51,-9.52,27.61,-21.11,-6.56,-20.82,27.85,5.76,30.84
19.1,26.28,9.3,-5.29,-9.14,-8.24,0.01,-7.56,-12.36,-17.77,-6.84,0.22,9.03
19.46,35.35,18.76,-6.9,-8.07,-13.07,2.65,-16.2,-14.05,-25.01,-0.03,2.3,22.08
18.68,24.05,7.63,-3.99,-8.43,-12.27,-9.99,-15.92,-13.1,-10.66,0.97,5.56,12.06
18.92,46.86,25.49,-20.74,-11.87,-14.89,20.42,-18.82,-10.08,-30.15,19.53,10.87,39.69
18.16,35.44,17.39,-7.01,-5.72,-3.48,16.72,-0.18,-3.3,-19.84,0.42,2.6,18.7
18.24,26.31,9.32,-7.72,-10.86,-12.37,-0.6,-5.82,-1.33,-5.72,6.22,9.24,20.7
18.3,42.57,21.97,-10.4,3.19,0.27,20.28,-12.61,-11.17,-28.41,4.37,0.83,18.99
18.78,26.46,11.84,-1.21,-5.45,-8.16,-1.05,-7.9,-10.24,-16.68,-7.72,-1.99,8.58
18.61,33.4,16.26,-0.35,1.06,-2.15,3.73,-12.78,-10.12,-14.92,4.52,5.56,16.3
18.35,56.72,29.34,-26.03,-4.65,-2.96,36.23,-24.24,-7.58,-24.09,23.64,-1.66,26.65
17.46,31.93,18.29,-2.89,-6.67,-8.7,9.69,-1.53,-6.69,-24.76,-8.03,-0.08,19.68
17.75,59.43,25.61,-33.45,3.64,-10.4,36.17,-34.5,-18.43,-33.47,10.29,-12.47,21.8
18.15,31.15,12.21,-10.05,-10.74,-12.01,0.84,-14.44,-14.07,-20.99,0.79,4.12,16.34
17.96,36.79,19.27,-9.34,-12.29,-13.32,8.63,-5.1,-1.35,-16.05,4.65,2.98,17.83
19.02,44.04,14.53,-14.52,8.98,-13.61,25.39,-13.61,-7.32,-29.28,2.1,8.54,11.33
19.05,46.4,23.87,-13.42,-2.03,-9.73,15.25,-16.71,-8.44,-31.12,0.05,-7.43,22.07
18.17,43.19,16.2,-14.29,-1.19,-2.34,18.11,-8.66,2.31,-15.26,7.43,-9.09,6.46
18.91,59.14,23.05,-33.52,-1.13,-17.85,32.57,-20.54,0.32,-27.14,22.65,-11.19,22.27
18.84,36.25,18.81,-6.35,-6.42,-9.22,9.16,-7.26,-6.58,-21.22,-1.36,-1.06,17.05
18.74,31.75,14.21,-5.09,-3.0,-3.37,8.5,-6.73,-7.76,-17.71,-1.9,-0.36,13.29
17.73,24.63,7.76,-9.93,-14.58,-14.15,0.81,-3.11,-5.38,-16.21,-7.61,-3.59,6.98
18.96,33.34,16.22,-9.17,-7.13,-5.53,17.21,-0.59,-4.43,-23.1,0.85,6.37,25.59
18.92,48.96,30.82,-21.79,-17.75,-17.22,26.37,-16.82,-14.61,-36.09,10.89,-4.71,20.03
17.93,45.43,20.96,-22.51,-11.51,-11.23,23.85,-9.57,-1.22,-22.16,11.27,-6.13,14.61
18.61,29.78,9.55,-13.38,-16.3,-17.31,-3.42,-13.08,-11.47,-21.35,-8.9,-9.05,4.91
19.4,45.18,20.08,-23.9,-7.62,-5.31,21.21,-29.17,-25.48,-44.19,1.68,-10.5,14.19
18.55,60.89,30.21,-36.98,-10.59,-5.72,44.66,-29.88,-11.07,-29.72,20.94,-19.77,15.7
17.95,27.58,9.8,-6.27,-0.8,1.79,13.04,-4.02,-9.74,-21.91,-7.7,-3.19,10.62
18.6,45.78,12.7,-31.21,-5.11,-2.99,34.64,-13.27,-2.53,-38.3,4.84,-13.62,23.02
18.46,47.65,13.91,-24.62,12.52,-2.67,39.19,-13.81,-5.79,-39.28,-4.15,-12.26,20.93
18.57,33.8,17.0,-11.95,-11.99,-11.43,16.68,0.37,-3.21,-28.34,-5.35,1.64,28.58
18.75,46.68,17.2,-28.9,-0.96,-4.73,38.32,-6.8,5.57,-30.61,9.12,1.97,38.31
18.45,43.24,13.66,-25.02,1.36,-6.5,27.66,-9.71,0.24,-23.44,14.97,8.95,34.56
18.15,23.7,3.83,-13.13,-10.33,-8.83,1.12,-11.3,-10.94,-15.84,-1.45,0.39,9.71
18.81,30.13,7.99,-12.6,-6.82,-4.62,8.87,-10.49,-11.26,-24.9,-5.64,-5.38,11.9
19.51,26.8,7.98,-11.01,-12.77,-16.36,-6.34,-14.81,-9.5,-13.97,-1.05,-0.68,10.54
20.17,28.87,14.99,-5.22,-13.57,-21.78,-8.58,-12.86,-5.67,-12.26,1.9,2.97,14.28
20.0,44.02,21.06,-23.87,-16.57,-21.76,13.7,-18.46,-9.74,-32.11,14.9,8.34,37.22
19.34,39.87,17.55,-18.88,-11.45,-9.53,19.17,-11.21,-9.12,-31.37,2.55,-3.38,16.84
19.16,36.32,18.27,-11.53,-7.89,-5.43,18.55,-7.15,-11.82,-31.48,-2.22,-0.48,18.42
19.27,28.05,10.45,-5.96,-6.61,-5.28,4.84,-7.81,-13.05,-21.87,-5.93,2.78,17.78
19.02,40.31,15.05,-27.06,-10.11,-12.38,19.37,-24.21,-17.48,-39.58,9.68,9.33,46.26
18.76,49.17,19.76,-28.16,-5.48,-12.55,27.53,-24.11,-15.96,-45.0,-2.34,-16.27,23.4
19.23,37.17,18.73,-10.79,-7.45,-9.33,11.32,-14.15,-15.05,-32.55,-2.44,1.76,25.15
18.81,49.29,23.78,-29.9,-14.17,-14.48,25.92,-16.79,-6.1,-32.73,8.93,-6.94,23.4
18.69,24.47,8.75,-2.54,-2.75,-2.29,5.1,-0.69,-0.87,-5.76,-0.41,-1.2,3.29
18.82,47.41,26.44,-22.81,-14.12,-12.68,28.31,-6.12,0.05,-28.57,11.48,1.59,30.09
18.57,39.92,19.62,-12.35,-6.58,-5.5,21.17,1.07,7.57,-9.8,14.93,6.81,23.79
17.76,32.67,14.74,-8.86,-10.92,-10.33,9.41,-0.06,0.4,-15.31,-2.67,-1.5,15.6
18.14,42.66,18.83,-25.29,-17.65,-19.37,13.28,-18.59,-8.99,-31.47,6.54,-2.63,22.12
18.45,38.91,18.64,-7.27,-3.24,-2.4,16.93,-0.88,1.59,-14.27,7.95,4.1,19.44
18.57,29.52,12.63,-11.83,-13.12,-11.7,5.26,-15.07,-19.07,-27.77,1.15,7.08,17.03
18.98,48.71,15.79,-23.29,-1.52,-6.77,20.23,-28.76,-10.97,-38.1,10.52,-6.45,27.75
18.58,33.26,15.0,-11.28,-9.03,-8.13,14.04,-3.12,-3.48,-20.7,0.57,2.66,20.03
18.85,32.93,13.35,-8.16,-5.53,-4.76,8.47,-9.12,-7.5,-15.33,5.36,3.85,15.21
17.96,28.56,11.59,-4.5,-3.15,-4.71,2.46,-12.24,-12.36,-15.75,2.06,5.38,12.89
17.52,31.42,11.42,-12.55,-9.9,-9.83,5.37,-12.26,-9.64,-18.27,3.1,1.72,13.48
18.05,46.32,24.2,-19.11,-11.53,-12.03,22.1,-11.49,-1.89,-20.36,19.06,8.65,29.33
17.7,54.63,29.61,-27.88,-13.59,-11.29,36.6,-13.26,-0.83,-26.29,19.17,-7.26,19.22
18.18,32.93,18.01,-3.4,-7.94,-9.55,9.27,3.61,6.1,-7.78,5.23,7.64,23.45
17.34,25.36,9.81,-2.9,-2.67,-3.74,3.23,-7.37,-5.77,-6.57,11.37,17.04,24.44
17.6,43.29,17.11,-20.91,-5.85,-11.46,14.46,-19.17,-7.77,-23.49,11.74,2.31,19.47
17.63,37.0,19.56,-14.32,-13.53,-9.01,20.66,1.02,-1.31,-20.99,5.29,1.88,16.12
18.65,37.24,21.22,-5.54,-9.18,-15.11,3.67,-8.5,0.58,-10.01,8.41,3.39,17.69
19.24,40.85,23.24,-10.19,-12.08,-21.85,4.28,-12.71,-3.43,-25.76,0.73,-1.06,24.19
17.82,32.06,13.96,-11.93,-14.19,-16.46,2.36,-12.13,-11.73,-24.05,-0.04,3.57,17.29
18.0,30.37,13.39,-3.32,-3.12,-2.38,8.74,-3.41,-5.59,-13.71,0.78,4.94,15.91
