1.07,-41.0,-19.97,-9.1,-15.48,-2.94,-10.35,0.19,-5.43,4.29,-1.1,4.58,-2.33
2.27,-40.95,-17.56,-4.41,-8.83,0.92,-14.42,-5.47,-7.02,0.2,-8.74,8.58,6.1
6.42,3.1,-0.19,-23.48,-15.88,19.06,20.35,-15.54,-37.07,-26.29,-4.48,11.98,12.88
8.14,6.56,-7.48,-36.26,-23.69,6.78,16.07,-1.68,-11.73,-9.43,7.96,11.45,13.31
11.74,34.89,13.81,-24.83,-13.02,-4.96,21.11,-3.17,-2.15,-17.46,7.17,2.22,9.26
15.44,46.43,15.99,-37.93,-15.3,-18.97,32.37,-2.07,20.32,-17.55,9.9,-15.6,8.41
15.31,29.35,7.96,-16.9,-11.95,-7.53,15.47,4.96,9.07,-7.11,5.11,-2.78,9.97
15.89,38.9,15.52,-24.03,-14.39,-6.14,30.98,5.24,9.56,-15.92,11.96,-2.38,17.33
15.81,49.19,19.03,-33.75,-10.55,-6.16,34.59,-2.55,17.47,-7.26,24.58,-4.28,15.17
16.24,54.86,28.74,-32.94,-14.66,-12.87,35.29,-5.06,10.3,-13.93,25.52,-6.98,15.01
16.22,30.28,13.46,-7.79,-10.51,-8.56,10.89,6.55,9.21,-3.88,2.3,-4.65,1.82
15.92,36.51,14.41,-12.25,-9.4,-8.78,12.83,1.65,12.42,-1.99,13.87,0.25,11.8
16.66,36.93,17.51,-20.18,-20.35,-14.1,20.48,-1.05,3.38,-11.16,17.92,5.26,12.21
16.67,39.75,13.72,-23.2,-8.54,-4.14,24.05,-6.62,2.79,-13.15,19.22,1.8,15.45
16.61,29.33,8.82,-13.69,-7.21,-5.08,9.94,-7.01,-1.25,-5.5,17.07,9.66,12.26
17.33,37.76,12.04,-25.78,-18.15,-15.63,19.81,3.5,18.51,-3.99,19.71,-1.44,13.46
16.56,38.91,13.6,-25.39,-15.62,-13.14,18.44,-5.42,5.35,-13.33,15.96,1.92,17.66
17.1,37.64,14.96,-18.54,-11.01,-5.98,25.17,5.98,14.1,-6.53,17.36,3.17,15.63
16.96,33.81,14.63,-11.56,-10.58,-8.68,14.88,4.4,10.8,-0.78,16.68,11.02,21.17
16.66,45.68,19.32,-30.39,-22.04,-23.64,10.89,-21.13,-1.36,-23.61,20.44,0.9,21.33
17.16,47.33,21.54,-26.75,-16.91,-17.77,19.04,-12.26,2.0,-21.3,14.95,-12.05,4.28
17.95,34.93,14.97,-12.02,-12.72,-17.05,1.5,-8.05,5.0,-2.67,13.78,-1.81,1.96
17.38,31.56,14.38,-8.36,-10.74,-14.06,3.72,-2.21,6.0,-3.6,8.3,1.19,7.48
17.67,35.43,12.75,-16.05,-14.28,-18.66,1.55,-10.91,0.6,-12.4,2.97,-8.79,3.68
18.12,36.27,18.53,-15.59,-16.97,-12.08,22.38,5.44,4.04,-22.18,-1.04,-6.49,10.58
17.93,44.4,16.81,-32.15,-15.94,-18.2,23.28,-10.35,0.79,-28.29,4.26,-12.91,9.91
19.81,38.89,10.33,-45.66,-30.85,-31.22,31.29,4.17,21.26,-28.83,0.84,-22.18,19.38
18.79,35.91,13.88,-22.21,-17.71,-15.55,23.29,9.27,17.75,-12.36,9.04,0.51,26.17
18.55,42.34,20.34,-30.15,-27.79,-19.68,26.32,-2.72,4.73,-20.79,15.56,-4.62,13.5
17.85,45.8,16.47,-24.66,-7.84,-18.97,20.67,-4.39,18.34,-8.12,23.41,6.93,30.27
17.54,32.22,8.93,-24.48,-21.08,-20.3,6.51,-10.96,-3.59,-17.7,8.59,6.04,23.54
18.0,32.03,14.29,-14.6,-17.68,-20.6,7.4,3.07,13.11,-2.96,12.23,4.97,16.52
18.34,30.87,10.54,-16.04,-16.03,-15.4,8.09,0.95,8.63,-3.53,10.94,3.99,13.12
18.23,41.88,18.66,-28.71,-22.06,-20.32,25.54,2.18,17.24,-7.91,24.54,3.65,20.47
18.22,21.65,0.33,-19.06,-18.17,-16.94,-2.5,-8.22,-1.99,-6.4,4.0,-1.1,1.41
18.73,26.1,3.52,-17.18,-17.43,-17.0,-3.1,-7.36,5.07,5.97,20.16,10.03,9.12
18.25,29.15,10.58,-8.31,-5.93,-4.0,9.28,-3.5,-2.99,-9.95,4.61,2.88,9.1
17.88,32.09,11.21,-19.54,-19.55,-19.04,9.97,3.45,16.07,1.77,16.93,3.16,13.8
17.91,40.98,16.75,-30.65,-23.97,-15.3,23.46,-8.23,3.06,-11.41,24.95,-5.07,1.68
18.15,29.95,8.71,-19.33,-17.82,-14.88,8.03,-5.28,1.32,-5.45,19.28,15.22,22.27
17.93,38.06,14.75,-21.91,-14.49,-11.47,22.46,4.04,14.2,-6.63,16.91,1.51,14.02
17.66,38.1,8.48,-27.18,-15.32,-27.25,2.11,-16.17,2.48,-17.63,3.52,-11.24,6.52
18.35,34.95,11.24,-28.17,-25.72,-23.41,8.45,-12.12,-2.5,-15.04,19.23,12.47,29.96
17.64,45.57,19.75,-32.51,-22.44,-17.63,21.72,-12.94,-0.1,-20.84,19.44,-3.86,13.74
17.93,47.03,14.45,-35.02,-16.09,-29.7,15.58,-16.28,10.77,-14.56,18.95,-5.05,17.19
18.47,30.68,8.38,-26.16,-27.44,-26.2,4.49,-5.93,4.62,-10.15,12.33,3.47,16.29
17.76,33.72,9.39,-21.93,-15.74,-16.97,3.68,-17.96,-10.52,-22.44,1.41,-4.86,11.27
17.38,35.37,15.25,-15.22,-14.78,-16.08,9.28,-3.01,6.92,-7.74,10.25,-1.81,8.8
17.82,32.37,9.87,-19.86,-15.02,-13.15,14.11,3.68,14.79,0.22,16.16,4.93,16.7
18.33,28.14,9.15,-7.87,-9.41,-4.95,11.58,10.08,11.08,1.16,7.07,6.05,12.56
17.99,22.29,2.77,-15.31,-17.33,-15.67,-0.66,-2.95,-0.1,-9.65,-5.88,-11.54,-7.28
17.84,29.28,6.71,-20.49,-19.58,-16.5,6.19,-4.79,-1.75,-16.24,-0.77,-7.78,1.24
17.67,33.27,15.39,-11.06,-13.29,-15.04,7.41,-1.21,6.49,-6.32,10.28,2.87,9.81
17.58,40.12,19.79,-19.4,-17.55,-18.61,13.26,-4.82,7.1,-8.26,18.79,1.33,11.19
18.01,37.82,18.77,-13.5,-13.16,-16.69,12.51,0.59,10.81,-7.56,13.2,5.12,19.19
17.51,39.2,16.75,-14.79,-10.1,-15.55,8.04,-7.18,12.03,1.35,25.79,7.47,14.31
17.6,39.71,17.78,-23.56,-17.98,-9.28,26.21,-2.81,-1.15,-20.46,13.23,-1.42,12.66
17.73,38.2,9.17,-28.68,-15.17,-10.18,17.84,-11.25,0.97,-16.76,12.49,-7.9,7.07
17.74,27.2,6.26,-16.96,-15.88,-14.57,3.23,-4.15,5.51,1.13,14.52,4.03,5.4
18.04,54.47,19.97,-39.99,-17.07,-29.38,23.16,-22.08,4.72,-20.05,25.95,-6.72,17.41
17.76,30.98,9.09,-18.93,-18.78,-20.58,-0.31,-11.44,-5.02,-17.76,-2.68,-10.13,0.6
17.3,33.42,11.64,-13.01,-11.83,-9.84,9.08,-2.22,2.86,-9.48,3.77,-5.28,3.95
17.35,53.73,21.69,-37.78,-15.77,-19.29,25.35,-21.6,5.54,-16.44,32.13,2.24,24.4
17.75,36.19,12.27,-19.35,-12.84,-13.18,8.45,-11.54,1.03,-8.66,18.43,6.37,16.14
17.63,46.46,21.84,-24.9,-14.38,-12.64,24.9,-6.81,8.48,-11.75,20.12,-0.56,16.11
17.4,34.96,11.35,-25.63,-22.45,-20.04,9.7,-10.04,-1.04,-17.32,8.12,-8.71,0.4
17.17,31.9,10.74,-15.54,-12.44,-11.37,9.86,-3.4,2.39,-9.83,7.1,1.55,10.79
18.24,45.86,16.57,-38.03,-26.06,-30.97,12.96,-18.03,4.05,-22.59,15.43,-11.99,10.62
17.86,36.23,13.35,-20.11,-15.74,-17.05,9.12,-5.6,7.04,-7.21,15.48,4.72,18.64
17.86,27.51,7.8,-9.84,-11.01,-12.17,-3.76,-12.89,-7.88,-7.85,8.08,5.68,7.04
17.8,33.78,10.52,-19.62,-14.48,-15.06,8.91,-4.48,4.5,-10.75,7.99,0.37,16.58
17.33,32.11,11.07,-11.56,-11.15,-12.58,1.99,-6.73,1.45,-4.99,8.65,2.26,9.79
17.29,35.58,11.42,-21.7,-15.21,-14.92,10.56,-6.26,6.75,-6.89,14.4,-0.62,10.1
17.59,44.17,17.0,-25.19,-10.62,-17.81,21.46,-2.22,13.48,-17.09,9.21,-8.17,15.96
19.29,31.81,6.95,-34.42,-30.58,-30.05,12.88,1.04,13.45,-18.21,0.83,-14.59,6.9
19.2,17.83,-3.87,-16.26,-14.85,-7.76,4.39,3.07,1.46,-5.91,-4.16,-4.37,2.34
17.65,28.45,9.28,-13.48,-15.62,-16.51,1.11,-3.87,3.43,-6.71,-1.35,-13.83,-9.64
17.54,31.66,11.74,-11.02,-9.67,-7.1,14.14,6.52,8.48,-8.73,0.67,-3.92,11.37
17.46,29.1,10.96,-8.84,-8.81,-7.89,10.0,4.14,7.74,-1.87,9.49,7.21,14.62
17.11,30.93,14.46,-8.52,-13.14,-15.81,3.04,-1.21,5.78,-5.16,4.57,-1.64,8.12
17.76,33.42,15.09,-11.8,-15.19,-20.58,0.33,-5.44,7.03,-4.59,10.1,-0.01,8.3
17.74,36.43,15.4,-13.14,-6.98,-5.48,20.87,6.11,12.05,-7.44,10.26,1.93,15.86
17.47,30.24,11.33,-11.64,-13.15,-13.71,2.53,-7.87,-3.25,-10.92,4.26,1.75,9.77
17.83,34.31,15.72,-11.76,-10.34,-8.93,14.98,1.45,3.7,-10.01,10.91,7.29,15.45
18.58,35.68,14.94,-15.95,-12.66,-13.94,14.62,4.48,17.66,2.23,22.29,11.77,22.78
17.65,29.35,13.16,-10.19,-13.57,-11.28,16.07,15.56,20.38,3.08,10.55,5.05,13.78
17.62,21.99,2.58,-13.72,-10.84,-8.48,5.23,-1.21,4.59,2.63,18.15,17.9,19.91
19.49,41.25,18.89,-27.6,-23.92,-24.93,24.41,8.95,26.8,-9.32,14.08,-5.79,23.21
18.13,31.96,12.44,-15.1,-13.1,-10.67,20.47,16.32,24.82,2.58,11.05,-0.15,13.04
18.05,32.43,14.01,-9.18,-12.74,-14.32,4.22,-0.06,7.59,-3.01,8.15,3.02,13.28
18.1,38.53,18.02,-15.16,-9.91,-9.3,20.53,1.81,5.24,-17.39,8.47,4.04,23.06
17.36,42.56,21.23,-19.75,-11.99,-8.65,31.61,5.9,9.83,-23.62,2.38,-13.07,11.46
17.93,28.42,11.66,-3.93,-5.08,-6.68,4.46,0.83,7.17,2.43,7.55,0.8,3.56
18.05,49.18,25.71,-27.16,-16.49,-14.35,22.65,-15.75,-3.1,-17.94,22.89,-4.7,5.93
17.8,32.43,13.0,-15.34,-16.58,-16.74,7.34,-1.93,5.78,-7.47,9.03,0.2,7.95
17.12,42.46,15.24,-22.24,-8.58,-19.18,14.3,-5.21,11.76,-9.87,13.52,0.24,19.41
17.03,44.15,19.91,-22.34,-12.66,-10.31,24.54,-5.79,5.01,-18.44,13.61,-2.81,13.82
17.4,36.18,11.73,-17.17,-10.05,-5.55,17.4,-0.02,6.43,-8.24,11.98,0.71,14.63
17.68,46.4,22.93,-23.33,-12.51,-6.47,31.42,-4.69,3.52,-19.6,19.28,1.72,18.53
17.89,40.39,19.84,-19.66,-17.09,-19.56,15.92,-0.11,14.21,-6.18,18.3,3.36,16.57
16.5,21.56,0.99,-18.94,-20.64,-20.98,-5.28,-8.5,-1.11,-5.18,7.45,6.44,13.36
18.02,39.46,21.83,-15.87,-18.78,-23.18,13.35,2.91,16.53,-5.98,17.27,5.22,20.75
17.58,50.73,26.38,-21.55,-10.58,-14.9,24.01,-6.73,15.11,-10.54,23.1,-0.16,18.31
17.07,29.88,12.97,-6.17,-9.97,-8.63,9.11,5.84,5.99,-8.23,-2.62,-5.18,2.58
17.46,38.94,21.87,-15.24,-20.82,-24.32,8.71,-2.12,9.02,-10.72,13.22,0.31,14.56
17.04,44.74,18.11,-22.67,-7.68,-12.7,19.32,-11.04,-0.34,-20.59,9.25,-6.23,15.37
17.93,49.16,18.45,-34.66,-17.45,-29.13,20.25,-16.43,10.39,-12.36,31.93,9.04,25.08
17.57,38.62,18.48,-17.41,-15.92,-15.36,16.65,-0.29,8.91,-8.5,17.53,4.8,15.85
17.07,53.59,21.62,-30.62,-6.39,-16.96,23.2,-15.37,10.45,-14.16,24.9,-4.92,18.95
17.19,40.88,18.03,-18.86,-11.16,-8.3,19.51,-6.43,-0.67,-19.65,9.16,-3.17,14.11
17.82,34.48,15.39,-12.14,-11.75,-11.24,14.16,4.32,9.6,-8.01,6.43,0.03,14.06
17.86,33.34,17.06,-5.78,-9.43,-9.76,8.7,0.13,2.25,-10.48,1.13,-4.81,2.21
17.08,26.47,8.32,-10.99,-12.27,-10.2,6.25,0.29,1.5,-9.81,-0.26,-0.85,7.84
16.97,40.68,19.77,-15.73,-7.49,-17.0,10.74,-3.21,16.06,-3.24,12.02,-6.09,11.17
17.76,45.93,23.03,-22.2,-15.24,-14.11,22.18,-4.32,6.74,-15.0,16.98,-3.18,15.01
16.71,21.13,4.37,-7.41,-8.03,-3.35,10.57,10.0,8.51,-3.23,-5.87,-10.6,-6.41
17.75,48.29,17.67,-33.75,-15.91,-27.39,9.15,-26.7,-4.42,-21.42,19.75,-8.47,7.33
17.93,32.03,14.6,-4.74,-7.7,-9.1,4.6,0.96,10.95,8.31,18.53,8.61,8.76
17.34,38.67,15.75,-21.72,-17.73,-20.86,8.95,-8.81,7.24,-8.33,18.77,6.0,20.85
17.56,29.82,8.49,-15.36,-15.11,-16.05,0.35,-7.76,3.56,-0.55,15.31,5.01,7.67
17.28,30.07,11.46,-8.4,-6.74,-5.46,9.58,1.54,8.17,2.91,15.14,7.3,8.75
17.54,53.61,26.2,-28.7,-14.19,-13.73,33.68,-6.18,11.26,-14.4,26.53,-6.57,12.39
17.48,32.64,16.0,-9.16,-12.28,-11.5,13.27,7.16,9.59,-10.77,-3.25,-10.16,3.5
17.23,40.4,15.85,-20.79,-17.32,-20.28,6.45,-14.43,1.94,-12.32,15.23,-1.06,14.05
16.9,34.81,11.58,-22.35,-19.68,-20.94,3.86,-11.12,1.28,-11.65,8.68,-4.86,8.91
17.3,37.31,16.68,-15.9,-12.09,-9.55,17.22,-1.68,3.24,-11.7,12.25,2.0,10.0
17.0,35.04,14.42,-15.65,-10.85,-6.37,23.35,8.12,11.8,-6.91,11.07,0.96,13.0
17.18,33.63,13.02,-19.85,-15.23,-7.69,26.16,11.06,14.2,-4.76,16.58,5.88,17.21
17.56,35.43,17.74,-17.2,-21.01,-18.14,15.2,0.64,4.01,-10.98,20.49,17.54,29.92
17.43,28.09,8.73,-13.71,-15.94,-14.58,4.7,-0.93,4.99,-4.91,7.76,6.61,18.7
17.85,38.53,18.25,-18.76,-14.98,-15.85,20.22,6.17,18.6,-8.88,13.8,3.35,28.72
17.48,48.3,21.92,-24.54,-16.38,-16.39,22.51,-10.28,6.16,-17.82,20.54,-3.15,18.96
17.46,56.27,28.18,-48.72,-30.01,-20.11,32.37,-36.48,-13.87,-23.03,25.72,-18.51,15.69
17.11,24.13,3.52,-16.75,-16.2,-11.0,12.83,14.75,25.36,18.0,27.45,19.22,21.65
18.0,48.81,25.07,-21.43,-12.18,-17.11,20.43,-8.11,11.28,-12.58,21.39,-2.67,12.38
17.39,42.01,21.74,-15.57,-11.63,-13.56,20.57,4.82,17.33,-6.21,14.64,2.06,22.45
17.51,32.65,14.19,-6.3,-2.76,-2.57,13.31,3.06,9.28,0.21,12.15,4.74,9.4
17.32,25.64,9.28,-10.45,-15.38,-14.14,6.55,7.57,10.8,-1.05,5.72,3.17,8.49
17.49,37.57,17.97,-15.38,-13.18,-14.01,15.58,2.05,13.4,-3.07,21.06,12.46,25.53
17.39,35.47,16.78,-14.58,-15.86,-16.69,11.29,-1.7,5.93,-10.01,14.42,9.44,23.45
17.66,42.08,19.44,-22.24,-15.14,-15.99,16.09,-12.95,1.15,-11.28,28.14,12.18,22.13
17.32,43.92,16.34,-26.94,-13.97,-14.1,23.55,-6.12,7.75,-18.62,15.25,-3.04,17.91
17.04,33.35,13.01,-13.34,-10.5,-10.21,11.73,0.12,7.38,-5.81,7.62,-3.82,3.72
17.8,38.52,16.79,-19.19,-16.57,-14.8,14.96,-3.17,4.8,-12.75,10.56,-4.57,7.18
17.09,22.01,6.11,-6.84,-11.71,-12.4,-1.15,1.38,6.67,3.14,5.1,0.94,1.47
16.82,52.31,19.12,-33.61,-10.69,-20.85,26.33,-12.66,12.98,-15.83,20.14,-11.9,10.67
17.58,31.61,10.79,-16.59,-16.01,-19.64,-0.18,-10.46,2.79,-3.81,15.6,5.99,11.96
17.9,49.33,18.85,-24.82,-6.63,-19.12,19.53,-13.77,12.15,-8.78,23.93,-2.19,15.63
17.61,41.13,20.54,-17.52,-16.28,-23.1,8.46,-8.01,10.03,-7.09,18.28,1.17,15.01
16.71,46.85,17.68,-37.65,-23.02,-22.78,19.17,-15.23,0.77,-20.3,19.52,-3.28,22.13
17.36,46.73,26.42,-23.0,-18.39,-19.45,20.08,-13.93,1.99,-13.66,28.06,4.3,18.12
17.25,36.45,13.83,-19.3,-17.93,-23.07,-0.06,-17.27,-2.96,-13.98,12.51,-0.53,12.15
17.77,38.81,17.54,-21.3,-20.96,-26.13,6.79,-7.01,12.41,-2.99,23.23,4.98,17.42
17.37,47.26,18.06,-27.86,-11.43,-24.41,16.05,-10.5,8.82,-16.19,13.08,-7.48,10.95
17.18,39.19,13.92,-28.63,-15.43,-8.27,31.08,0.97,6.14,-23.7,4.8,-12.71,10.68
16.95,41.66,16.07,-26.67,-16.12,-12.63,24.12,-2.74,5.38,-16.19,18.1,0.81,15.49
17.06,33.7,9.05,-20.52,-10.67,-8.64,12.32,-8.58,0.14,-10.15,12.37,1.23,11.84
17.75,44.07,18.36,-20.2,-9.61,-12.08,19.59,-5.7,11.04,-7.23,24.32,5.65,20.43
17.45,40.03,18.53,-21.4,-18.51,-17.67,16.54,-3.79,4.36,-16.36,12.92,4.98,26.77
17.86,34.29,17.18,-13.25,-15.67,-15.14,13.99,2.98,6.54,-11.35,10.37,8.65,24.14
17.75,27.27,8.47,-10.07,-9.73,-12.91,-5.52,-19.11,-14.61,-15.66,0.88,-1.49,1.35
17.41,27.65,11.44,-4.41,-8.33,-8.67,2.75,-1.61,-0.44,-6.28,4.47,7.26,13.18
17.9,32.76,14.63,-8.89,-6.74,-7.08,9.31,-7.38,-5.66,-15.03,7.24,8.84,20.02
17.38,40.89,24.2,-18.21,-17.85,-14.09,19.41,-5.25,-3.62,-20.84,12.15,1.13,14.65
17.01,41.18,19.42,-20.15,-13.31,-9.26,26.5,2.6,7.98,-14.96,14.88,3.9,21.93
16.77,38.01,14.71,-17.88,-10.46,-8.31,19.0,-1.92,4.35,-16.37,7.25,-2.77,16.12
16.73,48.86,15.12,-40.68,-14.58,-15.1,25.76,-20.35,5.24,-19.11,23.71,-0.21,21.15
16.77,42.63,20.07,-25.27,-15.6,-10.11,29.85,1.92,8.88,-14.85,19.44,3.66,24.19
17.22,46.83,21.69,-23.45,-12.97,-12.52,19.01,-14.99,-0.83,-22.01,16.04,-4.13,15.25
16.85,35.23,16.02,-13.7,-9.68,-6.26,23.19,6.15,6.68,-14.97,11.29,10.82,26.26
17.15,36.26,17.07,-18.5,-20.34,-17.81,16.28,3.55,8.96,-12.97,7.75,-2.87,9.15
17.47,33.51,15.26,-7.42,-6.38,-5.17,11.12,-3.27,-1.25,-10.55,8.56,6.3,13.71
17.11,24.22,11.06,0.96,-5.46,-7.27,0.67,2.31,2.0,-4.21,-3.21,-0.41,6.11
17.54,30.53,11.94,-7.24,-8.67,-6.96,9.15,5.92,11.51,2.18,8.35,-0.56,3.76
17.32,33.87,13.83,-14.85,-14.78,-19.64,-1.04,-14.84,-4.2,-11.05,11.34,4.18,12.75
17.72,41.86,20.53,-18.55,-14.99,-19.76,7.66,-17.79,-1.8,-16.01,20.8,10.83,30.03
17.1,31.35,11.9,-13.44,-13.69,-14.11,6.01,-3.89,6.15,0.76,20.03,12.1,17.21
17.36,38.52,13.58,-24.68,-18.43,-18.93,11.88,-9.58,4.24,-10.99,20.34,5.56,17.64
17.59,26.31,7.05,-13.14,-13.55,-15.44,-1.77,-6.01,8.18,9.82,24.52,16.19,16.2
17.71,57.66,23.2,-38.87,-8.94,-18.5,30.69,-26.69,6.96,-12.46,35.92,-0.37,12.19
16.74,43.96,19.97,-19.39,-10.85,-13.1,15.05,-9.92,5.72,-11.32,13.72,-7.03,7.57
17.19,38.64,20.98,-9.34,-12.33,-16.26,10.52,2.62,12.85,-6.09,7.88,-3.95,10.79
17.22,45.99,23.73,-24.95,-20.79,-18.29,24.44,-2.22,12.22,-10.73,24.34,4.29,24.24
16.69,31.1,12.92,-9.68,-14.83,-19.78,-2.0,-3.7,7.29,-0.84,9.73,0.44,7.85
16.98,28.44,11.03,-5.85,-6.2,-5.84,7.26,2.8,9.2,4.33,11.87,5.98,9.34
17.17,35.0,15.06,-13.13,-10.28,-9.69,14.47,1.43,9.31,-4.1,16.22,7.56,16.31
16.94,36.11,14.91,-17.47,-14.81,-17.18,10.28,-3.95,3.75,-16.44,2.34,-4.06,15.14
17.25,52.91,31.41,-43.14,-33.43,-19.78,39.07,-17.75,-5.25,-27.55,25.07,-16.05,0.46
17.28,31.03,11.87,-14.16,-16.44,-16.59,6.6,-0.17,5.93,-8.52,3.62,-2.75,8.04
18.0,41.89,19.51,-24.37,-18.58,-17.24,21.89,1.47,15.45,-5.65,23.77,1.72,14.15
17.59,44.24,12.54,-26.57,-5.31,-21.1,15.06,-10.41,10.85,-9.8,19.0,3.82,19.71
17.36,31.85,9.79,-17.75,-17.46,-14.79,9.8,0.8,7.89,-4.68,14.0,6.66,14.97
17.67,29.79,10.06,-15.87,-16.23,-16.6,5.35,-1.77,10.27,3.24,20.4,11.41,17.66
17.39,36.78,13.04,-24.57,-19.77,-19.26,14.71,-1.62,9.99,-8.52,19.52,7.44,21.48
17.1,41.66,18.7,-19.52,-14.62,-21.12,11.4,-8.72,6.07,-14.95,11.96,1.48,22.76
17.29,45.83,23.28,-25.81,-17.25,-17.12,24.92,-6.56,4.58,-25.34,9.44,-3.9,25.9
16.91,44.17,21.99,-19.75,-12.14,-14.04,23.27,-1.19,6.52,-21.08,7.5,-2.7,22.58
17.55,41.29,23.76,-10.65,-10.92,-13.06,18.47,4.75,14.63,-7.85,7.76,-8.18,9.74
17.08,32.73,9.96,-17.33,-13.38,-17.31,0.74,-11.94,1.18,-5.88,12.08,1.38,9.91
17.31,30.96,14.05,-7.39,-10.38,-9.76,10.63,9.13,17.64,6.77,12.18,-0.21,4.38
17.43,32.16,13.69,-13.02,-15.8,-15.61,8.29,1.45,6.44,-7.08,7.25,1.98,11.86
17.35,35.97,16.01,-11.83,-8.55,-9.98,13.76,3.52,12.24,-5.18,7.78,-4.12,5.98
17.26,34.63,15.51,-11.58,-10.94,-13.28,11.93,4.71,13.41,-4.43,7.4,-0.42,13.68
17.27,50.15,27.9,-29.13,-16.81,-8.22,35.76,-8.63,0.82,-15.84,32.35,2.54,10.18
16.74,22.92,5.04,-7.48,-5.73,-5.16,2.93,-1.13,5.82,5.79,10.77,3.67,5.23
17.1,40.59,16.77,-22.21,-11.15,-6.32,22.25,-8.82,-3.09,-18.72,13.93,-2.63,9.72
16.88,54.5,11.65,-39.53,2.18,-22.72,31.7,-18.31,11.07,-13.78,25.68,4.42,29.15
17.33,29.43,10.27,-12.64,-12.79,-9.47,10.72,2.84,6.3,-5.86,5.45,-1.63,5.31
17.08,27.69,8.18,-15.18,-16.28,-15.43,4.75,-1.73,1.61,-12.48,-2.96,-9.65,-0.31
17.53,36.14,17.75,-15.96,-16.69,-17.5,15.89,6.77,14.12,-11.59,1.55,-10.31,9.82
17.94,35.48,14.61,-18.57,-15.62,-16.53,15.34,0.66,6.01,-22.91,-10.04,-23.23,-3.25
17.08,32.38,10.06,-17.94,-14.93,-15.02,10.95,2.31,9.79,-9.54,1.27,-9.87,4.71
17.25,56.29,30.76,-35.14,-19.57,-9.67,46.89,-6.4,4.0,-24.61,29.5,-6.49,13.17
17.47,27.7,8.39,-12.3,-13.51,-10.06,7.82,3.57,6.05,-5.96,-1.13,-7.66,-0.11
17.7,44.85,18.37,-24.59,-8.87,-8.68,25.89,-6.22,3.78,-21.81,8.96,-8.02,12.78
17.39,32.54,12.32,-15.91,-17.22,-17.09,4.76,-7.28,-0.31,-10.64,9.0,3.68,13.59
16.62,27.26,10.42,-5.49,-6.03,-4.48,9.47,4.66,5.86,-3.74,2.52,1.17,8.99
17.58,56.8,27.39,-32.25,-1.87,-6.06,37.98,-7.88,14.84,-7.53,25.79,-6.53,12.31
17.43,29.7,11.93,-12.56,-15.9,-16.18,6.85,3.51,12.47,3.43,16.42,9.03,15.05
18.06,36.63,16.76,-13.77,-10.14,-15.15,8.29,-7.13,9.68,2.0,27.8,12.97,17.27
16.86,43.64,12.21,-34.64,-16.75,-21.89,15.99,-12.19,11.11,-10.74,24.4,3.07,23.5
17.78,40.29,20.73,-19.44,-19.56,-23.24,12.64,-1.96,10.81,-12.05,12.41,-3.17,12.0
17.49,34.2,12.4,-20.07,-17.92,-18.49,7.55,-7.66,-0.47,-17.12,7.14,1.73,16.25
16.58,42.34,10.96,-31.41,-7.99,-13.79,27.09,-6.59,5.7,-22.08,9.9,-3.5,17.55
17.66,29.38,11.94,-9.11,-12.18,-11.51,7.92,5.23,10.27,-0.53,8.82,6.3,15.7
16.85,50.06,23.82,-28.56,-16.62,-17.28,26.77,-7.92,8.58,-21.0,17.09,-1.68,25.43
16.98,46.9,22.92,-21.71,-10.73,-13.56,18.5,-10.82,2.8,-16.86,18.53,1.52,21.36
17.12,47.12,18.01,-29.83,-8.21,-12.02,27.15,-5.99,12.88,-14.6,15.56,-6.01,11.81
17.24,34.11,11.67,-17.44,-12.4,-12.42,12.94,1.46,11.11,-4.96,11.11,2.4,17.13
17.51,37.38,15.63,-18.8,-15.81,-13.97,18.34,4.58,15.0,-2.88,19.5,6.44,18.1
17.33,59.68,23.29,-45.32,-12.94,-19.58,37.43,-13.88,17.03,-16.41,23.4,-15.03,18.64
17.26,48.9,18.79,-33.84,-15.38,-12.59,35.55,2.8,21.98,-12.4,27.98,0.97,24.18
17.07,39.33,18.65,-19.31,-15.11,-12.02,22.5,3.07,7.71,-14.99,11.99,3.34,19.47
16.62,27.55,6.85,-16.01,-18.05,-18.36,0.22,-4.07,4.45,-4.9,5.7,-1.66,6.35
16.96,30.12,12.36,-16.94,-20.43,-18.11,15.23,11.12,12.87,-12.69,1.96,2.09,22.24
16.88,27.45,8.07,-8.6,-7.74,-3.2,10.85,4.36,3.36,-6.7,0.07,-2.44,5.01
16.53,31.16,9.53,-16.28,-12.72,-13.16,5.52,-7.94,-2.4,-12.49,6.61,1.76,11.08
16.41,27.79,7.11,-14.64,-9.1,-0.88,22.12,9.38,5.78,-13.6,-1.31,-4.53,6.33
17.07,34.39,14.04,-17.1,-14.01,-8.62,20.01,3.96,8.05,-7.62,15.76,8.09,16.72
17.16,47.75,28.37,-32.04,-26.81,-19.03,24.16,-19.8,-14.21,-23.35,24.85,-7.51,-0.98
16.86,33.63,13.74,-17.95,-20.27,-19.2,6.27,-7.77,-3.25,-15.49,8.03,3.63,14.47
16.24,37.03,15.07,-20.88,-19.58,-17.84,15.24,-3.83,1.91,-18.78,8.45,-1.1,10.5
17.04,37.79,15.35,-16.35,-8.27,-7.7,13.01,-10.85,-1.02,-8.98,18.03,3.88,9.48
16.75,40.32,19.65,-27.85,-23.04,-12.77,31.55,3.45,12.57,-5.05,32.62,9.4,12.29
17.13,29.22,11.08,-9.9,-9.94,-7.37,13.2,7.06,8.54,-6.85,0.83,-3.09,6.24
16.78,41.55,15.74,-21.91,-11.77,-11.28,22.32,-3.11,6.94,-19.6,4.98,-10.68,12.94
16.5,38.8,15.75,-18.71,-9.14,-8.22,24.46,6.2,14.28,-10.75,9.96,-1.88,15.59
17.64,45.91,21.93,-20.99,-10.44,-10.04,23.78,-5.42,4.75,-18.8,11.05,-9.21,6.69
17.59,39.8,16.54,-20.96,-12.86,-11.9,21.88,3.4,14.07,-8.72,14.64,-0.78,15.56
16.73,30.46,10.99,-7.19,-8.64,-8.21,6.2,1.55,6.39,-1.98,5.66,0.09,7.18
17.31,30.96,13.25,-7.87,-8.24,-10.88,4.82,-4.42,2.9,-1.63,14.85,8.76,9.91
17.15,30.09,12.45,-11.28,-13.48,-11.41,13.62,10.39,14.43,-1.49,8.74,3.98,13.68
16.63,47.21,19.09,-27.68,-9.17,-9.5,18.64,-22.07,-4.65,-21.66,19.42,-0.85,22.34
16.8,53.89,27.36,-35.38,-10.55,-3.48,33.02,-22.47,-10.02,-23.71,31.49,-1.65,12.83
17.56,39.95,17.83,-17.97,-11.58,-10.25,17.03,-6.58,1.18,-14.22,13.76,0.27,8.43
17.89,57.98,21.58,-36.34,-2.92,-13.05,31.48,-22.62,7.12,-14.09,33.83,2.75,25.27
17.61,22.59,3.49,-11.65,-8.94,-5.52,6.64,0.26,2.82,-1.84,7.37,4.11,4.98
17.46,34.34,12.53,-17.59,-10.9,-6.28,21.1,2.02,3.07,-18.0,1.61,-8.72,3.3
18.45,31.95,9.89,-24.77,-20.83,-17.32,18.44,7.38,15.91,-11.1,3.25,-10.24,10.55
17.85,54.34,22.06,-35.92,-17.55,-22.14,31.79,-11.39,15.94,-24.99,13.6,-21.89,12.93
17.02,24.28,5.58,-10.73,-8.04,-3.26,13.23,7.8,7.3,-5.0,0.23,-3.66,2.97
17.44,37.75,21.04,-12.72,-14.9,-14.26,18.79,9.17,14.43,-6.34,13.24,3.05,13.31
16.96,27.6,8.72,-11.65,-11.15,-8.24,10.04,3.98,7.39,-3.06,5.56,0.28,6.52
17.62,29.46,8.11,-11.37,-5.81,-2.14,10.09,-5.69,-1.85,-6.68,11.41,4.47,7.73
17.64,57.61,20.51,-43.38,-5.59,-7.75,49.8,-10.15,16.19,-15.37,26.38,-6.42,13.39
16.89,40.22,12.81,-22.93,-8.23,-7.95,20.72,-5.69,2.75,-18.53,10.48,-1.47,19.46
17.35,39.43,20.18,-14.36,-11.86,-7.88,22.26,1.43,2.94,-16.63,9.0,0.19,13.8
16.94,31.71,12.79,-9.15,-7.79,-5.42,14.07,5.56,9.65,-2.82,7.52,-0.79,8.45
17.65,40.61,19.93,-17.31,-10.38,-8.22,21.79,-4.55,6.32,-7.32,27.43,12.52,22.78
17.65,35.14,14.93,-14.3,-9.96,-10.21,16.69,4.81,10.77,-9.07,7.02,-0.85,13.49
17.65,56.21,28.09,-37.18,-16.97,-7.28,41.39,-16.11,4.59,-12.34,34.79,-5.44,18.06
16.92,37.62,19.3,-17.22,-18.72,-19.3,12.77,-2.04,7.4,-10.57,9.98,-0.7,13.11
17.24,28.92,9.84,-11.96,-13.47,-14.11,4.34,-0.15,6.47,-2.92,6.81,1.59,10.05
17.74,36.44,14.49,-21.47,-18.35,-16.92,15.43,1.05,11.01,-10.72,12.41,2.56,23.81
18.6,42.92,19.86,-34.41,-23.23,-16.96,38.98,3.49,7.44,-37.03,-3.3,-22.9,13.4
17.61,28.29,8.77,-14.24,-14.03,-12.86,10.1,5.66,13.2,-1.93,6.85,-1.9,9.96
17.48,40.38,21.22,-21.05,-20.98,-16.84,24.25,3.7,8.65,-18.96,8.84,-3.21,17.18
17.48,55.12,29.94,-36.57,-17.09,-10.05,38.66,-10.54,11.79,-4.29,37.91,2.66,25.28
16.86,24.27,6.6,-9.7,-11.5,-9.42,5.93,4.91,8.78,1.81,7.01,3.63,7.86
17.48,42.55,23.14,-21.84,-18.51,-17.0,26.34,6.42,17.67,-10.33,14.9,-0.18,21.56
17.41,56.68,26.95,-40.89,-18.09,-11.9,27.69,-21.42,12.16,-13.24,19.73,-23.17,10.85
17.68,56.03,33.13,-44.63,-29.06,-15.72,46.51,-17.97,-0.52,-6.76,48.77,1.05,17.69
17.71,35.99,18.0,-13.14,-15.86,-16.2,12.54,3.67,12.8,-2.14,14.4,1.29,9.7
17.58,26.92,8.42,-6.69,-8.2,-4.0,10.39,11.96,15.72,9.89,12.12,6.63,8.57
16.9,41.27,20.31,-18.04,-12.95,-12.41,18.58,-4.39,4.2,-11.73,22.27,11.81,22.2
17.16,46.59,16.65,-25.48,-9.08,-20.16,17.54,-12.35,5.01,-24.22,6.71,-12.09,10.36
17.19,58.12,20.82,-39.61,-8.13,-32.38,24.74,-16.29,11.75,-22.22,13.78,-13.65,21.39
17.38,27.65,9.64,-9.0,-10.08,-6.6,11.83,9.02,12.19,0.89,5.02,-1.8,4.54
18.11,57.64,18.24,-31.42,5.43,-28.9,31.45,-17.76,14.31,-11.92,21.84,9.36,28.37
17.51,48.77,20.09,-26.79,-9.71,-19.17,19.17,-14.47,3.24,-23.52,15.74,-2.63,20.08
17.3,44.51,15.78,-32.12,-17.64,-20.7,17.83,-13.99,6.36,-14.52,22.44,1.71,19.13
17.58,34.71,16.0,-14.63,-17.76,-19.42,5.51,-7.59,-2.46,-16.32,6.88,4.56,19.1
17.44,28.22,7.8,-17.18,-18.62,-20.26,-3.03,-12.1,-4.91,-11.6,4.27,-2.07,2.12
17.03,23.77,5.4,-13.88,-19.42,-18.44,-0.41,-0.07,1.53,-8.94,-0.42,3.17,13.98
16.67,45.59,17.15,-31.54,-15.16,-17.95,22.33,-8.22,12.64,-11.01,23.6,-5.3,10.63
17.21,34.05,14.74,-9.18,-10.8,-11.58,9.8,4.18,12.35,-1.94,7.8,-1.71,8.98
17.34,28.62,10.54,-9.29,-11.53,-13.07,3.22,0.21,7.61,-2.45,2.77,-3.84,5.48
17.19,41.85,22.32,-27.05,-23.4,-16.52,25.48,-5.49,1.11,-14.0,22.67,3.11,9.12
16.73,29.11,9.97,-11.88,-11.39,-9.42,10.45,4.65,9.79,-1.25,9.09,4.16,11.91
17.24,46.02,21.02,-25.99,-15.58,-10.9,25.22,-8.36,7.15,-11.23,24.56,0.88,15.23
17.26,49.54,15.55,-28.28,-0.33,-15.78,26.44,-11.44,9.09,-17.15,19.08,2.42,20.17
16.99,39.9,11.1,-21.98,-3.16,-5.58,23.84,-2.36,7.56,-14.35,11.68,-2.21,12.93
17.25,58.42,25.21,-39.98,-12.03,-11.33,41.11,-22.13,2.39,-16.38,34.53,-2.8,16.79
16.91,28.22,8.23,-15.17,-14.97,-9.97,11.64,3.6,6.36,-4.66,10.99,9.32,17.7
16.74,23.72,3.17,-16.81,-17.65,-18.08,-5.56,-12.93,-6.7,-10.06,2.7,-0.96,2.44
17.69,31.14,13.98,-3.8,-5.0,-4.0,9.5,1.11,0.4,-10.52,-1.94,-3.48,5.69
17.47,48.4,19.48,-30.97,-12.97,-15.94,23.01,-10.78,6.3,-21.22,14.27,-6.26,17.41
17.59,32.25,13.85,-14.49,-18.03,-17.12,5.85,-4.11,-2.22,-18.24,-4.23,-10.56,-1.76
17.51,27.6,11.13,-4.53,-5.9,-4.3,9.1,5.52,7.49,-0.85,4.22,0.74,7.17
17.09,48.92,20.26,-28.2,-10.29,-15.5,30.34,-1.5,16.93,-13.48,19.93,-4.17,16.17
17.09,50.12,25.14,-27.74,-16.96,-20.25,24.34,-11.64,5.37,-17.46,18.99,-5.88,11.27
17.09,52.43,22.81,-27.46,-6.54,-16.06,27.88,-5.23,12.86,-17.91,15.83,-12.1,12.28
16.65,42.93,17.78,-23.51,-13.59,-22.35,11.64,-6.77,12.06,-9.22,15.21,-2.12,15.14
16.0,28.89,10.84,-13.18,-13.06,-10.97,10.74,2.27,5.52,-7.91,3.88,-1.22,9.7
17.75,37.66,18.55,-18.4,-21.71,-27.11,5.92,-3.1,12.96,-7.35,11.96,-2.9,14.29
17.39,30.21,13.09,-11.92,-16.99,-18.29,7.19,6.88,15.24,-0.69,8.06,-0.78,7.36
16.97,39.24,14.37,-19.05,-9.09,-13.64,11.71,-7.06,8.22,-4.42,21.12,4.16,11.32
17.0,34.37,15.2,-9.0,-9.5,-11.93,4.71,-5.34,0.84,-7.83,7.62,0.02,7.92
17.25,30.86,16.0,-5.7,-12.37,-15.16,4.7,2.55,9.04,-1.47,9.89,5.76,11.24
17.13,35.18,14.45,-15.91,-13.25,-13.43,11.41,-3.28,4.64,-8.59,14.93,9.0,20.73
16.73,28.0,11.89,-7.34,-13.16,-15.76,0.2,-0.71,6.54,-1.71,4.78,-0.17,6.64
17.04,47.27,23.58,-22.69,-11.69,-12.05,22.15,-4.4,10.8,-11.98,17.88,-6.52,9.81
16.76,50.44,20.46,-24.17,-0.71,-20.37,21.26,-4.83,19.33,-2.85,23.35,4.09,20.38
16.38,53.57,23.85,-38.88,-12.62,-15.19,22.86,-21.46,3.4,-11.54,28.57,0.63,25.6
16.43,41.7,12.5,-28.52,-10.69,-16.27,23.2,-0.44,15.17,-15.17,11.5,-6.91,13.85
16.65,25.32,5.25,-14.85,-15.32,-13.29,4.21,-2.26,0.87,-8.28,6.31,8.96,21.53
15.91,26.78,12.15,-5.51,-12.34,-12.01,9.03,11.69,13.35,-1.37,2.12,4.05,14.69
16.37,41.84,16.77,-23.74,-14.12,-14.7,19.6,-3.34,7.01,-16.38,12.71,-2.69,15.55
16.15,34.29,15.52,-14.35,-14.93,-13.63,16.75,6.95,12.18,-6.86,12.19,10.42,26.32
15.69,39.73,11.56,-27.61,-14.41,-10.21,30.39,10.18,24.28,-4.11,20.85,1.52,27.51
16.24,41.66,23.46,-18.93,-17.33,-15.84,30.16,10.9,16.62,-19.81,6.52,-3.84,23.51
15.77,36.14,17.64,-13.77,-10.24,-5.29,30.48,14.86,14.37,-16.86,-1.81,-10.13,11.11
15.6,19.86,2.62,-10.17,-9.92,-5.03,10.58,9.58,8.68,-3.2,-3.18,-4.31,6.18
15.85,48.09,18.67,-29.05,-10.53,-13.57,19.35,-10.83,7.26,-14.24,20.73,-4.24,13.14
15.89,53.06,21.82,-33.74,-10.21,-27.72,22.97,-13.75,7.58,-23.53,11.41,-4.89,26.19
15.45,26.49,5.64,-12.98,-11.59,-5.07,13.0,7.41,6.07,-7.7,-1.71,-5.31,6.84
15.98,27.61,12.41,-5.2,-10.27,-9.34,9.32,8.42,7.45,-7.64,-2.34,-0.06,13.11
16.25,40.17,19.91,-17.83,-15.79,-14.18,18.78,0.19,7.11,-15.09,11.39,2.03,19.8
15.71,39.64,18.5,-16.86,-10.54,-7.67,20.82,-3.86,-1.47,-21.69,6.59,0.85,16.7
15.84,40.25,11.45,-25.12,-12.61,-18.52,2.58,-28.42,-15.49,-29.8,1.35,-11.41,4.96
15.64,27.89,11.03,-10.7,-16.54,-17.4,1.95,-0.62,1.75,-9.87,1.61,3.62,15.29
16.14,36.71,12.39,-21.74,-19.83,-23.48,-1.25,-19.93,-11.19,-24.87,-0.75,-10.32,9.19
16.04,20.36,4.28,-6.53,-9.97,-10.71,-3.7,-4.44,-1.09,-0.69,6.91,10.45,14.25
16.18,46.06,20.31,-27.36,-17.53,-17.88,17.45,-12.75,3.22,-13.45,24.26,-1.15,23.08
15.66,40.21,19.09,-18.02,-13.55,-12.21,11.81,-12.59,-4.34,-15.18,14.01,2.17,13.71
14.72,45.89,16.87,-30.84,-9.99,-13.48,17.85,-12.62,11.57,-6.58,25.01,-2.0,12.87
14.59,44.59,19.3,-22.39,-7.21,-13.37,19.12,-3.66,9.56,-10.63,13.98,-3.39,9.78
15.52,33.39,14.59,-12.41,-8.95,-5.94,16.6,2.64,8.34,-1.26,18.18,11.14,19.75
15.26,31.8,15.21,-7.65,-7.25,-1.29,21.7,12.07,8.98,-9.17,0.57,-4.87,4.37
14.74,35.26,14.25,-17.84,-14.24,-11.81,13.42,-6.48,-7.42,-28.29,-4.5,-8.65,14.01
14.72,37.46,16.59,-17.41,-11.52,-7.59,22.02,-0.3,0.6,-18.38,5.15,-2.31,12.8
15.07,34.38,16.29,-10.21,-11.52,-9.07,14.48,1.43,3.88,-14.49,1.06,-5.79,5.7
15.3,33.06,12.46,-16.89,-14.83,-14.2,10.81,-3.64,-1.76,-19.58,-1.18,-4.62,12.95
15.64,46.67,20.87,-22.65,-10.7,-7.96,28.67,-3.49,10.88,-11.58,26.86,5.82,23.15
15.28,25.92,9.69,-3.45,-5.53,-7.35,0.2,-2.12,4.23,3.65,9.58,4.34,6.81
14.79,33.17,13.75,-11.71,-12.64,-10.66,8.6,-8.25,-3.95,-13.37,12.5,8.38,13.59
15.3,24.17,5.57,-12.51,-13.56,-12.33,-0.39,-9.61,-10.98,-19.46,-7.23,-4.43,4.0
15.53,31.43,12.47,-11.03,-9.4,-4.95,17.5,7.54,8.24,-5.61,7.81,1.62,8.9
15.0,32.48,12.08,-14.72,-9.38,-3.77,16.42,-1.35,0.51,-12.61,8.59,3.59,15.89
14.66,30.54,12.3,-9.83,-10.62,-9.47,5.24,-7.94,-3.8,-11.79,7.91,7.41,14.36
15.39,42.05,22.08,-18.18,-14.51,-7.08,34.92,9.29,11.95,-19.78,8.88,-3.44,15.45
14.73,20.24,4.81,-6.7,-9.94,-10.28,-0.3,-2.07,-3.28,-13.33,-12.56,-12.66,-3.62
14.93,50.11,28.96,-37.08,-18.41,-11.3,29.1,-6.83,-3.66,-27.06,8.91,-18.08,15.58
14.59,25.48,8.11,-7.84,-9.07,-6.94,8.41,4.83,6.7,-3.79,-0.54,-4.05,3.51
14.2,36.57,14.93,-14.27,-5.46,-2.94,19.29,-2.0,4.77,-10.78,9.05,1.57,12.52
15.13,45.44,22.47,-18.41,-9.0,-8.59,22.13,-1.48,7.86,-14.36,14.03,-5.52,8.96
14.86,36.82,15.8,-15.25,-10.41,-9.65,14.86,-0.62,8.51,-3.43,15.66,3.31,10.53
14.89,35.41,11.34,-27.33,-20.3,-16.22,13.33,-6.58,1.82,-11.86,12.57,-3.89,6.87
14.74,32.88,14.49,-10.77,-6.9,-3.82,18.21,1.01,1.23,-19.59,-9.33,-11.33,10.99
14.75,32.36,14.83,-9.93,-10.73,-9.93,12.66,2.18,1.65,-20.47,-10.33,-14.34,6.88
