17.95,17.19,14.54,15.49,0.75,9.0,0.37,-0.11,-14.12,-12.33,-11.77,-1.9,-2.4
18.41,38.34,26.12,6.87,6.6,2.69,12.17,-9.65,-14.27,-25.3,-5.26,-3.74,6.02
18.47,36.51,24.65,9.64,8.5,3.99,11.14,-3.6,-7.95,-22.02,-9.77,-7.47,5.9
19.04,27.73,17.58,12.54,12.74,10.83,11.25,-1.22,-9.95,-18.85,-13.91,-7.78,2.84
18.21,39.67,27.29,10.43,11.1,4.18,12.0,-5.04,-4.83,-14.91,3.45,1.49,15.32
17.53,22.1,9.86,5.64,1.63,-2.34,-4.61,-7.32,-5.29,-0.46,3.93,5.23,4.8
18.68,43.0,26.47,-6.22,-4.0,-3.17,23.81,-2.53,-4.96,-26.29,3.13,-3.01,10.75
18.58,31.14,17.15,5.76,5.92,3.89,7.24,-5.23,-6.68,-11.21,-2.02,-4.55,-3.15
17.59,37.54,24.65,3.71,-0.56,-2.8,9.89,-4.36,-7.52,-18.42,0.32,-0.86,6.62
17.79,37.66,23.36,4.56,5.07,2.12,13.37,-2.26,-4.47,-19.23,-5.53,-8.13,2.9
17.89,27.53,16.31,9.01,6.04,3.17,4.99,-1.45,-1.09,0.6,10.06,13.13,12.21
18.24,30.45,21.52,12.97,9.21,4.9,8.71,0.22,-2.69,-7.81,-0.43,2.7,8.24
18.81,31.64,20.69,12.74,10.58,6.3,10.13,2.69,1.4,-3.6,1.86,4.13,6.02
17.84,43.66,31.61,3.73,3.81,1.29,18.54,-10.13,-10.07,-20.99,8.77,5.23,14.62
17.0,55.95,41.91,-13.22,-3.07,-2.56,30.57,-20.53,-16.72,-19.7,15.98,-6.84,10.63
16.83,27.47,15.8,8.46,3.97,-0.66,-0.33,-4.75,-3.64,-2.51,1.89,2.29,4.58
17.49,28.18,17.3,9.41,3.46,-1.34,1.48,-1.31,-2.36,-6.53,-2.8,0.75,6.79
17.26,28.44,17.72,11.54,9.63,4.97,3.86,-7.5,-11.52,-14.35,-6.99,-3.52,3.86
18.04,30.94,18.99,7.8,3.13,-1.51,3.52,-0.44,1.46,-2.85,1.38,-2.43,-0.73
18.28,33.4,20.81,9.24,7.03,4.01,8.45,-4.5,-9.13,-18.68,-10.34,-8.02,1.45
17.6,45.27,31.33,2.8,6.08,-0.48,15.37,-20.1,-19.09,-32.14,4.02,0.23,14.2
18.59,29.95,19.52,12.17,11.78,9.61,11.73,-0.31,-7.68,-15.89,-7.25,0.23,10.65
17.9,27.16,14.88,7.17,4.86,3.63,8.03,2.69,0.22,-3.12,2.35,5.29,8.56
17.57,44.5,27.18,0.33,9.94,7.93,23.66,-8.91,-9.39,-21.69,9.8,4.24,18.2
16.56,40.61,25.95,-2.94,-4.94,-5.76,20.06,1.85,-2.16,-21.9,1.08,0.39,14.65
17.41,35.64,21.37,1.63,0.45,1.4,17.72,3.31,-0.17,-14.73,0.13,-0.06,9.02
17.07,54.64,22.23,-18.02,15.68,-12.07,32.85,-13.27,0.11,-30.88,1.2,-7.88,22.35
17.13,27.53,12.57,3.57,1.37,1.76,5.06,0.0,-2.62,-4.14,3.74,10.02,15.07
17.59,50.85,33.87,-8.86,1.82,-2.5,30.49,-8.2,-7.13,-28.57,11.26,-0.43,34.38
17.21,39.68,25.54,-1.82,-6.79,-14.43,5.79,-9.76,-9.7,-25.67,-2.44,0.01,19.58
18.2,30.4,17.93,6.12,5.18,4.56,13.0,2.76,0.21,-6.83,6.5,14.17,25.84
17.86,31.51,17.75,4.48,1.54,-0.9,6.95,-2.08,-2.79,-8.03,4.71,11.32,23.74
17.44,28.4,15.75,8.03,9.05,7.31,8.65,-2.48,-5.02,-7.06,2.34,6.17,11.98
17.92,37.76,23.72,-0.28,-5.01,-9.62,8.13,-3.1,-0.18,-14.82,0.11,-1.41,13.06
18.28,36.47,22.15,3.56,3.15,0.37,10.73,-4.87,-4.89,-12.66,4.09,4.63,14.38
18.27,35.74,21.48,4.13,3.18,1.09,11.61,-1.31,-0.18,-9.4,-0.11,-5.97,0.95
17.71,41.04,27.03,0.46,2.43,-1.27,19.83,0.06,4.7,-5.53,21.03,11.4,19.37
17.15,27.99,15.65,3.09,-4.34,-12.26,-8.41,-11.73,-4.97,-3.91,4.58,-0.17,-1.86
18.32,39.7,26.24,1.26,-0.27,-1.6,17.28,-2.63,-5.6,-19.05,6.26,8.83,21.55
18.16,44.49,32.79,-0.05,-3.6,-7.21,21.03,-1.62,-8.79,-32.58,-8.52,-14.29,0.96
18.59,31.29,19.63,8.87,4.38,1.0,6.83,2.38,0.81,-8.43,-8.67,-11.82,-5.76
18.54,25.06,13.38,9.09,8.68,8.08,8.43,0.79,-5.5,-12.25,-13.04,-14.11,-11.37
17.0,48.84,32.66,-9.49,-5.64,-3.92,38.25,1.51,-1.53,-31.15,7.37,-0.95,23.87
18.29,39.74,22.88,3.17,5.42,4.24,17.97,2.15,0.65,-16.92,-4.07,-7.91,5.58
17.83,25.06,11.89,3.67,1.85,0.56,3.46,-4.41,-8.15,-11.07,-2.76,3.35,9.7
18.07,34.93,18.22,0.23,1.83,1.93,13.83,-0.62,-4.0,-17.82,-5.36,-4.96,8.97
17.22,31.38,18.44,4.01,1.92,-1.17,8.38,-0.07,-1.03,-13.22,-5.99,-4.31,10.03
17.78,31.8,18.07,6.12,3.65,3.68,9.99,3.2,1.05,-3.68,4.05,6.44,11.11
18.28,27.57,15.31,4.38,-0.15,-1.19,6.79,0.79,-6.15,-17.77,-12.51,-4.98,6.75
18.52,29.63,18.36,8.04,6.6,1.9,3.28,-11.0,-14.2,-17.3,-2.14,2.17,7.01
18.84,29.59,17.22,7.85,6.8,7.49,14.07,5.92,2.14,-4.34,1.09,2.75,7.77
18.88,24.67,12.69,8.11,4.94,4.53,6.71,6.24,5.91,5.79,5.82,6.54,7.95
18.52,36.25,23.04,7.45,7.37,4.69,13.12,0.0,0.74,-6.06,7.24,8.48,19.24
18.24,26.22,16.27,9.15,4.42,1.56,7.58,6.92,5.28,-4.1,-8.62,-12.53,-9.55
17.44,25.73,14.49,8.34,4.09,2.16,5.89,4.71,2.72,-2.33,-2.89,-1.9,3.32
17.13,24.04,9.96,4.33,1.69,2.4,3.37,0.66,-1.25,-0.02,2.46,5.32,6.98
17.9,35.74,23.42,5.38,4.5,5.81,23.08,8.86,0.97,-16.83,-2.83,-0.22,10.93
17.44,36.62,23.39,4.93,3.6,2.76,17.97,3.9,-2.67,-20.56,-9.45,-10.04,3.31
18.27,29.45,16.08,5.13,5.83,7.26,14.64,4.01,-3.29,-14.72,-8.59,-6.21,3.16
18.29,27.06,16.97,7.82,0.62,-6.56,-2.59,-4.03,-0.92,-4.72,-2.24,-4.41,-0.62
18.41,50.81,31.84,-5.89,4.05,-2.73,27.57,-7.95,-5.46,-28.81,4.23,-11.06,13.16
17.64,35.07,21.12,4.57,4.17,2.75,12.11,-3.44,-6.0,-18.39,-8.39,-11.18,0.18
17.69,29.31,14.99,2.41,4.49,7.99,19.15,7.82,0.74,-12.58,-6.44,-5.36,3.11
18.01,40.62,26.42,3.81,5.92,2.59,21.26,4.18,3.77,-16.35,-4.69,-8.46,9.84
17.33,28.67,16.03,6.52,6.59,5.3,7.45,-7.75,-17.17,-25.6,-16.43,-10.13,1.18
17.28,34.77,21.7,3.15,2.78,2.82,15.95,0.33,-5.45,-20.11,-4.43,-2.1,9.85
17.16,22.74,8.61,0.85,0.07,-0.22,2.54,-5.13,-9.32,-13.07,-6.89,-2.13,3.97
17.8,32.67,19.84,3.87,1.81,3.89,20.15,11.74,4.01,-14.03,-6.27,-2.31,10.0
18.1,40.77,25.92,-0.39,0.64,2.95,22.82,-1.03,-4.47,-17.84,5.26,2.78,14.0
18.32,30.33,14.64,-1.83,-4.63,-8.8,-2.85,-17.53,-21.83,-32.82,-20.93,-16.56,-0.07
18.84,39.05,28.17,9.56,6.08,2.68,15.48,0.04,-5.83,-21.55,-7.46,-6.73,6.74
18.11,24.21,12.96,10.58,11.51,9.17,3.62,-10.3,-17.37,-17.51,-7.08,1.05,7.4
17.88,35.25,21.38,6.03,8.61,10.79,20.86,3.83,-2.59,-15.66,-4.57,-6.17,3.81
17.72,24.14,11.79,7.65,6.6,5.36,4.27,-2.39,-4.76,-5.88,-3.69,-4.23,-4.15
18.04,39.72,28.02,5.93,6.76,10.48,33.04,14.12,5.19,-19.16,-2.66,-0.82,14.49
17.86,29.23,17.34,10.39,10.07,9.08,9.54,-1.97,-8.1,-11.35,-1.73,4.9,10.51
18.09,23.47,11.22,5.01,1.34,-1.74,-1.43,-8.09,-13.2,-17.83,-14.78,-9.77,-3.0
18.1,30.36,17.53,7.23,5.84,4.6,9.71,-1.07,-8.15,-18.81,-13.27,-9.06,5.0
18.43,40.87,28.35,3.84,3.09,-0.84,18.55,0.09,-2.91,-25.36,-5.93,-3.41,17.95
18.48,33.63,18.54,1.23,-0.92,-1.54,10.75,-0.28,-6.06,-21.45,-14.45,-13.18,-0.01
18.2,29.8,15.73,4.16,5.99,6.14,12.86,1.63,-1.44,-9.73,-2.8,-3.31,2.69
18.28,29.57,17.18,6.86,3.19,0.73,3.92,-5.66,-12.38,-20.16,-13.13,-8.3,-1.58
18.7,28.54,15.64,6.95,6.3,4.98,9.56,4.07,4.2,0.06,2.86,-2.78,-4.53
18.9,25.51,13.49,7.44,3.44,1.02,2.63,0.42,-0.16,-2.29,-2.64,-3.94,-4.15
18.1,26.92,14.28,5.48,2.46,0.59,6.08,2.51,1.62,-1.69,3.33,6.08,11.57
17.71,33.35,20.49,3.86,-1.14,-5.35,6.83,2.49,6.08,-3.86,2.65,-1.76,3.77
17.95,31.56,18.19,3.84,0.53,-1.37,8.0,-0.28,-3.44,-12.82,-6.76,-7.26,-2.69
18.29,42.36,25.98,1.61,7.17,9.64,30.49,4.97,1.56,-15.77,1.61,-8.0,1.97
18.18,41.37,30.16,8.04,3.09,-3.2,12.57,-3.28,-4.07,-19.91,0.54,0.07,15.07
17.64,26.94,16.67,8.8,4.68,-0.28,2.3,-3.11,-4.34,-9.59,-5.31,-2.42,6.13
17.25,32.36,17.97,4.93,8.01,6.59,12.55,-4.01,-8.68,-17.24,-6.12,-5.63,4.28
18.02,29.92,18.33,10.73,8.23,6.95,8.97,0.89,-5.21,-12.26,-8.44,-4.7,1.2
17.04,46.85,26.66,-8.99,-1.6,-10.06,17.86,-6.45,1.04,-28.14,-7.37,-20.62,4.66
17.92,32.94,18.6,2.69,0.87,1.15,14.08,4.3,0.8,-12.14,-3.19,-2.22,9.79
18.08,34.0,22.48,8.26,1.92,-1.07,10.83,8.04,8.84,-3.98,-3.38,-7.37,-0.61
17.48,36.2,18.01,-2.94,-3.37,-8.18,-0.05,-17.89,-15.19,-21.6,-4.26,-10.1,-3.39
18.43,33.3,21.22,9.08,5.53,1.28,7.7,0.71,1.61,-4.04,2.34,1.81,8.37
18.48,52.14,27.1,-12.09,6.0,-9.91,28.0,-5.05,8.85,-2.17,35.7,11.9,31.54
18.01,32.2,22.35,10.68,3.41,0.09,11.77,10.07,7.04,-5.33,-1.7,3.34,13.63
17.69,35.27,19.73,3.73,7.02,6.8,12.72,-7.68,-12.28,-18.33,0.64,1.49,7.19
17.74,40.54,22.88,0.79,13.77,12.12,19.96,-13.79,-12.91,-23.05,0.93,-4.21,9.01
17.97,34.21,21.39,9.77,9.27,7.78,12.62,-0.33,-2.62,-8.74,0.95,-0.41,4.32
18.83,49.66,33.89,1.86,9.16,5.52,31.15,1.63,3.42,-14.46,12.14,-5.3,7.46
18.1,23.17,12.56,9.72,8.23,7.24,7.94,4.4,0.78,-3.82,-5.22,-5.27,-2.4
15.99,39.34,24.42,-2.33,-3.45,-5.12,12.59,-5.51,-7.09,-24.46,-2.43,-3.42,12.62
16.7,28.7,14.67,4.29,0.62,-0.37,5.03,0.43,-1.17,-6.25,-3.64,-3.72,1.07
17.53,48.03,32.05,-2.66,-0.51,-3.8,28.62,2.33,4.46,-20.79,1.6,-8.89,12.73
16.68,44.14,25.18,-6.36,-2.62,-10.32,7.17,-14.06,-8.3,-20.05,2.1,-8.87,8.48
17.41,27.13,15.07,7.36,6.13,5.27,8.04,-0.05,-3.62,-6.3,1.69,5.33,7.57
17.56,27.28,14.16,9.37,9.84,9.82,7.91,-1.61,-4.74,-3.02,3.82,4.5,2.79
17.44,32.12,18.06,4.47,8.45,7.83,13.71,-5.1,-10.87,-17.87,-0.18,4.68,17.12
17.04,34.66,19.67,0.28,0.62,1.61,16.11,1.57,-3.53,-16.45,-0.9,1.34,12.13
17.1,26.29,13.0,4.99,7.4,7.17,9.86,-1.86,-3.45,-2.63,12.2,17.99,20.5
17.39,27.85,12.8,1.58,5.58,10.4,18.17,3.12,-5.03,-13.36,-1.98,1.32,7.44
16.66,32.37,18.97,2.56,-1.56,-2.42,10.85,2.68,-1.32,-12.11,-0.48,3.83,12.78
16.3,37.99,16.63,-7.4,-1.45,-2.27,13.71,-5.4,-0.97,-12.9,7.43,3.22,14.83
18.18,35.68,20.23,-0.24,6.9,11.81,28.95,6.07,0.9,-14.94,5.45,5.36,16.38
18.28,26.26,15.16,11.24,11.08,11.29,12.41,7.5,5.05,2.48,3.5,2.8,4.12
17.78,23.17,12.01,7.54,3.49,0.87,2.28,1.54,1.43,0.73,1.88,3.88,6.9
17.88,31.25,18.23,5.36,13.77,16.7,24.79,-2.84,-15.57,-29.02,-6.31,4.75,22.33
18.09,38.65,23.38,2.91,5.73,5.32,20.74,4.02,3.78,-6.54,10.98,7.72,15.91
17.43,29.05,15.88,2.72,4.23,6.13,18.62,7.84,3.13,-8.31,1.84,4.24,15.83
18.89,26.86,15.68,10.37,12.3,13.87,18.0,8.35,1.22,-5.68,0.63,4.57,7.8
18.42,24.88,15.56,13.09,11.91,11.22,13.01,9.05,3.83,-2.31,-2.72,0.31,5.47
17.65,25.57,14.91,11.23,12.15,12.24,13.08,4.57,-1.35,-6.15,-2.06,1.53,4.14
17.35,50.74,36.45,-10.91,-7.42,2.06,44.53,7.16,2.56,-12.43,23.51,-5.07,5.92
18.26,37.01,23.19,4.75,6.02,7.86,26.6,13.78,11.17,-3.17,7.11,3.47,11.06
18.1,24.79,13.45,7.39,5.07,5.48,11.23,8.75,4.9,-2.7,-4.49,-4.84,-1.26
17.62,26.56,14.89,6.91,3.07,1.95,6.17,0.98,-2.93,-9.16,-6.77,-4.24,1.13
17.55,34.63,21.1,5.16,9.81,9.38,19.67,2.08,1.58,-7.14,10.95,11.79,21.51
17.32,33.44,21.15,5.89,2.67,1.85,13.42,1.65,-5.14,-20.89,-13.46,-10.87,2.56
17.65,32.44,20.4,8.49,8.39,7.9,16.7,5.34,-0.08,-16.31,-12.23,-12.25,-0.15
17.79,37.17,23.7,-0.65,-1.45,0.16,23.26,7.74,2.45,-17.09,4.22,8.67,24.42
18.42,29.43,17.66,8.88,5.56,4.45,10.81,6.82,5.41,-0.75,1.11,-0.88,2.24
18.28,54.51,28.82,-8.12,13.6,-9.93,31.03,-0.66,17.93,-9.88,5.95,-12.73,5.29
16.87,31.01,16.51,2.25,-0.7,-2.05,7.53,0.65,-0.28,-7.53,-4.6,-10.33,-7.48
17.55,28.27,16.55,10.87,13.79,15.84,19.58,9.75,4.26,-1.48,3.73,2.72,4.1
17.76,23.03,11.17,6.96,6.14,6.42,9.05,6.15,4.84,2.89,4.38,4.76,7.34
17.26,29.72,16.12,5.62,5.8,3.87,7.25,-2.71,-2.59,-5.08,3.46,2.58,5.15
17.08,38.07,19.33,-5.55,-0.41,-3.38,13.48,-4.53,-3.65,-20.94,-8.13,-15.23,-0.49
17.55,40.76,23.08,-3.79,1.8,2.88,23.66,3.13,3.39,-14.2,3.58,-5.01,8.93
17.7,46.26,35.33,-0.43,-3.45,-6.65,22.62,-0.2,-1.77,-19.49,3.54,-6.62,2.51
17.56,27.65,15.68,5.81,-0.15,-3.58,1.43,-2.16,-4.55,-10.96,-7.74,-3.77,6.04
18.22,38.21,26.19,2.87,1.0,-0.16,20.56,6.01,3.11,-21.51,-8.75,-7.29,9.97
17.33,23.1,10.81,5.89,5.3,4.55,5.24,-1.53,-6.3,-10.22,-7.59,-4.19,1.05
18.36,30.69,19.09,8.97,6.94,7.22,16.68,11.32,8.42,-1.68,0.67,-0.03,7.02
17.97,37.31,26.1,8.43,4.0,3.27,20.0,12.11,9.59,-6.7,4.43,6.2,15.94
17.19,32.22,19.04,4.86,6.38,10.65,26.17,15.57,8.26,-10.6,-6.91,-8.58,-0.1
17.25,29.59,14.02,-4.27,-8.01,-10.46,1.98,-6.07,-7.21,-20.18,-12.63,-13.17,-1.06
17.81,45.92,23.56,-8.62,7.67,5.6,33.47,0.58,0.59,-28.6,-6.12,-18.79,3.62
18.16,46.66,30.98,-4.52,-0.13,3.23,34.17,2.77,-2.02,-26.21,5.0,-0.16,16.66
17.68,25.63,13.68,4.27,4.21,4.71,10.55,-1.54,-12.41,-25.39,-18.17,-11.16,-1.03
17.5,51.17,27.42,-9.69,12.94,6.02,36.1,-9.27,-5.78,-31.11,2.88,-6.92,20.0
17.81,46.52,24.57,-5.17,8.18,9.25,30.6,1.93,4.11,-18.01,8.49,-3.85,15.59
17.21,38.43,24.9,1.92,4.93,5.53,23.36,-0.29,-6.44,-26.23,-5.35,-4.93,11.07
16.75,53.0,27.76,-15.41,10.76,-0.7,29.61,-14.51,-4.53,-28.6,8.94,1.82,26.09
17.67,26.06,14.84,9.04,6.19,4.09,6.27,1.66,-0.62,-3.02,1.27,4.42,7.88
17.77,36.79,21.26,-1.12,3.08,6.11,24.83,4.42,-0.29,-19.79,1.67,4.14,19.18
17.28,28.47,16.24,3.45,-3.53,-7.05,3.9,4.53,5.81,-4.62,-2.97,-1.17,12.17
18.12,24.4,12.86,8.32,7.81,8.36,11.44,4.29,-3.31,-12.2,-12.25,-9.26,-2.25
18.66,37.58,26.01,9.77,11.22,10.84,25.92,8.18,-1.17,-21.89,-12.28,-11.28,3.96
18.17,32.79,19.95,5.96,8.08,9.69,20.1,0.72,-10.25,-26.25,-11.32,-6.47,4.56
17.97,35.1,25.31,9.2,6.45,5.57,21.84,7.79,-2.63,-23.3,-8.5,0.34,16.25
16.99,36.5,26.04,-2.79,-6.87,-6.45,16.99,-4.21,-13.85,-33.2,-5.72,-1.49,8.09
17.72,39.22,23.72,-0.17,5.08,2.87,21.54,0.54,-1.36,-20.22,3.26,3.43,18.98
17.62,45.1,27.82,-10.64,-0.88,-1.46,34.65,0.3,1.68,-34.61,-8.18,-18.05,7.75
18.15,47.08,31.29,-7.91,0.2,2.37,39.87,5.77,14.3,-11.2,16.39,1.44,17.55
18.83,25.7,14.02,7.7,6.4,7.88,13.94,8.42,0.29,-11.42,-12.35,-8.38,1.16
18.53,42.61,27.14,0.72,5.47,4.62,23.85,-2.64,-8.39,-28.91,-3.84,-7.55,8.65
17.52,27.07,15.06,7.28,8.1,8.62,13.24,3.26,-0.64,-5.59,1.24,2.74,6.96
18.14,37.69,23.97,3.36,4.88,5.79,25.33,10.44,10.09,-4.11,12.79,8.67,16.21
18.23,26.93,14.54,9.04,7.51,6.62,7.55,2.54,2.06,1.65,3.56,0.24,-3.05
18.57,36.18,21.86,4.24,10.63,14.17,27.46,3.0,1.35,-3.59,20.08,19.11,20.7
18.93,33.26,23.66,10.77,8.03,7.59,21.77,17.84,15.53,1.9,4.15,-0.23,1.64
18.24,41.05,27.99,6.69,5.09,-0.06,14.51,1.35,2.19,-10.24,2.75,-4.02,5.35
17.54,28.41,15.65,7.44,8.76,8.95,11.22,-0.6,-5.05,-9.06,-1.31,-1.71,0.04
17.59,26.62,14.92,8.6,8.31,9.28,12.55,4.41,-0.5,-3.4,3.58,7.34,9.99
17.09,30.36,16.61,4.67,7.32,9.88,18.18,3.54,-3.26,-13.0,-1.26,1.09,8.84
17.23,33.63,21.21,7.55,6.67,8.54,19.88,7.28,-0.3,-11.35,0.2,3.65,9.98
17.47,24.95,12.83,6.25,5.23,6.4,11.53,7.01,3.36,-2.59,-3.17,-5.6,-6.05
18.15,53.84,36.55,-7.75,5.2,12.09,51.64,4.38,-2.83,-28.1,13.67,-13.32,6.38
18.83,25.95,16.74,14.42,12.58,10.6,11.03,7.82,5.39,1.75,-0.33,-1.76,-0.57
18.54,24.02,12.75,9.57,10.41,11.1,12.87,7.06,3.33,-0.09,0.45,0.76,2.69
17.17,29.25,19.43,7.7,2.07,0.09,11.24,5.62,-1.18,-16.16,-12.09,-8.29,1.7
18.37,26.14,16.25,12.55,10.53,8.25,8.1,2.46,-0.05,-1.13,3.18,6.01,8.59
18.59,53.27,31.69,-3.37,12.22,1.94,33.75,-4.1,3.7,-17.0,12.18,-2.17,20.46
18.56,25.14,14.36,10.6,10.22,9.91,10.03,2.06,-4.4,-9.59,-7.47,-4.89,-1.32
18.35,26.32,15.13,11.54,12.05,13.0,13.98,6.82,0.65,-4.27,-2.8,-1.36,1.27
18.4,30.25,16.79,7.25,9.45,10.18,16.78,7.51,4.71,-3.11,0.58,-1.56,4.9
17.83,27.62,14.71,6.38,2.8,0.71,4.72,2.32,2.92,0.0,0.59,-2.43,-1.77
17.77,26.62,16.26,9.07,1.14,-3.49,-0.19,1.72,2.39,-2.84,-5.71,-6.83,-3.3
18.75,32.94,18.1,2.53,4.34,7.19,19.42,6.88,4.8,-2.87,12.99,13.97,19.81
17.72,21.93,6.66,-3.98,-7.2,-8.34,-2.12,-6.83,-7.65,-9.38,1.17,11.26,22.78
16.75,33.24,19.13,4.35,2.84,1.18,10.12,-0.04,-2.8,-13.81,-8.17,-13.37,-4.57
17.96,43.43,30.9,3.97,2.96,0.14,21.03,-2.81,-6.61,-25.76,-0.31,-0.36,15.71
17.91,31.57,20.14,8.6,11.7,10.9,17.85,-1.54,-9.9,-21.46,-5.07,2.38,17.91
17.32,26.21,15.39,10.12,6.78,2.88,1.76,-4.95,-8.78,-11.54,-6.93,-2.22,4.48
17.04,44.41,33.03,1.47,1.59,-4.94,17.36,-4.33,-2.49,-19.65,3.63,0.53,15.22
17.22,22.73,11.02,8.0,9.37,8.84,8.29,0.3,-3.61,-5.38,-1.26,1.65,5.34
18.01,31.52,18.41,10.87,10.74,10.36,12.15,3.18,0.8,-1.46,4.15,2.5,3.83
18.46,36.85,22.42,5.22,7.37,3.75,12.06,-3.77,-3.12,-9.74,6.47,6.4,13.27
18.45,25.29,14.09,10.81,10.37,11.4,13.88,9.76,4.72,-0.86,-2.84,-3.05,-1.17
16.84,48.14,34.69,-5.06,-1.64,3.21,31.61,-2.69,-0.35,-10.87,17.31,2.14,7.59
18.06,28.38,19.23,16.0,16.86,16.13,16.69,6.54,-0.88,-7.05,-4.59,-1.67,5.2
18.43,57.23,30.68,-13.92,15.05,4.99,45.74,-7.59,2.31,-9.03,25.44,-3.38,11.86
18.72,26.55,16.84,11.42,8.47,7.48,12.62,10.28,7.48,0.89,-0.38,-1.03,2.67
17.82,30.78,18.59,7.12,3.16,1.33,8.68,2.65,1.32,-5.66,-2.68,-7.28,-6.12
18.22,42.32,28.44,5.08,8.17,7.96,26.68,2.57,-1.4,-16.15,2.28,-6.38,2.03
17.92,56.46,31.7,-14.94,6.77,1.75,39.89,-13.55,-7.14,-29.28,8.97,-17.93,3.4
17.48,39.19,24.45,2.64,2.43,-1.07,12.81,-5.19,-1.82,-13.38,2.01,-7.64,-0.64
18.67,26.37,15.48,10.33,7.8,6.82,9.51,5.93,3.75,0.07,0.84,1.42,4.36
18.29,44.09,30.24,-3.05,3.39,6.05,29.89,-8.14,-11.87,-27.48,10.2,0.31,5.36
17.72,33.69,19.34,2.41,3.15,0.4,10.48,-5.76,-7.99,-16.01,3.84,7.52,16.93
17.82,39.4,26.19,0.52,0.68,2.79,26.52,7.25,2.85,-14.33,6.31,2.29,10.52
17.43,28.55,13.83,1.09,1.41,1.34,8.51,-1.38,-1.11,-2.38,10.88,10.69,11.87
17.55,41.43,26.62,-6.25,-3.03,0.0,22.49,-8.14,-10.83,-20.81,17.16,15.47,27.01
17.71,34.98,21.04,4.95,3.43,-1.38,6.09,-6.23,-2.66,-6.26,7.33,5.31,10.98
17.72,35.64,23.45,7.43,8.3,8.52,19.36,1.47,-6.47,-19.95,-5.54,-3.05,7.22
18.72,31.82,20.92,11.46,9.93,8.34,14.52,5.29,-1.32,-12.71,-8.74,-5.98,2.05
17.6,26.97,17.08,9.98,5.04,0.36,4.59,3.88,6.25,2.36,1.7,-3.62,-5.21
17.73,32.88,19.78,5.94,2.52,-1.09,5.84,-1.51,0.44,-3.83,4.92,2.91,6.9
17.53,26.97,14.02,7.73,4.8,2.98,2.33,-3.59,-5.22,-4.52,-0.52,-0.65,-1.42
18.0,30.42,17.38,4.65,2.01,2.99,15.07,11.94,11.5,2.25,5.38,1.6,5.57
18.15,22.88,11.03,6.93,5.42,6.13,9.27,6.83,2.8,-2.6,-5.25,-5.44,-3.14
18.53,35.18,22.22,5.49,2.36,1.92,17.33,12.36,13.24,-0.75,4.36,1.32,11.36
18.73,21.18,8.56,5.05,3.93,4.4,5.79,3.59,1.45,-0.4,-2.12,-4.34,-6.28
18.28,25.71,15.19,10.93,8.71,4.59,2.22,-5.05,-6.99,-6.18,-0.04,2.47,3.82
18.68,40.76,25.54,1.71,2.94,1.46,20.11,5.23,9.29,-2.4,13.52,4.49,10.73
17.56,23.82,11.34,3.14,-3.23,-5.76,-2.11,-4.35,-8.25,-14.24,-13.64,-11.47,-7.27
17.7,23.57,13.19,9.92,10.06,10.0,13.17,7.48,2.98,-4.43,-4.85,-5.48,-2.21
18.04,30.93,16.99,4.01,4.77,7.06,17.65,10.15,8.59,1.83,9.31,5.15,5.49
17.91,27.2,16.13,9.43,12.36,13.32,17.46,4.14,-2.64,-9.82,-0.26,2.6,9.02
18.16,27.71,16.57,9.94,7.56,7.02,11.05,5.81,1.52,-4.57,-2.49,-0.4,3.04
17.53,23.97,14.97,10.59,7.22,2.68,5.57,3.57,4.58,1.63,4.45,5.9,11.57
17.99,56.14,40.2,-13.97,-5.67,1.16,49.61,-0.27,0.06,-16.95,15.57,-9.83,10.38
17.24,31.56,17.06,4.07,4.51,8.24,20.51,12.46,8.29,-1.72,4.92,3.95,7.97
18.18,29.77,19.97,13.83,10.5,8.47,12.89,9.23,5.78,-2.2,-4.06,-4.3,1.37
17.71,45.6,32.88,4.42,7.01,0.11,19.49,-3.23,-2.8,-22.43,-4.17,-11.08,2.69
18.4,25.57,15.29,11.65,9.5,6.85,6.78,1.95,-2.13,-7.56,-8.91,-8.91,-5.66
17.83,29.23,18.51,9.93,7.96,7.57,13.01,4.75,-3.89,-15.91,-13.85,-10.45,-2.34
16.98,32.79,21.45,10.12,6.72,5.4,12.21,4.79,2.9,-2.47,2.81,0.28,0.75
16.61,28.16,15.33,5.67,4.02,3.63,8.13,-1.03,-6.2,-13.75,-7.92,-6.73,0.23
16.42,32.88,21.26,7.12,1.83,0.39,11.09,4.94,0.35,-10.27,-3.15,-1.86,4.78
17.64,36.23,23.18,6.44,4.54,4.39,16.36,2.02,-4.47,-16.07,-2.77,-0.37,9.95
17.56,32.3,18.45,5.07,4.81,5.24,15.21,5.75,2.78,-7.15,0.48,1.05,8.81
17.0,44.21,24.08,-10.49,0.2,4.34,32.94,1.37,1.11,-25.59,0.2,-9.48,10.77
18.24,27.56,14.77,4.74,3.78,6.45,16.87,11.3,3.97,-8.36,-5.14,-3.25,3.39
18.09,25.39,13.48,9.26,9.22,9.57,10.52,3.42,-1.35,-4.99,-3.08,-3.87,-4.11
17.25,23.39,9.89,2.47,2.6,3.8,7.43,-2.18,-9.37,-15.82,-10.05,-4.87,1.98
18.37,39.79,21.96,0.4,5.34,7.16,25.05,8.49,10.0,-4.45,11.85,5.04,14.41
17.32,37.1,19.19,-7.07,-2.83,-4.63,13.55,-8.23,-9.42,-28.95,-9.52,-16.04,-5.13
18.82,34.54,22.98,11.84,9.39,7.68,14.99,7.83,5.67,-2.7,2.05,-0.64,0.63
18.65,24.3,14.55,12.39,10.43,8.8,9.63,7.51,4.84,0.33,-3.99,-6.84,-6.43
17.65,30.14,19.61,14.36,11.76,9.35,10.7,6.6,6.02,3.98,5.27,1.18,0.0
16.89,40.52,27.97,2.01,-2.1,1.35,25.59,9.69,6.4,-9.29,9.18,5.16,10.81
17.72,37.06,24.78,6.11,9.96,10.37,27.38,11.3,5.65,-11.28,2.2,1.61,12.46
17.18,36.05,21.31,4.07,7.5,8.86,20.97,3.42,-1.81,-15.52,-2.26,-3.16,7.62
17.87,45.7,31.41,-4.8,2.93,12.1,41.99,6.96,1.9,-23.36,0.71,-8.95,6.47
17.32,29.1,17.1,7.67,6.3,7.48,15.09,7.69,1.05,-10.27,-8.16,-6.62,1.16
16.76,33.23,20.82,4.66,1.88,2.87,18.38,12.81,9.24,-2.64,4.66,2.86,8.91
16.77,29.07,15.4,3.5,-0.06,-1.38,7.1,2.97,3.13,-2.69,1.97,1.53,6.57
17.45,40.53,27.81,2.84,4.43,2.89,20.89,1.35,1.22,-13.7,7.39,5.6,17.58
17.02,26.65,15.01,9.2,8.44,6.03,6.15,-1.48,-2.55,-3.45,1.61,2.72,5.81
17.06,33.87,17.36,-1.4,5.91,11.41,27.31,8.51,4.3,-11.76,3.61,-0.98,6.79
18.36,29.22,17.65,9.33,8.94,8.99,14.47,4.18,-2.75,-9.62,-0.58,4.65,10.42
18.6,30.65,19.34,10.81,13.32,14.23,19.72,5.7,-3.01,-17.16,-12.02,-10.0,1.75
17.84,24.54,12.33,6.24,5.2,5.75,10.16,5.31,-0.43,-8.61,-8.12,-5.66,0.93
18.23,37.15,21.81,-2.03,3.17,9.55,34.43,18.3,13.32,-9.77,1.95,-7.16,2.11
17.49,52.93,26.28,-17.41,8.16,6.27,42.82,-3.3,5.31,-23.27,10.56,-7.6,9.14
16.88,37.44,17.3,-8.71,-3.67,-0.0,23.64,4.53,5.4,-14.51,2.62,-3.67,13.49
16.87,33.12,16.85,0.38,4.93,5.96,17.35,2.95,-0.59,-14.14,-4.9,-6.92,3.99
18.32,35.08,21.38,5.0,5.9,9.18,25.76,15.77,11.97,-4.45,1.68,-1.63,7.22
17.7,23.96,12.08,7.09,6.18,6.38,8.74,2.83,-2.05,-6.76,-4.11,-0.82,4.29
17.34,23.57,9.2,4.29,5.87,8.85,9.68,1.63,-3.52,-5.03,-0.71,0.97,1.95
17.94,30.86,17.92,7.56,9.08,10.27,16.35,3.03,-4.46,-14.89,-9.52,-7.91,2.8
17.42,24.99,11.98,5.65,4.32,5.62,8.32,2.66,-2.83,-6.54,-2.24,2.92,6.66
17.87,21.96,10.16,7.44,10.2,12.44,14.21,6.03,-1.04,-6.52,-3.79,0.51,5.69
18.33,22.99,10.68,5.92,4.36,5.11,8.41,4.73,-0.43,-5.97,-5.41,-1.9,2.53
18.3,30.02,18.41,9.42,10.19,11.85,21.21,12.07,3.41,-10.9,-5.42,-0.26,11.25
16.06,32.72,15.33,-13.95,-13.69,-10.9,17.08,2.29,-0.77,-24.41,-9.04,-11.39,8.93
18.35,33.48,18.89,-1.9,-1.33,3.1,26.44,15.12,8.91,-13.83,-4.84,-6.68,7.78
17.17,28.48,14.5,5.19,4.91,4.46,9.92,3.51,4.77,0.73,5.9,3.26,8.76
17.79,53.29,29.56,-18.73,1.66,1.97,47.59,2.37,7.48,-24.92,3.09,-17.0,12.06
17.96,32.84,18.28,3.66,2.26,3.45,13.72,2.11,-6.16,-21.32,-13.0,-8.2,5.26
18.24,30.63,15.52,-1.48,-3.03,-1.9,12.56,3.57,-1.09,-13.89,-3.62,-2.9,4.76
17.06,28.29,15.72,7.7,5.63,4.21,6.55,-1.34,-5.72,-10.79,-6.52,-4.55,0.73
18.46,32.22,19.52,7.3,7.84,8.98,19.46,10.21,4.88,-9.29,-2.96,-1.1,9.83
17.72,24.56,11.71,5.67,4.66,6.24,10.89,6.62,1.54,-5.45,-4.98,-1.92,4.84
18.32,27.3,13.34,2.93,7.24,12.51,25.58,15.73,7.2,-9.7,-5.98,-4.21,5.3
17.26,26.14,12.22,2.13,2.41,6.25,15.27,6.74,-3.86,-17.66,-12.61,-5.55,5.83
18.56,27.85,15.34,7.27,9.26,13.19,22.28,15.27,8.96,-2.51,-2.67,-3.89,1.64
18.4,30.8,19.24,4.97,4.46,7.88,26.54,22.17,15.76,-6.14,-7.23,-7.5,6.0
17.27,25.54,12.17,1.67,0.25,1.68,11.52,5.89,-0.9,-16.2,-17.84,-16.0,-3.2
17.41,35.43,15.03,-10.8,1.4,6.55,34.82,15.58,14.26,-16.04,-2.02,-11.93,12.76
18.0,29.49,16.99,5.59,8.23,10.88,22.31,11.23,4.01,-11.76,-5.6,-1.73,13.39
17.6,24.65,11.12,1.76,5.86,10.58,23.3,14.2,5.91,-13.63,-11.78,-8.54,8.74
17.08,23.13,8.72,-0.7,-1.63,-0.45,7.93,4.29,0.64,-9.05,-6.89,-2.78,9.24
17.82,36.76,21.04,-9.29,-4.01,1.6,35.55,14.35,8.59,-21.49,0.03,-1.56,22.79
17.83,55.16,24.26,-25.5,12.01,-4.63,56.22,1.46,16.03,-32.02,-5.62,-20.51,18.15
17.88,47.34,21.77,-21.19,3.71,4.67,48.6,11.59,18.76,-23.19,5.1,-11.2,22.39
16.19,23.0,8.09,-2.41,-0.77,3.97,16.79,11.65,6.86,-6.18,-4.13,-3.03,6.51
18.1,34.28,16.6,-5.73,4.74,13.23,42.14,24.5,22.53,-8.57,1.61,-6.85,15.48
17.32,30.3,16.1,-1.4,-2.6,2.29,20.28,12.65,9.24,-5.92,2.24,0.14,9.92
17.88,28.37,16.38,4.31,3.51,7.61,23.43,17.68,9.25,-9.45,-7.58,-4.15,7.98
17.88,52.04,32.32,-16.11,3.95,6.28,50.61,6.14,5.06,-29.72,-3.67,-21.71,15.76
17.91,25.18,13.75,8.91,6.5,5.38,7.78,5.23,3.68,-0.31,-2.31,-4.54,-3.15
18.86,32.42,23.16,14.21,11.71,12.2,21.69,14.3,5.57,-10.68,-8.27,-1.94,11.34
19.08,31.3,17.57,9.19,13.01,11.61,20.18,11.71,10.6,2.89,9.39,8.06,6.03
17.06,21.86,8.59,2.2,1.39,1.76,5.02,-1.63,-7.78,-15.77,-15.73,-12.64,-6.21
18.28,27.93,16.61,9.31,10.07,12.08,20.07,13.1,7.17,-2.1,2.16,4.65,11.3
18.04,25.72,14.29,7.55,6.96,9.41,17.58,14.05,7.74,-5.35,-7.07,-5.65,4.6
17.31,25.46,9.91,-2.43,-1.73,1.62,12.53,6.13,3.53,-4.94,2.05,4.6,14.48
17.94,42.13,20.43,-10.6,6.69,7.77,40.74,14.88,17.44,-16.18,-0.49,-14.54,10.79
18.49,33.33,20.77,-0.23,4.39,7.6,36.42,22.48,16.0,-18.51,-11.75,-13.07,16.82
17.63,30.6,16.31,-1.61,-2.09,1.76,23.37,18.5,15.71,-6.12,-3.83,-6.65,9.31
17.56,26.62,12.87,5.45,9.76,15.24,22.9,12.24,3.7,-8.58,-6.46,-6.58,2.53
18.15,50.22,29.01,-25.29,-5.15,11.45,57.34,2.78,4.19,-11.45,25.59,-2.32,17.62
17.54,39.38,18.57,-9.46,0.41,6.61,30.59,5.5,6.72,-13.41,8.39,-2.27,14.34
17.51,29.4,14.27,2.58,9.42,13.04,21.36,4.56,-2.26,-13.02,-1.06,2.09,12.64
17.64,39.53,21.2,-8.3,-3.09,2.64,34.67,16.05,17.43,-9.49,7.75,-1.47,17.31
18.08,26.56,10.65,-1.47,4.2,11.43,29.08,23.9,22.04,10.28,13.72,11.17,16.13
17.23,30.56,15.22,-7.43,-9.86,-7.75,17.65,12.2,12.23,-9.68,-3.83,-7.71,9.82
17.58,30.87,18.7,2.75,-1.21,-0.25,19.44,17.52,13.41,-10.57,-15.43,-20.46,-4.68
17.92,52.23,42.39,-12.8,-12.26,-4.49,60.13,15.39,2.51,-34.1,2.04,-18.84,9.54
18.23,25.05,11.6,2.07,3.98,7.09,17.51,8.81,0.39,-15.09,-11.54,-5.69,9.4
18.57,50.85,24.33,-11.18,15.0,3.6,43.12,8.08,19.8,-22.39,-2.86,-19.47,11.68
18.77,50.17,25.18,-9.81,16.14,5.93,50.42,10.11,13.97,-22.11,2.94,-15.28,16.29
17.8,43.61,26.2,-5.33,8.49,17.6,52.83,19.54,11.7,-18.71,-0.44,-17.04,2.67
18.28,34.8,23.45,11.99,16.49,17.44,31.89,19.73,12.05,-8.23,-6.65,-12.06,3.78
17.79,27.91,18.04,9.08,7.95,8.21,18.69,13.17,6.26,-10.91,-11.52,-9.02,4.32
16.53,30.36,15.16,-2.42,1.34,4.69,20.92,4.64,-3.03,-24.61,-15.5,-13.74,6.76
18.11,26.12,13.59,9.19,10.49,13.85,18.03,11.61,3.8,-5.03,-6.13,-3.26,6.29
18.04,27.01,14.78,9.0,11.81,14.75,20.27,13.63,9.67,2.55,3.52,1.99,4.79
17.59,25.91,14.43,6.08,1.72,0.05,6.9,7.79,10.2,5.68,4.17,1.21,5.34
17.95,34.53,20.92,1.36,2.59,8.02,30.68,23.53,22.17,3.19,7.13,-3.77,4.84
18.15,26.13,13.68,7.09,7.26,9.3,16.7,14.0,11.65,2.74,0.13,-3.73,0.84
17.13,44.78,24.66,-11.92,1.93,6.22,43.63,12.95,14.09,-17.2,2.28,-12.41,8.24
16.63,30.78,13.92,-2.96,-2.38,1.46,16.14,9.58,7.06,-6.55,-4.04,-11.16,-4.15
17.55,27.05,12.73,3.29,6.75,10.45,18.48,8.88,4.38,-3.63,1.68,2.39,8.14
17.62,41.96,24.38,-12.33,-7.93,-4.34,34.49,10.74,8.87,-21.36,6.05,0.2,25.99
17.49,19.95,5.99,0.14,0.09,0.28,1.83,-6.97,-14.32,-21.18,-18.69,-13.48,-4.79
18.43,31.82,20.68,8.58,8.09,8.55,20.52,11.63,6.76,-6.83,-0.27,-0.15,8.88
18.01,52.65,31.68,-12.7,2.87,4.95,44.47,8.99,12.01,-19.7,14.58,-7.09,18.43
17.68,24.92,12.26,7.13,6.43,6.65,7.76,1.1,-2.72,-4.87,-0.64,2.81,7.82
18.12,25.9,14.52,8.57,5.43,3.77,6.09,2.41,0.25,-3.32,-2.76,-2.4,0.39
17.96,33.24,18.53,7.3,11.76,15.9,22.76,9.04,3.62,-5.26,1.47,-2.46,2.59
16.57,28.83,14.93,3.05,1.96,2.78,11.47,5.09,2.23,-6.65,-3.52,-6.03,0.12
18.21,33.8,21.32,5.21,9.98,16.74,37.98,27.44,17.88,-6.85,-1.42,-3.26,8.65
17.23,25.09,12.79,6.01,5.88,8.14,15.04,11.02,5.88,-3.51,-4.88,-4.02,3.54
16.7,29.52,15.5,1.11,5.6,11.45,27.65,13.7,4.62,-14.42,-7.49,-6.23,7.93
17.61,26.78,15.89,10.68,10.35,11.35,15.67,9.17,2.39,-5.83,-4.34,-1.3,4.21
17.77,27.14,15.38,7.56,9.47,15.61,32.27,29.45,22.49,2.38,-4.32,-6.58,6.44
17.77,27.78,15.21,4.64,4.71,7.78,21.52,16.62,11.14,-4.93,-5.33,-4.09,8.25
17.79,28.6,14.32,5.87,10.63,16.03,23.92,11.6,2.11,-9.52,-2.79,3.26,16.67
16.41,25.58,13.57,7.2,5.87,6.4,10.28,5.12,0.79,-4.0,-1.02,1.81,5.42
17.57,24.15,10.87,3.49,5.26,9.67,19.15,12.66,4.44,-9.01,-8.56,-4.69,7.29
18.17,33.82,21.14,1.83,9.87,16.49,42.07,22.68,11.5,-23.72,-14.64,-13.77,13.58
17.86,27.41,14.24,4.91,7.03,9.88,20.51,11.28,3.14,-14.09,-13.27,-11.62,2.25
17.87,27.48,15.72,5.33,7.98,11.29,24.68,14.43,3.8,-17.79,-14.9,-8.64,12.22
18.63,24.08,12.51,7.4,4.2,3.31,5.91,2.83,-2.18,-8.56,-9.85,-7.37,-2.35
18.83,29.36,17.11,9.29,17.59,23.67,35.09,20.34,5.45,-18.48,-17.12,-16.5,-0.0
17.51,23.2,9.67,3.55,1.82,3.16,6.65,1.91,-5.41,-13.76,-15.21,-11.86,-4.67
17.61,36.65,20.32,-2.66,3.17,5.28,26.31,6.76,1.68,-22.07,-9.89,-13.05,7.3
17.68,28.19,14.61,4.53,2.05,2.33,8.4,1.1,-5.01,-14.74,-12.07,-9.06,-0.02
17.3,32.53,20.41,4.35,8.96,12.89,29.44,9.83,-3.6,-29.93,-18.64,-12.77,11.2
17.06,29.82,16.53,3.86,2.19,4.07,17.12,13.01,9.83,-3.91,-4.58,-5.66,4.82
18.55,40.73,25.0,-3.62,2.93,4.33,35.35,12.75,8.33,-27.77,-12.89,-18.06,9.62
17.75,38.9,23.43,-0.22,8.83,10.18,35.2,14.63,7.28,-26.41,-11.31,-13.42,11.36
16.97,29.66,16.15,3.76,4.43,8.14,19.93,10.92,4.14,-10.74,-8.29,-9.43,0.24
17.62,29.73,18.9,6.53,4.48,5.22,20.17,14.24,7.42,-12.25,-11.48,-11.2,2.59
18.09,31.85,20.28,8.25,16.37,20.52,35.61,13.65,-1.07,-28.15,-19.45,-12.12,13.32
16.98,26.59,14.25,4.22,4.4,4.63,13.56,4.07,-3.26,-17.67,-12.35,-7.5,5.88
17.73,53.72,30.49,-11.05,11.32,4.69,46.64,-1.15,-0.06,-29.14,-4.46,-18.48,10.77
16.68,26.54,11.54,0.77,-0.55,3.13,12.91,6.12,-1.94,-15.51,-12.71,-7.03,5.75
