0.66,-41.95,-18.71,-4.99,-8.84,7.01,2.57,12.56,0.99,0.03,-16.6,-15.61,-16.23
1.76,-39.88,-21.75,-12.71,-16.51,-9.33,-15.07,-10.67,-16.16,-5.04,-5.14,6.14,5.81
1.92,-30.92,-12.39,-8.36,-18.56,-11.18,-5.56,-4.68,-24.73,-12.91,-8.62,-2.4,-2.62
2.37,-42.01,-20.84,-9.41,-16.48,-6.14,-13.91,-1.2,-9.12,-2.63,-7.4,0.22,-3.43
7.54,9.49,3.0,-32.78,-23.66,13.5,25.04,-11.4,-30.98,-13.37,20.36,22.64,9.7
14.14,36.28,6.7,-23.27,-7.68,-5.96,15.29,-11.95,-5.08,-23.33,2.05,-10.0,12.23
15.76,27.55,8.26,-18.19,-14.12,-7.36,19.09,-2.19,-9.27,-32.28,-9.26,-7.42,11.01
16.43,27.1,1.11,-24.68,-12.15,-6.49,14.75,-11.6,-13.08,-35.35,-14.3,-20.18,-0.63
16.12,20.43,2.82,-11.91,-5.43,-3.37,6.7,-13.19,-21.15,-33.68,-14.71,-6.97,6.31
16.39,45.83,10.18,-47.6,-8.71,-4.55,31.1,-34.79,-17.2,-50.04,10.02,-15.54,20.2
16.26,25.58,1.38,-26.61,-16.66,-10.82,10.07,-15.75,-17.53,-31.56,-5.21,-11.51,-2.4
16.54,26.93,1.0,-23.79,-12.51,-15.09,1.56,-23.33,-20.72,-38.19,-11.99,-9.66,11.71
16.94,33.17,6.4,-30.23,-13.89,-9.54,18.1,-16.36,-9.29,-25.97,9.46,-1.32,13.08
17.26,40.58,8.65,-30.95,-4.49,-14.58,21.61,-15.28,-1.98,-31.17,3.37,-6.48,18.98
17.07,30.38,6.42,-22.36,-11.93,-10.12,11.24,-12.75,-8.7,-22.93,2.88,-3.9,8.86
17.26,56.13,22.45,-46.35,-9.09,-10.34,40.47,-32.47,-13.87,-43.0,13.4,-16.15,22.47
17.13,40.6,14.03,-30.0,-18.96,-23.04,7.97,-25.86,-17.33,-41.23,-1.56,-12.47,10.07
16.45,27.12,6.9,-17.99,-18.74,-16.98,2.65,-10.87,-11.27,-23.86,-4.16,-3.83,5.96
17.03,31.44,12.01,-18.28,-22.23,-26.29,0.76,-7.92,0.41,-15.22,3.6,0.16,13.07
17.27,34.18,12.22,-17.09,-16.48,-18.23,5.22,-7.53,-0.32,-16.89,-3.4,-13.75,-1.85
18.02,49.48,20.86,-25.86,-1.83,-1.16,38.85,-5.19,5.01,-19.5,22.32,-0.92,19.86
18.21,30.1,13.97,-0.38,0.7,1.03,7.89,-5.47,-6.81,-10.8,3.08,2.76,6.78
17.0,52.89,26.3,-30.87,-10.3,-1.83,33.45,-17.26,-5.81,-25.81,18.61,-14.39,8.63
17.4,36.98,17.82,-5.96,-4.2,-3.47,15.8,1.24,4.02,-9.73,8.08,2.25,13.59
17.58,32.65,16.77,-7.34,-10.38,-9.69,8.97,-7.19,-10.75,-22.54,0.03,2.36,9.83
18.36,27.37,10.1,-4.29,-4.73,-3.02,6.72,-0.72,-0.96,-5.49,5.6,5.23,6.33
17.76,49.36,16.07,-36.9,-6.19,-2.77,33.43,-21.4,-1.67,-18.4,35.5,3.5,21.16
17.85,31.24,7.59,-23.03,-6.9,0.09,19.44,-16.81,-11.8,-15.24,24.68,11.76,15.31
17.97,35.51,7.3,-27.47,-7.28,-5.84,11.98,-27.34,-18.74,-29.1,5.37,-11.76,-0.14
17.21,27.95,7.6,-12.01,-8.4,-4.31,10.48,-2.99,-2.4,-11.71,2.19,-2.3,5.29
18.28,47.48,15.98,-23.33,6.84,2.45,35.83,-5.46,7.6,-22.58,3.49,-21.21,0.39
17.94,37.08,15.01,-19.27,-5.44,1.5,26.48,-9.54,-12.27,-33.15,-1.91,-11.37,4.67
16.9,29.09,13.43,-2.44,-2.1,0.35,15.74,7.7,2.93,-13.43,-6.66,-6.01,3.99
16.82,32.99,7.92,-19.45,-11.14,-6.9,13.11,-7.64,-0.77,-11.9,10.93,-1.18,7.15
16.92,55.83,23.06,-41.29,-9.9,-7.12,32.73,-25.02,-2.42,-28.16,22.58,-7.92,15.25
16.85,32.47,9.19,-17.99,-10.3,-11.09,8.5,-10.88,-6.07,-21.17,-1.0,-5.23,10.19
17.12,36.81,7.0,-36.68,-15.17,-9.62,20.73,-24.04,-15.23,-34.51,6.71,-14.39,2.17
17.32,50.09,12.62,-33.84,-3.27,-3.99,34.76,-16.44,3.8,-23.38,20.36,-11.95,10.72
17.64,33.9,12.63,-19.34,-10.6,-2.14,25.23,-2.43,-4.73,-23.4,3.93,-6.22,3.09
17.32,40.29,11.89,-19.62,-1.67,-5.71,14.46,-22.06,-10.83,-25.45,12.07,0.68,20.79
16.99,31.04,10.16,-11.08,-0.86,1.26,13.52,-9.99,-8.67,-15.8,6.32,1.35,9.96
16.52,27.72,9.18,-10.88,-5.54,-1.07,13.24,-5.91,-7.98,-15.72,6.41,6.96,14.38
17.08,22.74,5.04,-5.71,2.32,7.45,15.7,1.83,-1.82,-9.33,-0.06,0.02,8.21
16.91,24.62,5.59,-3.88,-0.15,4.44,7.52,-4.94,-8.86,-9.97,0.45,-0.33,0.21
18.25,31.75,0.56,-38.68,-6.37,0.54,25.25,-28.45,-17.03,-31.3,13.1,-11.2,2.96
18.88,33.89,-0.46,-33.56,12.55,7.62,33.51,-23.79,-11.22,-29.2,17.7,1.2,17.55
18.66,36.1,2.99,-32.18,7.79,2.12,24.88,-28.76,-12.92,-28.81,13.39,-12.03,0.84
18.73,31.36,3.58,-30.95,-0.75,7.77,29.51,-23.34,-14.53,-26.59,16.89,-9.1,3.02
18.64,43.77,7.3,-43.75,4.6,6.58,36.4,-41.08,-19.27,-35.17,26.79,-12.87,5.51
18.62,38.99,3.83,-36.16,11.23,4.47,30.48,-36.02,-19.59,-35.13,19.9,-4.88,10.24
18.14,28.23,2.98,-25.54,3.1,8.81,25.87,-22.86,-17.41,-25.88,17.96,1.16,7.14
18.21,35.2,1.44,-40.24,-7.35,1.8,31.83,-25.98,-9.87,-24.99,27.96,-7.19,0.92
18.26,45.5,-4.7,-47.11,24.94,-11.43,51.97,-39.29,-2.23,-22.59,20.37,9.04,6.86
18.42,23.97,-4.63,-29.07,0.77,6.76,21.44,-24.4,-20.15,-33.97,2.04,-15.09,-3.59
17.46,29.4,3.08,-30.27,-7.49,-0.39,21.6,-24.06,-21.87,-33.65,11.02,1.19,15.13
17.8,49.52,7.53,-40.17,5.76,-0.02,30.88,-43.69,-18.03,-38.61,25.15,-13.22,9.49
17.57,29.51,4.1,-23.09,-1.8,2.69,20.74,-14.4,-10.86,-23.22,8.52,-1.52,10.21
16.87,25.18,2.68,-15.75,-5.15,-1.86,10.58,-10.47,-11.99,-25.34,-7.72,-12.12,-2.58
16.94,34.94,9.38,-29.38,-13.9,-4.03,23.6,-16.15,-10.96,-21.69,18.77,-1.13,6.91
17.29,25.28,-0.23,-28.09,-13.7,-8.48,7.03,-28.3,-24.2,-29.56,7.62,-0.73,9.97
17.16,41.47,12.96,-41.82,-17.75,4.0,34.62,-29.88,-19.06,-29.75,23.6,-13.18,13.03
17.34,32.43,3.43,-24.27,-7.28,-6.4,8.64,-26.79,-19.75,-31.95,1.94,-8.51,8.28
16.61,39.67,13.88,-29.31,-4.14,11.02,39.0,-18.82,-18.89,-34.26,13.63,-15.34,0.8
16.81,45.85,17.83,-34.07,-6.33,6.38,43.7,-23.85,-19.86,-40.39,13.26,-15.78,8.18
16.76,30.05,8.84,-18.88,-8.53,-3.39,14.2,-17.88,-20.7,-31.67,1.82,-1.76,8.04
17.5,40.27,16.8,-23.86,-11.45,-8.31,15.77,-29.51,-29.51,-40.85,2.37,-12.12,0.58
17.04,22.98,5.07,-8.56,-6.57,-6.09,-1.13,-15.91,-18.27,-19.92,-4.07,0.03,6.66
17.18,26.57,10.73,-2.47,-1.31,-1.94,2.59,-15.42,-22.32,-28.32,-8.38,2.22,15.25
17.58,27.32,8.81,-8.74,-4.07,-2.98,3.73,-18.87,-20.52,-22.55,0.65,0.89,6.7
17.64,44.07,19.16,-19.4,-0.71,2.63,26.13,-21.21,-18.8,-40.1,3.14,-7.51,17.77
17.38,35.93,16.99,-11.91,-5.65,-6.67,8.01,-26.4,-31.62,-44.0,-8.31,-5.89,8.47
16.57,23.55,7.69,-4.65,-4.73,-2.68,4.99,-5.53,-10.45,-15.65,-4.11,-1.37,2.1
16.28,50.16,27.35,-21.42,-9.58,-2.28,32.02,-13.99,-8.81,-29.51,8.49,-9.62,14.54
16.9,45.21,14.73,-25.08,-2.5,-6.57,22.66,-12.21,-1.67,-26.58,3.82,-17.85,1.69
17.13,45.04,19.29,-20.92,-4.53,-4.5,25.2,-13.43,-8.59,-32.23,-3.34,-19.71,1.26
16.85,26.86,9.47,-4.4,-4.11,-6.21,-3.14,-18.78,-19.27,-21.43,-5.41,-6.18,-2.56
16.05,46.76,24.84,-27.49,-13.18,0.33,34.64,-25.9,-26.5,-43.0,13.33,-10.48,13.84
15.85,49.75,21.71,-28.36,-4.01,4.41,37.48,-16.65,-9.7,-25.59,27.86,-2.2,12.94
15.99,41.93,14.94,-23.88,-2.3,0.35,23.36,-25.08,-15.59,-28.92,11.58,-6.42,7.56
15.4,37.67,12.76,-19.59,-4.8,-1.52,18.64,-12.03,-8.04,-19.53,8.05,-6.62,2.95
16.34,44.49,18.87,-24.11,-9.13,-10.47,13.76,-25.74,-14.68,-23.99,17.61,-6.28,1.16
16.21,36.88,17.83,-11.74,-10.42,-9.63,12.66,-8.97,-12.21,-31.77,-9.73,-12.23,5.24
15.37,37.52,17.93,-20.45,-18.81,-11.01,24.25,-3.19,-7.89,-30.78,0.54,-8.54,7.88
15.52,28.28,11.04,-11.96,-14.48,-12.02,8.57,-0.59,-5.54,-20.38,-5.07,0.11,13.13
15.83,31.39,14.38,-8.42,-5.73,-3.25,16.25,-1.71,-8.62,-29.6,-12.09,-6.98,13.47
16.03,34.32,13.18,-11.88,-9.12,-8.18,9.29,-6.59,-1.41,-11.54,5.86,-5.27,2.43
15.7,29.39,11.04,-7.88,-4.13,-2.08,9.5,-7.19,-9.94,-20.37,-5.02,-4.29,6.84
15.5,33.67,11.35,-14.69,-8.7,-4.69,13.79,-5.37,-3.32,-15.23,3.94,-5.41,5.0
15.68,43.93,20.24,-16.3,-4.87,-6.14,15.12,-14.12,-5.66,-25.14,0.23,-16.44,1.55
15.44,43.55,13.45,-26.19,-0.14,-6.32,25.16,-12.24,-2.32,-27.9,8.63,-0.87,21.3
16.84,30.93,9.31,-16.78,-13.35,-11.93,6.52,-10.35,-8.38,-21.78,-4.94,-8.69,5.86
16.69,23.72,1.43,-15.66,-8.92,-5.33,3.69,-16.58,-20.8,-28.97,-8.28,-4.69,7.53
16.37,34.73,12.74,-22.13,-14.46,-13.3,11.79,-22.68,-27.09,-46.28,-11.02,-11.4,9.75
17.03,53.94,18.72,-53.46,-22.78,-15.25,32.92,-44.74,-26.24,-50.53,-1.35,-38.82,0.66
16.61,22.53,2.32,-13.22,-3.19,0.52,10.09,-12.02,-17.95,-28.54,-9.85,-3.51,11.31
17.31,30.4,6.08,-24.27,-13.37,-9.13,13.33,-18.62,-23.15,-46.47,-16.9,-18.2,7.51
16.61,40.83,16.61,-30.71,-18.5,-3.04,32.93,-12.72,-13.37,-33.42,11.25,-9.67,9.4
17.05,27.25,-1.85,-31.62,-17.25,-10.13,19.34,-1.91,3.24,-19.02,4.39,-5.32,14.46
16.9,30.07,3.87,-37.8,-20.52,-7.94,34.42,2.54,4.36,-26.15,9.16,0.42,28.25
17.14,24.52,-0.96,-27.72,-10.62,2.41,35.67,11.0,5.0,-27.65,-7.57,-14.18,9.9
16.55,32.37,4.13,-37.94,-19.4,-11.39,29.95,-1.13,4.88,-28.52,1.26,-12.12,16.65
15.89,33.29,2.94,-38.23,-13.7,-5.85,28.77,-13.0,-5.89,-26.63,16.68,6.56,31.16
16.17,33.52,8.65,-29.58,-12.38,-5.43,31.27,-4.33,-4.34,-36.68,-3.8,-9.7,22.58
16.79,30.24,9.7,-16.2,-6.98,-0.16,22.72,-4.3,-12.27,-34.02,-8.99,-6.81,15.01
16.83,32.82,12.67,-13.59,-6.77,-2.28,18.77,-3.39,-6.22,-23.24,-1.3,-4.1,8.74
17.17,40.24,14.27,-25.65,-11.35,-5.5,27.4,-8.46,-4.65,-32.46,0.4,-14.19,10.68
17.74,60.42,19.07,-53.02,-9.96,-14.73,56.72,-28.1,-10.33,-32.98,27.18,-15.3,12.16
18.03,35.07,4.2,-32.26,-15.21,-12.76,18.48,-9.27,2.77,-17.64,12.97,-3.21,13.5
17.67,45.47,6.86,-51.5,-21.52,-25.27,21.95,-26.04,-2.11,-35.6,4.83,-20.56,11.39
17.61,23.56,1.24,-21.95,-18.59,-11.83,11.8,1.04,-1.68,-20.25,-5.85,-4.34,13.66
17.32,46.38,11.26,-39.17,-8.7,-9.73,29.77,-17.17,0.09,-29.3,8.75,-14.28,13.8
17.26,39.34,12.34,-27.83,-13.76,-8.6,23.87,-8.22,-3.09,-29.54,3.77,-9.53,12.84
17.26,33.31,9.72,-23.96,-11.97,-4.99,25.45,-2.42,-5.04,-33.38,-12.01,-20.61,3.19
17.58,26.37,-1.82,-35.89,-26.01,-17.58,14.63,-5.92,-1.1,-23.37,1.33,-6.69,17.18
17.48,32.47,5.7,-31.43,-20.04,-15.04,17.67,-5.46,2.17,-19.95,4.38,-7.9,12.72
17.11,43.73,6.92,-44.59,-9.6,-14.9,30.24,-11.95,8.81,-25.08,7.56,-16.54,13.36
17.43,42.09,7.88,-36.47,-7.51,-12.01,28.06,-11.91,4.02,-26.27,7.31,-8.99,18.85
17.53,44.8,10.64,-44.64,-21.97,-15.98,27.55,-21.94,-5.39,-28.22,22.6,-5.74,22.73
16.84,34.33,5.76,-32.86,-19.42,-17.8,7.93,-21.35,-5.59,-16.71,15.89,-4.14,5.38
17.04,29.18,2.51,-27.31,-21.92,-17.66,7.93,-6.24,0.5,-17.18,0.65,-9.42,5.55
17.32,21.49,-2.89,-26.85,-19.65,-12.58,7.36,-8.18,-7.83,-19.94,-4.98,-11.74,-2.71
17.7,23.53,-1.32,-32.44,-23.0,-13.86,15.81,-5.57,-3.99,-19.82,10.18,9.0,25.76
18.22,34.13,-0.04,-44.25,-16.73,-9.7,27.68,-13.27,-2.5,-28.79,5.39,-14.43,9.98
18.23,23.94,-3.74,-35.38,-20.36,-9.11,20.78,-6.99,-7.72,-27.13,4.14,-0.98,18.73
17.52,30.09,-2.81,-41.95,-10.79,-0.6,34.77,-6.08,0.75,-29.37,1.44,-16.14,13.29
17.28,52.5,11.7,-55.59,-11.79,0.56,52.46,-28.35,-6.6,-41.64,24.21,-12.49,16.51
17.1,24.51,1.19,-20.57,-5.58,-0.41,15.7,-9.9,-9.77,-19.65,6.21,4.93,15.67
17.88,24.94,-3.87,-29.76,-8.08,2.05,23.71,-10.65,-11.35,-32.19,-1.18,-6.88,17.55
18.19,30.12,-2.25,-40.24,-12.06,-5.36,25.45,-14.93,-7.85,-30.67,4.86,-6.28,19.21
18.32,31.88,2.82,-30.69,-9.26,-0.41,25.34,-11.16,-3.45,-16.17,20.16,3.38,15.58
18.66,25.16,-0.65,-27.39,-11.8,-3.45,16.8,-10.03,-7.11,-18.04,6.75,-3.45,5.69
18.05,33.64,3.16,-31.66,-9.94,-5.71,23.64,-11.49,-6.46,-32.0,-1.84,-16.52,2.03
18.89,26.16,-1.05,-33.86,-15.15,-3.27,27.43,-3.67,-4.16,-26.14,1.86,-10.87,2.59
19.74,50.23,5.9,-65.09,-6.27,6.03,59.22,-35.56,-5.89,-29.64,32.75,-14.44,12.92
20.02,23.6,-5.76,-36.35,-16.34,-4.99,26.84,5.77,12.39,-9.7,5.79,-13.04,-2.07
20.48,41.35,0.34,-54.77,-10.44,-8.88,39.28,-16.43,4.89,-26.65,15.96,-16.95,8.01
20.32,34.97,0.07,-46.9,-18.32,-8.37,31.08,-9.72,4.87,-18.28,19.61,-8.31,8.29
21.13,35.08,-1.09,-43.45,-14.65,-3.76,35.2,-9.46,1.79,-33.28,6.41,-14.91,21.82
20.49,26.84,-1.53,-34.91,-14.64,-5.81,25.03,-6.71,-7.07,-35.92,-12.9,-21.9,3.83
20.06,34.06,-0.31,-43.22,-12.62,-10.77,28.34,-12.87,-4.77,-35.84,-0.35,-14.59,10.91
20.5,48.07,-2.18,-61.39,-3.06,-20.19,45.04,-32.1,-5.22,-43.96,-0.9,-28.96,-0.04
20.07,29.73,-3.95,-40.83,-14.59,-4.88,28.81,-9.75,-0.52,-26.46,4.49,-20.54,-2.17
19.92,45.81,6.37,-57.75,-18.3,-7.48,47.23,-16.74,5.25,-31.85,17.24,-19.73,13.97
20.1,34.56,-0.56,-49.49,-17.49,-1.61,40.24,-14.09,-5.43,-33.07,11.99,-17.25,8.5
20.57,24.57,-6.21,-40.59,-13.07,-4.06,25.99,-12.42,-6.89,-29.01,4.78,-6.49,15.68
20.25,46.87,5.38,-72.43,-4.67,6.95,41.37,-30.25,10.2,-26.66,15.68,-10.07,20.35
20.44,21.66,-7.39,-35.35,-13.58,-3.5,24.11,-2.11,-0.18,-21.27,0.58,-6.85,12.57
20.56,12.47,-16.17,-37.84,-21.65,-7.85,17.68,-2.59,-6.54,-27.93,-8.51,-11.23,6.94
20.31,24.16,-6.89,-44.97,-23.0,-15.14,15.95,-21.94,-17.92,-39.67,-2.78,-12.55,7.51
20.36,37.48,-1.59,-52.31,-13.47,-16.29,32.25,-16.11,0.23,-34.16,9.53,-10.91,20.48
19.34,31.32,-1.79,-45.24,-20.67,-13.86,24.63,-9.76,2.15,-24.35,10.59,-5.31,19.46
19.67,24.51,-4.5,-34.39,-22.69,-13.9,11.42,-9.86,-4.17,-18.09,6.46,-4.89,6.97
19.32,34.77,3.35,-43.58,-20.37,-8.82,28.03,-16.57,-9.16,-31.77,9.46,-15.67,0.68
19.45,24.55,-3.65,-27.57,-12.58,-4.02,19.06,0.78,6.3,-8.21,10.28,-2.28,7.25
19.65,29.62,-0.44,-41.71,-22.21,-12.92,23.47,-12.28,-9.21,-36.31,-3.03,-17.54,3.25
19.38,33.6,-0.12,-45.84,-24.14,-12.5,25.55,-14.24,-3.26,-28.39,8.93,-15.44,7.98
19.66,20.02,-4.65,-29.6,-17.74,-8.63,18.61,1.72,-0.57,-23.36,-7.79,-9.92,9.12
19.4,20.79,-5.62,-31.71,-20.98,-9.59,21.41,9.54,11.73,-10.98,0.1,-11.96,0.51
18.82,20.6,-3.13,-27.71,-15.1,-4.08,24.68,6.73,2.69,-20.91,-5.15,-8.96,8.47
19.34,27.21,-3.56,-39.91,-20.54,-14.71,24.91,-0.01,5.53,-28.28,-3.96,-13.9,16.89
19.2,30.63,-2.55,-46.86,-21.59,-9.42,29.05,-8.76,2.48,-21.57,11.41,-12.9,5.29
18.71,28.57,-7.66,-38.34,-12.89,-2.54,23.1,-11.26,-1.63,-24.21,2.82,-22.03,-0.18
18.9,38.25,5.54,-40.97,-14.98,-11.95,35.69,1.5,13.37,-23.8,5.04,-17.3,11.37
18.5,30.34,4.7,-30.45,-14.85,-1.0,36.32,8.91,9.6,-17.36,5.4,-11.78,4.89
19.45,37.77,10.5,-33.1,-6.22,6.39,45.11,-4.29,-3.93,-36.19,3.48,-18.11,5.9
20.17,26.87,7.22,-9.16,-1.86,5.67,19.53,1.35,-6.55,-22.22,-12.79,-17.08,-8.65
19.01,26.38,8.6,-9.25,-6.31,-0.51,17.03,5.78,-0.5,-18.28,-10.87,-12.5,-3.2
19.43,48.24,13.92,-39.28,-15.01,-7.06,32.95,-23.9,-8.7,-40.39,-0.86,-36.03,-9.51
19.15,43.13,14.06,-42.0,-23.28,-8.52,33.33,-12.69,-0.41,-27.77,13.08,-17.83,9.69
19.92,30.74,10.45,-17.05,-8.32,-2.68,23.83,0.31,-7.72,-36.75,-18.23,-19.06,3.35
19.42,45.96,13.07,-38.99,-5.61,3.4,49.67,-1.22,10.76,-26.3,9.57,-23.41,3.12
18.88,25.01,2.05,-23.43,-12.3,-0.86,29.5,12.6,10.86,-14.26,0.01,-9.35,4.3
19.28,24.73,0.94,-25.14,-8.8,2.02,28.25,1.14,-4.08,-28.32,-8.67,-15.86,-0.29
19.59,30.64,8.7,-20.33,-1.09,7.7,30.17,-9.15,-14.04,-32.38,-0.5,-9.82,1.46
19.59,28.5,1.77,-26.17,-5.32,1.67,21.34,-13.06,-12.64,-30.06,-4.93,-16.95,-4.5
19.69,30.23,1.22,-25.13,-8.43,0.43,21.49,-5.39,-0.4,-17.26,3.43,-14.08,-0.67
19.15,56.18,10.56,-56.2,-8.24,-13.11,42.07,-38.1,-2.76,-28.41,23.63,-22.68,-2.98
19.06,44.66,11.58,-44.77,-15.61,-3.29,37.11,-24.78,-17.82,-45.45,0.01,-38.18,-13.37
18.93,40.5,4.28,-37.42,-5.61,-11.16,25.84,-11.01,6.5,-20.92,6.49,-16.61,5.03
19.59,39.46,6.04,-36.94,-16.17,-10.55,24.03,-15.35,-4.06,-31.79,5.89,-16.39,11.54
19.67,27.27,-0.89,-33.53,-17.05,-12.57,15.6,-12.3,-10.04,-32.77,-7.91,-17.64,-2.27
20.04,26.7,2.42,-27.85,-18.33,-11.07,22.17,6.27,8.04,-17.31,2.9,-1.38,19.69
20.21,33.66,6.53,-30.72,-10.43,-5.79,23.23,-17.05,-15.01,-37.71,0.57,-6.52,16.49
19.99,27.83,1.29,-28.26,-10.88,-4.07,19.46,-15.87,-16.46,-37.0,-1.61,-5.83,16.62
19.34,54.98,14.25,-43.5,-4.93,-19.91,32.21,-29.23,-6.9,-42.35,0.35,-23.66,8.52
19.5,25.45,-1.35,-29.51,-10.65,0.48,22.74,-12.36,-14.48,-31.89,-1.89,-12.56,2.99
19.6,32.55,-0.03,-42.67,-12.76,-1.98,28.56,-21.27,-13.55,-34.53,5.97,-15.75,6.28
19.4,46.91,3.36,-52.32,-1.63,-3.87,45.37,-19.37,6.8,-30.32,22.01,-4.95,32.76
19.44,36.63,6.61,-33.33,-9.19,-2.22,24.88,-18.81,-11.71,-30.11,7.16,-10.98,8.73
19.5,29.0,2.66,-29.65,-10.99,-3.12,23.41,-14.73,-15.85,-37.2,1.28,-1.9,22.5
19.39,47.67,4.17,-45.5,2.68,-20.27,37.42,-24.57,-3.96,-39.15,4.65,-7.16,19.83
19.22,57.27,15.71,-55.86,-17.49,-9.49,46.22,-33.06,-6.19,-30.32,30.67,-14.25,14.34
19.76,50.98,1.76,-51.66,2.51,-28.28,47.7,-26.1,2.63,-28.33,6.48,-2.0,22.0
19.36,34.38,2.77,-38.19,-15.75,-3.14,32.82,-6.94,1.74,-20.02,20.21,-3.23,11.79
19.52,45.15,1.66,-55.92,-4.34,-0.39,49.61,-17.95,3.83,-33.01,14.36,-22.28,3.31
19.46,36.61,2.82,-40.71,-12.81,-6.76,29.14,-14.56,-1.69,-21.92,18.65,-8.26,4.25
19.79,46.47,0.33,-55.34,-3.9,-12.75,40.35,-19.6,7.0,-27.51,14.48,-19.03,8.47
20.3,27.66,-0.65,-32.85,-11.38,0.22,31.9,-3.31,-2.65,-30.29,-0.48,-14.33,9.12
19.77,18.81,-5.66,-24.44,-8.37,0.71,16.31,-7.15,-10.84,-23.69,-7.32,-12.54,-2.29
19.49,38.12,2.34,-40.21,-9.14,-4.91,31.37,-16.47,-6.66,-33.83,7.92,-14.76,7.72
19.87,38.81,6.15,-36.68,-5.13,-0.63,36.51,-10.57,-2.46,-31.92,5.03,-13.45,11.18
19.57,40.22,13.55,-36.71,-16.13,-2.39,41.27,-4.79,-0.98,-32.77,-0.1,-28.01,-5.39
20.0,32.41,5.51,-32.2,-13.26,-3.71,30.25,-5.9,-8.14,-38.41,-8.57,-21.7,-0.0
19.31,32.4,1.13,-30.5,0.08,3.9,34.65,-3.2,2.28,-25.04,0.05,-19.58,-2.99
19.56,28.0,-3.32,-40.13,-14.42,-5.34,30.42,-0.11,8.68,-18.51,6.92,-10.17,11.34
19.55,36.71,4.01,-38.95,-15.04,-3.92,37.53,0.56,10.64,-22.72,10.52,-14.47,10.3
19.26,58.29,10.45,-60.23,-4.38,-12.4,50.21,-25.39,4.54,-27.57,21.73,-21.15,14.97
19.41,46.64,10.03,-55.24,-16.22,-1.29,52.61,-9.6,10.75,-18.14,28.67,-15.06,10.46
18.81,35.7,2.32,-38.85,-10.83,-11.25,29.91,-6.26,2.94,-27.19,10.91,-1.08,22.27
18.93,29.59,1.62,-24.59,-6.32,4.18,29.13,3.52,8.4,-10.26,10.84,-5.56,8.62
18.51,42.74,5.06,-42.0,-1.84,-3.67,38.49,-13.51,1.5,-34.01,1.63,-24.52,-0.68
18.39,34.87,6.64,-29.26,-6.43,4.58,35.18,-5.22,-3.3,-30.52,2.65,-14.43,6.86
17.99,37.28,7.99,-31.97,-6.17,1.77,35.67,-2.62,5.91,-19.2,15.97,-2.22,16.19
17.91,45.72,8.19,-34.74,5.8,4.04,42.06,-13.41,3.64,-28.1,12.02,-10.45,17.12
18.32,36.0,10.06,-29.13,-12.51,-0.53,36.12,5.47,10.38,-16.56,9.6,-9.21,8.51
18.5,44.37,8.67,-41.72,-11.9,-3.27,42.9,-5.6,10.29,-27.24,18.76,-10.01,23.48
18.89,28.84,-0.59,-32.56,-13.02,-9.77,24.59,6.28,17.47,-6.68,13.16,0.22,15.73
18.63,40.15,6.96,-36.65,-5.77,-5.72,35.34,-5.32,6.26,-20.8,15.9,-4.45,13.73
18.12,43.82,9.85,-41.07,-9.58,-3.18,39.09,-6.69,11.22,-16.42,24.98,-0.83,25.14
18.1,38.34,11.72,-34.4,-7.36,6.12,38.32,-8.64,-0.02,-17.32,18.94,-7.21,6.85
17.8,23.09,-2.55,-29.79,-10.29,1.49,25.44,-5.43,-4.12,-15.75,16.12,6.84,16.16
17.76,40.64,12.49,-32.06,-11.13,-0.96,41.75,0.92,4.32,-30.69,2.99,-19.45,7.84
17.68,35.75,8.36,-30.29,-12.76,-6.7,25.43,-8.81,-3.73,-23.67,11.51,-0.31,14.66
17.83,28.4,1.8,-23.61,-11.8,-3.66,18.65,-2.13,1.52,-13.1,9.14,-0.55,11.8
17.91,23.63,-1.08,-25.63,-11.93,-3.3,19.78,-0.35,-0.42,-18.4,-1.04,-5.93,9.76
17.98,23.25,-1.01,-18.36,-8.33,0.49,16.55,1.78,1.57,-9.93,3.4,-2.22,7.34
17.6,23.38,2.23,-18.45,-1.52,11.83,38.11,15.56,8.05,-17.23,-2.25,-7.75,6.87
17.61,38.48,7.17,-22.89,1.73,6.14,32.17,-3.08,6.18,-19.32,7.03,-14.64,5.83
18.13,48.43,7.74,-41.82,6.37,-4.24,48.41,-9.95,9.55,-27.62,16.07,-9.01,16.6
17.59,29.58,0.17,-28.69,-9.18,1.55,26.64,-2.21,4.83,-11.04,14.27,-5.89,5.34
18.24,39.47,6.94,-35.61,-8.5,-3.39,31.32,-6.63,9.32,-13.55,15.5,-13.23,1.81
18.77,28.9,4.07,-26.54,-17.55,-8.01,26.59,12.55,17.35,-6.94,7.36,-11.24,-3.5
18.43,28.88,0.68,-31.11,-13.86,-6.0,21.15,-2.88,6.07,-9.14,12.95,-5.09,2.77
18.78,34.01,4.14,-42.09,-26.52,-14.63,27.15,-4.7,7.81,-11.92,22.22,-6.71,5.13
18.99,37.59,4.93,-42.83,-17.71,-9.11,36.14,2.02,17.84,-11.64,19.37,-8.78,12.46
18.53,26.96,-3.03,-36.36,-24.26,-15.96,15.78,-4.23,5.05,-16.53,4.0,-14.6,1.11
18.31,26.1,-0.5,-34.48,-18.7,-5.57,33.8,12.97,15.64,-10.02,13.49,-0.11,12.95
18.67,41.82,3.15,-48.78,-11.39,-13.58,37.3,-7.03,12.2,-25.47,10.12,-16.9,12.05
18.0,32.97,3.66,-37.71,-16.13,-5.42,32.66,-1.96,3.87,-23.04,9.92,-7.24,13.53
18.08,36.47,1.39,-40.12,-11.98,-11.99,29.18,-5.87,6.86,-24.66,6.08,-14.34,5.9
18.12,32.48,3.16,-34.69,-12.77,-4.43,26.48,-10.36,-4.08,-23.15,11.6,-1.85,16.39
18.5,20.8,-7.47,-32.2,-11.82,1.33,25.21,-3.33,-3.05,-18.78,10.08,3.45,19.16
18.41,38.47,-3.85,-46.47,-1.08,-11.7,36.24,-14.48,4.64,-23.46,11.73,-7.81,10.67
18.38,28.82,-1.45,-38.16,-10.93,-2.42,25.05,-20.75,-16.75,-37.87,1.22,-10.07,14.79
17.81,58.26,12.92,-63.76,-7.82,-8.21,56.49,-34.37,-3.12,-23.01,25.2,-11.9,22.48
17.81,35.9,7.61,-31.96,-12.44,-9.79,23.39,-12.99,-6.61,-31.34,6.61,-2.56,20.6
17.46,38.93,6.95,-35.55,-9.87,-9.38,25.18,-14.82,-6.09,-31.29,9.92,-4.28,16.91
18.09,34.46,3.21,-34.57,-20.24,-16.23,17.82,-10.82,-0.23,-29.09,2.9,-10.77,18.21
17.65,42.2,6.23,-44.57,-14.78,-14.37,24.57,-23.59,-7.18,-33.85,8.72,-14.49,11.08
17.57,31.12,3.62,-26.8,-13.87,-6.08,22.78,-0.69,3.23,-20.33,3.87,-5.75,16.46
17.27,30.89,4.42,-32.85,-18.12,-8.45,27.8,1.24,4.28,-21.8,5.45,-7.03,12.09
17.35,41.23,6.64,-37.58,-10.61,-16.35,23.38,-14.73,1.39,-28.81,4.64,-15.21,10.63
18.15,22.56,-2.86,-31.53,-19.37,-9.2,18.71,-2.51,-2.59,-20.21,2.99,-3.88,9.35
17.8,41.31,7.72,-44.52,-16.14,-6.24,33.14,-19.18,-8.61,-32.61,14.62,-13.58,11.89
17.67,48.04,6.26,-46.72,-4.37,-15.38,30.3,-22.01,2.09,-28.21,13.91,-14.71,12.88
17.21,22.06,-2.3,-22.94,-15.11,-6.22,12.49,-1.99,-3.1,-14.7,2.41,1.68,14.19
17.57,18.54,-4.8,-26.76,-15.39,-4.57,18.71,-0.13,-5.97,-24.06,-5.65,-3.6,14.72
17.76,31.78,4.27,-32.2,-21.1,-12.97,20.53,-2.67,3.58,-18.06,6.64,-9.28,6.59
17.99,21.61,-4.24,-28.16,-17.11,-10.23,10.72,-4.4,0.36,-10.67,4.25,-6.51,-1.71
18.4,43.68,-0.15,-61.45,-14.53,-19.36,39.0,-21.88,1.0,-39.18,12.64,-19.43,17.97
18.5,28.82,-5.41,-51.63,-21.14,-10.39,32.86,-9.52,1.91,-26.59,16.22,-2.08,24.41
18.47,25.87,-5.04,-37.92,-16.85,-3.41,31.4,2.4,6.06,-20.87,6.02,-11.39,6.01
19.12,22.4,-9.61,-45.05,-16.23,-3.78,30.29,-7.99,-3.9,-27.74,4.78,-10.65,6.29
18.65,23.37,-3.37,-34.57,-19.71,-7.56,24.28,-3.9,-5.05,-25.29,7.61,0.61,15.4
18.89,30.22,0.13,-43.31,-16.57,-3.98,32.26,-17.64,-16.04,-40.98,6.2,-6.22,19.93
18.95,29.55,1.18,-39.56,-19.88,-9.45,28.19,-7.19,-2.67,-30.34,5.35,-6.42,19.3
18.11,31.68,-3.96,-44.01,-12.57,-10.63,25.08,-15.1,-4.07,-28.66,6.79,-8.8,12.78
18.26,33.27,-0.82,-47.0,-19.05,-7.02,29.37,-21.49,-10.97,-34.12,14.6,-6.57,18.69
17.64,23.31,-5.11,-33.19,-15.98,-10.07,11.81,-14.05,-10.62,-25.49,-0.62,-6.43,10.06
17.16,38.07,4.33,-42.87,-13.93,-10.63,25.64,-17.28,-3.52,-23.55,16.69,-6.9,11.61
17.83,51.45,2.16,-57.17,-0.51,-16.27,41.62,-33.48,0.56,-24.51,25.91,-6.49,14.45
17.82,32.22,1.34,-34.5,-12.89,-4.75,25.32,-11.87,-5.55,-28.22,6.46,-9.83,9.6
17.66,42.54,14.85,-41.04,-19.54,-0.38,47.52,-9.76,-6.95,-33.03,15.54,-17.91,2.95
17.68,48.61,18.24,-45.5,-20.27,-8.39,45.41,-15.56,-4.73,-33.54,18.21,-14.13,11.95
17.2,29.87,7.1,-22.63,-12.24,-7.75,17.34,-9.43,-12.27,-34.03,-7.84,-9.66,10.79
18.24,33.31,1.13,-36.39,-15.73,-7.29,23.93,-11.95,-4.41,-28.73,4.6,-12.58,13.26
18.56,21.89,-3.31,-28.45,-16.45,-11.66,10.02,-11.85,-14.65,-35.01,-14.6,-12.66,9.14
17.72,33.81,-0.42,-34.02,-6.55,-13.8,19.4,-11.3,-0.46,-25.72,-2.49,-16.64,-0.24
17.81,24.11,-0.12,-27.11,-15.78,-7.73,14.46,-10.52,-12.88,-29.54,-5.56,-7.19,10.52
17.46,32.14,2.16,-33.19,-19.17,-15.11,11.29,-20.93,-16.34,-38.65,-10.22,-21.0,0.82
18.05,34.95,6.79,-32.07,-16.5,-11.73,18.1,-13.6,-6.55,-26.76,4.44,-8.43,11.19
17.43,26.84,0.83,-28.54,-18.14,-12.13,6.68,-25.41,-28.61,-42.74,-12.19,-17.37,-3.21
17.16,23.96,-1.17,-27.34,-10.55,-4.93,14.89,-14.55,-11.44,-24.31,5.14,-0.49,11.65
17.33,26.5,-2.04,-31.88,-13.48,-6.8,12.51,-25.43,-22.14,-35.24,0.96,-11.17,2.68
16.61,30.14,1.47,-26.84,-4.44,0.44,21.61,-3.95,6.19,-8.23,9.72,-9.33,0.5
16.53,40.0,4.92,-37.93,-8.14,-11.06,19.12,-25.57,-11.56,-32.86,7.36,-18.12,-1.87
16.56,50.99,8.65,-51.55,-2.79,-7.46,31.89,-33.83,-7.92,-33.22,17.86,-18.54,3.32
16.81,46.48,11.38,-44.54,-16.66,-5.31,35.72,-16.47,-1.09,-32.94,14.42,-19.28,5.84
16.83,33.25,6.15,-33.66,-18.65,-9.01,23.62,-9.72,-6.43,-25.25,9.21,-6.35,8.06
17.72,30.25,4.62,-24.05,-15.07,-8.45,16.71,-2.88,-0.04,-19.92,-1.52,-12.05,5.15
17.2,34.09,9.2,-24.98,-10.37,-3.83,27.4,-1.86,-2.33,-29.53,-4.11,-13.34,7.6
18.27,35.21,10.52,-28.14,-20.93,-15.85,20.61,-2.16,2.1,-26.18,-1.37,-15.82,3.41
17.75,42.42,9.56,-40.18,-18.44,-20.4,20.25,-15.51,2.17,-33.16,-1.91,-19.9,10.24
17.49,33.53,16.27,-17.05,-20.65,-18.9,10.94,-4.69,-4.38,-20.78,2.51,-1.85,8.56
17.8,45.06,20.38,-27.5,-18.43,-14.51,24.15,-12.86,-7.7,-31.94,6.19,-12.37,6.64
17.66,41.97,21.27,-24.53,-12.26,-2.83,30.63,-13.01,-13.89,-32.72,4.3,-12.05,4.77
16.6,48.48,23.54,-32.43,-18.03,-4.68,37.3,-15.0,-8.61,-28.18,21.73,-10.27,10.64
16.93,29.2,9.98,-14.14,-15.21,-12.11,10.63,1.34,-1.28,-20.14,-7.29,-6.08,9.4
17.73,31.35,7.74,-19.64,-13.35,-13.2,3.31,-16.99,-12.57,-24.05,-5.61,-12.85,1.55
18.14,27.95,7.14,-13.31,-13.03,-11.11,2.04,-9.81,-9.28,-17.5,-2.94,-5.26,1.75
17.21,38.43,12.75,-25.84,-13.73,-10.79,21.98,-3.14,5.28,-20.7,3.61,-11.21,10.45
17.36,48.54,14.3,-37.54,-8.14,-0.96,37.91,-15.37,1.03,-27.77,15.82,-15.19,9.7
17.2,19.54,-4.02,-24.01,-15.64,-10.32,3.98,-12.43,-11.42,-17.64,0.82,0.04,9.05
17.08,39.76,10.52,-33.57,-8.89,-1.76,33.88,-15.89,-11.3,-39.15,5.8,-7.99,23.89
17.41,37.55,7.96,-31.4,-10.43,-7.05,19.11,-19.23,-7.48,-21.96,13.75,-5.71,8.21
17.33,34.13,10.85,-19.48,-9.74,-5.12,14.46,-16.45,-16.48,-28.15,2.27,-4.52,7.36
17.54,29.16,6.0,-19.29,-9.41,-5.39,10.26,-15.07,-14.27,-23.94,-1.01,-8.88,-1.27
17.0,45.14,10.48,-31.94,-0.38,0.35,29.31,-22.37,-7.85,-32.95,15.82,-5.09,21.97
16.91,33.81,8.74,-28.64,-20.46,-17.02,5.08,-28.22,-25.05,-37.61,0.0,-6.88,10.77
17.88,45.46,8.47,-50.49,-25.39,-18.66,18.28,-44.17,-28.16,-45.86,11.85,-19.95,7.3
17.81,29.2,4.68,-21.69,-10.51,-6.6,10.28,-13.63,-9.54,-17.43,5.47,-4.86,3.24
17.3,35.03,4.53,-33.8,-17.53,-18.55,1.49,-38.52,-28.67,-40.87,-0.49,-14.04,1.85
17.34,25.24,2.72,-21.05,-12.1,-4.3,15.75,-3.51,-4.58,-17.33,1.58,-3.77,6.05
17.45,40.59,7.6,-33.3,-10.66,-12.65,24.99,-5.34,11.42,-12.47,17.37,-5.36,11.87
17.32,39.24,8.55,-32.7,-9.43,-6.03,24.76,-14.32,-2.76,-22.33,12.55,-6.64,8.63
17.34,32.23,7.44,-22.34,-13.27,-7.63,15.51,-6.96,-2.05,-17.07,5.58,-9.98,-0.18
17.54,35.93,11.21,-28.62,-20.0,-14.46,21.52,-3.56,1.12,-23.97,3.37,-11.27,7.07
16.78,35.32,14.63,-25.7,-19.54,-10.5,26.31,-2.57,-5.26,-23.97,9.16,-1.48,7.45
17.0,48.1,18.92,-37.59,-15.92,-5.41,33.4,-20.79,-8.61,-28.09,20.45,-13.84,6.38
17.05,24.89,2.64,-17.93,-13.29,-7.68,7.38,-10.1,-16.78,-31.73,-17.58,-16.6,-1.15
16.41,35.04,13.51,-25.6,-20.61,-10.24,21.66,-11.24,-14.63,-34.72,0.61,-7.96,11.25
16.68,33.89,7.93,-25.5,-17.46,-13.74,12.89,-12.84,-10.91,-34.79,-11.33,-19.95,2.02
16.52,24.06,3.31,-18.27,-17.67,-16.73,-0.61,-12.37,-16.21,-33.88,-24.7,-22.57,-5.79
16.12,40.57,10.98,-28.32,-11.91,-15.49,11.52,-17.75,-2.95,-20.24,8.88,-8.73,9.08
16.41,39.04,6.44,-40.81,-21.83,-22.85,9.83,-30.78,-18.46,-38.91,0.54,-12.58,13.64
16.46,38.14,13.63,-32.64,-23.03,-15.85,18.19,-15.83,-11.25,-29.22,12.11,1.23,21.76
16.94,30.93,6.66,-29.9,-24.92,-20.06,10.8,-13.0,-12.07,-33.83,-7.56,-13.83,7.49
16.78,28.51,2.74,-28.17,-21.26,-18.04,10.64,-6.05,0.32,-24.18,-9.14,-23.6,-4.54
17.01,44.21,7.44,-43.26,-11.5,-19.13,30.81,-7.8,12.08,-22.81,7.23,-19.74,9.3
15.88,26.52,1.93,-27.07,-18.9,-12.96,12.87,-6.25,-4.35,-19.56,2.78,-4.26,5.82
15.66,25.17,1.35,-25.01,-20.11,-14.38,7.66,-6.03,-3.25,-17.82,-3.06,-9.72,2.51
15.49,25.93,0.58,-25.37,-18.16,-10.86,10.02,-6.47,-3.7,-13.48,2.97,-9.24,-2.94
14.84,26.09,1.3,-31.88,-23.69,-16.64,11.98,-12.66,-17.28,-40.45,-16.6,-20.58,0.87
14.64,32.27,3.78,-32.27,-17.61,-10.01,16.02,-16.6,-11.91,-23.92,11.23,-3.42,10.07
14.73,35.43,8.49,-31.8,-10.94,-2.83,25.84,-12.55,-12.27,-33.53,-6.52,-23.38,-7.95
14.68,46.46,19.99,-39.62,-14.47,-5.09,27.29,-21.14,-14.02,-37.64,5.98,-20.55,-1.65
14.19,37.96,10.69,-39.83,-18.98,-8.27,33.13,-3.12,-1.8,-28.76,6.61,-14.64,5.56
14.84,29.99,5.26,-30.49,-24.86,-19.34,9.23,-14.39,-12.24,-29.14,-2.06,-8.76,7.48
14.98,27.97,1.92,-31.72,-23.55,-19.53,6.13,-17.14,-15.76,-36.91,-15.8,-22.85,-3.82
14.71,32.63,4.09,-28.83,-11.66,-10.15,16.86,-7.82,1.62,-18.89,3.13,-11.01,2.4
14.94,45.67,13.19,-48.73,-19.91,-4.87,29.74,-28.76,-13.92,-39.24,11.76,-18.63,5.93
14.86,40.02,6.03,-35.35,-19.65,-17.55,11.77,-24.53,-11.64,-35.9,-5.59,-26.3,-1.42
14.95,22.32,-0.45,-23.84,-15.77,-10.18,9.74,-9.03,-11.73,-29.46,-15.47,-17.86,1.42
14.56,27.12,3.42,-26.25,-19.98,-14.39,7.99,-14.72,-16.34,-34.95,-13.03,-16.36,2.63
14.24,36.11,9.6,-27.94,-8.76,-2.95,27.32,-7.48,-6.56,-28.58,2.51,-6.42,19.22
14.23,44.87,22.14,-44.57,-19.92,5.76,36.39,-18.22,-6.48,-20.06,21.52,-2.94,24.11
14.36,45.58,12.23,-40.02,0.02,-2.06,27.27,-22.24,-11.8,-32.4,14.66,-3.54,20.35
14.46,23.57,-3.1,-25.58,-15.87,-10.36,3.18,-18.02,-17.91,-27.06,-4.78,-8.24,5.29
14.39,28.95,2.53,-35.34,-25.34,-18.52,11.1,-19.36,-17.71,-34.54,-1.83,-10.52,2.52
14.55,27.87,4.63,-21.45,-16.52,-11.93,7.06,-12.33,-13.51,-27.31,-4.81,-5.25,9.41
14.65,43.71,17.65,-38.45,-19.22,-4.61,32.2,-16.98,-5.16,-35.94,4.91,-16.53,10.13
15.33,47.58,12.99,-49.2,-18.63,-12.18,35.21,-21.0,-3.03,-37.27,9.34,-13.64,25.98
15.43,20.67,-3.27,-27.36,-18.12,-12.6,8.74,-9.86,-14.81,-33.36,-14.28,-11.92,7.7
14.92,28.47,1.78,-33.96,-22.02,-15.05,17.34,-9.07,-6.51,-28.6,-3.82,-11.19,10.63
15.28,40.08,8.4,-38.56,-14.55,-15.2,25.04,-8.7,1.54,-31.37,-2.6,-25.35,5.91
14.77,35.69,8.28,-36.66,-20.78,-11.18,25.97,-9.47,-7.66,-32.29,2.54,-14.64,8.07
14.24,40.02,5.75,-45.73,-20.21,-15.07,17.79,-18.17,4.65,-22.66,16.21,-8.96,15.8
14.57,35.53,1.94,-41.32,-19.54,-16.31,17.0,-18.74,-5.05,-32.59,7.15,-5.12,21.84
14.71,29.38,2.4,-37.87,-22.07,-11.26,24.09,-7.87,-2.03,-26.08,13.13,8.2,33.07
14.49,33.33,5.23,-34.74,-17.53,-9.12,23.91,-11.42,-9.36,-31.26,0.96,-13.9,3.83
14.08,33.87,5.73,-31.49,-11.75,-5.01,24.38,-5.6,0.8,-16.99,10.77,-9.06,8.4
14.56,15.99,-7.02,-22.17,-11.74,-3.92,8.38,-12.08,-18.61,-30.81,-12.92,-7.76,9.31
15.38,17.7,-3.82,-25.55,-8.59,-2.88,17.85,-12.54,-19.04,-39.31,-7.42,0.37,24.99
14.73,45.3,15.67,-30.06,-4.07,-6.02,26.94,-15.86,-10.14,-35.16,-0.9,-17.25,9.01
15.41,37.63,14.84,-21.54,-10.32,-1.85,23.28,-17.11,-19.39,-38.55,-2.69,-12.3,6.32
15.51,35.55,12.33,-29.59,-14.17,-5.08,23.29,-14.79,-15.89,-35.61,-0.5,-13.1,6.16
15.78,37.3,7.87,-34.97,-8.83,-3.82,24.65,-22.57,-17.1,-38.13,4.83,-13.6,9.18
15.88,34.38,8.5,-26.91,-9.47,-4.27,22.72,-14.99,-14.5,-36.31,-2.57,-11.47,7.7
15.63,26.11,2.77,-22.62,-6.53,2.1,23.54,-5.66,-12.87,-39.06,-19.1,-21.33,2.91
15.46,36.14,12.7,-19.37,-6.46,1.18,31.36,2.51,1.26,-26.5,-1.33,-10.4,10.6
