19.06,13.99,-4.94,-31.69,-36.01,-19.27,2.04,-9.67,-16.7,-31.44,-11.43,-9.21,4.4
18.23,28.7,2.06,-36.25,-19.84,-9.83,24.61,-10.22,-12.22,-37.02,-1.16,-9.48,9.43
18.74,32.69,-6.08,-53.76,-17.33,-17.07,23.58,-23.88,-8.06,-36.91,6.71,-16.13,7.95
18.66,23.49,-10.7,-43.84,-16.76,-3.51,26.61,-11.71,-3.95,-27.01,5.02,-18.65,-1.67
17.94,41.66,1.7,-60.91,-20.99,-7.73,39.25,-26.27,-7.89,-33.26,20.84,-22.64,0.32
18.83,30.72,-7.7,-53.9,-23.66,-16.46,21.78,-22.5,-5.2,-25.87,15.6,-14.38,1.1
18.71,30.08,-1.26,-44.43,-28.18,-20.41,14.11,-17.91,-9.35,-30.74,2.39,-17.15,-1.86
18.22,27.03,-6.67,-40.58,-20.37,-15.02,11.17,-23.79,-18.33,-40.28,-8.85,-22.83,-2.56
18.65,38.24,2.94,-42.03,-9.94,-10.84,29.59,-18.34,-6.96,-32.44,7.89,-15.7,2.99
18.06,33.56,5.24,-34.69,-22.34,-16.35,12.51,-19.76,-12.66,-28.26,6.58,-7.78,10.82
18.22,45.05,-3.98,-47.19,-0.87,-43.81,22.6,-36.52,-3.41,-22.2,3.05,-3.79,-3.93
18.13,37.5,2.24,-38.22,-11.44,-19.69,18.4,-14.98,0.52,-25.13,5.74,-9.91,10.1
17.93,29.44,-2.98,-39.64,-12.79,-5.36,25.63,-9.84,-1.01,-22.18,7.13,-13.76,-0.71
17.7,25.41,-4.29,-39.3,-23.59,-15.59,19.11,-2.81,5.87,-17.9,4.91,-10.52,6.17
17.75,31.49,0.86,-44.25,-17.77,-4.69,28.67,-21.98,-14.04,-32.53,13.48,-11.47,4.89
17.77,20.72,-8.36,-43.56,-24.14,-9.08,25.36,-9.61,-8.91,-29.13,7.92,-5.36,6.07
18.46,24.63,-4.84,-39.3,-20.38,-9.14,24.03,-2.49,4.73,-12.58,15.02,-2.0,8.0
18.69,14.55,-16.84,-40.84,-26.91,-16.01,5.21,-12.58,-7.6,-21.54,-6.95,-22.24,-11.09
18.7,40.02,-10.25,-69.57,-11.98,-19.11,38.75,-21.67,8.32,-23.28,19.89,-17.64,6.57
18.4,30.24,-1.79,-51.68,-25.1,-9.51,34.67,-5.67,4.73,-19.4,12.66,-23.69,-12.12
17.99,20.02,-6.22,-27.55,-8.19,1.0,19.13,-4.61,-2.01,-13.8,1.82,-13.04,-7.68
18.65,49.17,6.86,-67.68,-21.68,-14.57,36.62,-31.23,0.68,-26.8,19.48,-27.23,0.55
17.84,34.18,0.7,-47.27,-22.51,-10.84,26.22,-16.92,-4.47,-26.87,10.83,-17.64,0.56
18.0,36.68,4.96,-34.82,-13.77,-8.13,21.99,-17.39,-8.71,-30.56,7.34,-9.11,13.39
18.22,28.85,0.41,-35.69,-19.2,-11.48,19.08,-13.02,-11.75,-33.58,-2.74,-13.39,3.92
18.58,32.74,4.25,-40.1,-24.12,-16.35,17.33,-15.41,-6.74,-26.88,1.86,-18.06,-0.62
18.25,24.32,-0.12,-24.82,-11.47,-3.83,17.87,-3.75,-3.43,-19.74,-2.51,-11.82,-0.89
18.43,25.56,-0.87,-30.82,-17.59,-10.97,16.19,-10.45,-11.45,-34.51,-6.89,-9.71,10.65
18.67,24.95,-3.2,-37.63,-20.22,-12.27,19.97,-8.71,-7.58,-35.21,-10.33,-19.48,4.04
18.8,56.99,6.69,-66.39,-12.84,-22.37,46.31,-35.4,4.89,-32.82,10.39,-26.83,5.94
18.57,21.51,-1.17,-23.0,-15.88,-9.88,10.76,-0.78,1.42,-13.54,-5.43,-17.2,-10.86
18.54,32.56,5.59,-29.48,-18.07,-12.59,19.11,-4.51,3.63,-20.74,0.36,-20.62,-5.74
18.25,35.48,7.6,-33.03,-13.39,-6.23,32.06,-0.26,6.56,-24.09,-1.23,-27.82,-10.42
19.18,35.47,3.63,-39.34,-18.81,-12.42,26.29,-9.89,5.41,-22.92,7.72,-23.25,-3.53
18.24,38.25,11.1,-39.05,-25.34,-12.68,28.16,-11.21,-2.7,-27.92,5.84,-22.71,-5.02
18.51,32.04,7.1,-30.76,-15.6,-7.76,25.22,-2.63,1.83,-20.56,2.06,-16.27,-2.92
19.35,29.39,4.68,-31.98,-21.85,-12.97,25.59,5.88,12.08,-14.58,1.33,-21.94,-8.84
19.27,18.52,-6.86,-31.95,-24.34,-15.77,11.13,0.03,2.82,-17.44,-10.01,-26.47,-17.29
18.62,37.71,2.9,-50.46,-24.23,-16.82,30.19,-11.62,7.1,-21.73,14.18,-20.9,-0.67
18.39,25.88,-3.23,-32.23,-16.42,-8.37,16.65,-6.19,1.61,-12.11,9.61,-9.73,-4.86
19.26,33.64,-2.35,-44.36,-12.42,-22.56,19.21,-12.19,12.09,-21.76,-0.62,-30.71,-6.96
18.96,18.92,-11.37,-44.84,-25.37,-10.21,29.07,7.76,13.72,-11.77,8.73,-13.87,-1.12
18.68,20.37,-8.11,-38.95,-26.02,-15.28,15.22,-0.22,9.16,-4.33,12.81,-6.82,-2.02
18.18,34.73,-9.54,-54.5,-19.98,-8.84,29.65,-21.14,0.81,-29.88,11.65,-28.94,0.95
18.65,21.46,-8.0,-37.71,-20.15,-12.73,12.79,-8.18,2.75,-10.26,6.97,-15.56,-8.62
17.69,27.74,-5.34,-40.52,-24.62,-15.74,12.56,-13.2,0.15,-15.27,10.31,-14.63,-3.32
18.18,34.88,-3.88,-53.23,-19.98,-15.61,25.0,-22.15,-5.68,-29.48,9.32,-23.77,-6.53
18.04,22.9,-1.94,-29.61,-16.85,-5.16,23.31,0.05,-4.27,-26.93,-6.02,-14.87,-0.37
18.13,33.53,0.95,-42.88,-21.54,-16.25,18.4,-16.37,-4.51,-29.98,-0.93,-20.74,2.88
18.37,43.0,8.79,-56.46,-25.32,-11.08,30.27,-34.36,-19.83,-34.93,21.18,-17.18,2.56
18.44,32.01,-1.89,-45.66,-26.99,-26.96,7.66,-21.88,-5.35,-25.69,5.88,-15.77,-1.92
18.5,27.15,-0.83,-38.91,-25.59,-18.23,16.06,-11.85,-7.29,-28.73,0.98,-15.94,-5.53
18.29,19.45,-5.92,-27.92,-14.32,-7.74,8.46,-12.74,-9.84,-17.89,1.66,-6.78,-0.64
18.67,30.88,0.75,-34.06,-15.04,-8.99,19.1,-15.0,-10.85,-35.56,-6.68,-22.25,-5.55
18.67,31.44,1.72,-31.98,-6.61,-0.92,24.25,-14.96,-11.3,-32.43,-2.74,-16.96,4.21
17.69,50.95,4.15,-59.48,-14.15,-7.44,37.41,-41.15,-14.3,-44.08,15.71,-28.43,11.05
18.35,26.03,-6.62,-44.32,-20.35,-10.13,21.08,-11.26,0.35,-15.96,14.92,-6.52,5.66
18.4,22.47,-9.12,-46.38,-29.43,-17.58,14.67,-17.41,-12.44,-30.28,4.43,-8.76,7.45
18.34,43.67,9.36,-64.16,-35.25,-2.98,42.8,-35.97,-19.11,-30.72,27.58,-29.56,-6.88
18.14,21.05,-3.55,-30.7,-22.81,-15.89,6.11,-15.68,-18.4,-34.0,-11.72,-14.87,-1.08
18.33,38.75,9.0,-36.87,-11.12,-0.61,35.04,-13.34,-7.45,-35.06,2.67,-20.07,6.08
18.02,38.98,4.37,-37.94,-11.18,-11.77,24.43,-12.02,4.11,-22.26,8.27,-18.65,1.38
17.93,25.82,-6.39,-39.39,-20.11,-18.13,3.73,-26.59,-17.45,-31.88,-6.38,-19.56,-4.27
18.58,15.8,-13.02,-44.58,-39.23,-31.95,-5.73,-23.33,-21.53,-36.77,-15.04,-23.4,-13.21
18.08,20.52,-7.98,-40.5,-22.1,-9.5,17.76,-14.94,-12.8,-26.64,5.87,-7.24,4.0
17.6,28.75,-12.25,-55.2,-19.77,-22.76,12.92,-31.04,-14.39,-35.12,4.16,-17.65,-1.44
17.8,31.73,0.38,-40.99,-14.08,-6.38,27.92,-16.23,-11.33,-36.06,4.51,-9.88,11.58
18.0,32.99,2.49,-39.14,-13.54,-6.89,31.41,-11.87,-7.49,-39.39,0.66,-14.82,12.3
18.34,31.4,-1.76,-48.77,-23.5,-13.76,25.02,-20.98,-18.15,-49.99,-11.01,-30.21,-3.86
18.21,36.77,4.21,-39.28,-14.66,-4.48,32.64,-11.19,-4.63,-31.3,7.93,-17.53,6.31
18.09,30.52,3.26,-36.86,-24.95,-17.0,22.27,-1.02,4.32,-25.45,-0.02,-12.83,10.94
18.72,34.13,-3.48,-51.23,-23.62,-21.69,24.77,-13.29,4.53,-31.6,0.91,-28.62,-1.6
18.8,37.54,2.53,-45.86,-17.89,-17.63,23.56,-17.52,-2.5,-35.83,-1.85,-25.23,2.39
19.08,34.89,-1.4,-46.93,-15.58,-18.15,22.77,-14.75,-0.42,-26.78,10.05,-11.07,6.02
19.12,31.1,-1.13,-44.76,-19.68,-10.46,26.41,-14.59,-5.28,-30.39,3.58,-20.05,2.12
18.66,23.82,-5.55,-38.18,-25.53,-16.65,10.3,-15.4,-12.25,-29.58,-4.09,-15.95,1.32
18.41,32.7,-0.18,-49.77,-25.56,-11.43,26.86,-18.02,-6.25,-28.49,10.23,-19.93,-0.65
18.23,29.4,-4.88,-40.57,-22.12,-19.06,7.58,-21.38,-7.39,-25.43,1.72,-18.62,-4.26
18.45,32.94,0.41,-49.69,-27.22,-12.76,25.94,-20.43,-8.98,-27.75,13.7,-17.97,-0.59
18.13,22.44,-1.92,-16.42,-7.81,-1.13,7.53,-7.45,-8.67,-15.99,-6.3,-11.82,-5.01
19.05,51.29,2.67,-59.98,-8.63,-21.53,39.99,-29.57,0.57,-34.93,10.64,-24.41,3.89
19.77,36.71,2.78,-39.92,-15.19,-19.88,22.33,-9.34,6.33,-25.2,0.79,-17.95,8.97
19.78,17.62,-9.59,-39.43,-30.22,-19.76,12.93,0.15,2.09,-18.53,-0.99,-6.5,10.26
19.91,16.91,-15.69,-47.5,-34.88,-25.13,5.68,-14.39,-10.52,-35.33,-14.47,-22.1,5.1
20.08,27.01,-2.2,-40.25,-20.1,-15.96,26.17,1.85,9.09,-27.94,-4.4,-15.19,17.23
18.98,14.66,-12.81,-35.15,-22.26,-10.15,13.79,-3.92,-6.33,-26.34,-12.2,-17.11,2.94
19.32,23.35,-11.02,-52.27,-28.62,-17.12,22.08,-8.91,-0.24,-25.84,4.4,-11.11,13.84
19.02,21.29,-8.14,-34.09,-21.69,-10.5,16.7,1.65,5.79,-13.66,-0.87,-15.18,-0.55
18.78,29.85,-2.8,-46.91,-26.73,-18.74,20.96,-9.65,2.33,-26.24,-0.74,-24.66,-1.77
18.26,19.97,-5.87,-32.4,-22.67,-12.92,14.52,-4.21,-6.71,-28.63,-8.18,-10.1,10.19
18.93,21.06,-6.25,-32.99,-21.08,-14.29,9.22,-6.87,-1.38,-16.52,-4.03,-16.94,-4.85
18.56,34.81,4.64,-40.88,-22.89,-10.81,29.11,-7.85,-2.09,-26.09,9.58,-14.34,2.12
19.1,12.5,-18.51,-50.82,-38.3,-29.37,-0.26,-21.15,-19.39,-42.68,-28.2,-43.03,-26.61
18.94,21.32,-7.44,-43.34,-34.42,-24.7,10.46,-7.94,-3.06,-26.82,-7.37,-23.54,-7.36
18.98,28.25,-0.7,-34.13,-16.03,-8.9,20.84,-5.0,0.53,-22.84,-3.25,-19.43,-0.83
19.08,28.09,-3.16,-42.97,-30.18,-26.24,10.47,-13.05,-3.49,-32.93,-7.63,-21.24,4.7
19.57,21.35,-6.69,-39.2,-27.04,-19.45,12.87,-4.15,3.0,-17.79,0.35,-12.02,6.03
18.65,41.4,5.66,-40.82,-13.38,-15.54,30.43,-8.32,10.66,-19.55,14.87,-15.75,6.46
19.07,39.1,-2.19,-52.51,-15.31,-19.79,27.47,-20.2,-0.05,-31.58,4.41,-22.62,2.18
19.46,21.48,-7.81,-40.31,-26.0,-14.88,19.99,2.32,11.46,-12.57,3.89,-16.64,-1.03
18.26,32.81,-3.4,-37.49,-5.28,-13.01,21.17,-10.38,6.71,-15.32,10.33,-7.59,5.47
18.54,27.53,-1.27,-43.8,-24.95,-9.4,30.36,-4.31,-1.07,-25.7,3.71,-19.11,-2.32
18.45,20.96,-11.63,-52.28,-33.0,-20.2,22.3,-3.68,2.13,-27.35,-2.03,-18.01,7.26
17.72,30.59,-2.14,-53.81,-34.26,-24.67,24.37,-9.96,-1.97,-36.55,-0.41,-20.22,10.85
17.99,42.37,2.08,-60.14,-21.99,-10.3,43.41,-12.72,10.56,-23.84,18.93,-22.41,-2.54
17.7,32.98,-2.34,-49.5,-16.42,-3.39,30.04,-28.32,-21.76,-44.65,5.99,-17.48,9.93
18.59,22.09,-4.87,-40.2,-30.91,-19.7,16.62,-3.46,-0.8,-21.6,-0.01,-20.02,-15.98
18.57,25.3,-9.4,-43.22,-22.03,-17.72,7.81,-22.38,-4.1,-20.36,5.28,-24.58,-13.36
18.36,19.87,-5.74,-31.89,-18.07,-4.19,22.75,1.49,-1.5,-20.6,-5.1,-18.72,-10.33
18.49,50.51,2.92,-61.52,-10.18,-21.91,27.14,-33.24,2.53,-33.19,10.78,-27.78,6.09
17.52,25.41,2.82,-23.03,-16.19,-9.8,12.5,-5.52,-6.06,-21.51,-3.89,-11.59,-1.28
17.96,31.71,0.92,-47.16,-31.47,-20.51,19.55,-15.68,-8.54,-32.77,2.47,-18.17,4.12
17.81,35.26,5.72,-39.56,-22.54,-15.27,25.99,-5.14,4.54,-27.84,0.36,-19.58,6.66
18.19,45.56,8.83,-47.27,-18.32,-17.53,35.71,-11.17,6.05,-30.84,9.33,-20.02,7.73
17.87,34.18,3.33,-38.2,-12.1,-3.76,30.87,-15.07,-12.66,-36.35,2.1,-15.24,5.05
17.37,25.08,-4.81,-37.78,-24.51,-17.5,12.4,-7.03,1.93,-18.94,0.77,-12.86,5.02
17.98,16.12,-9.85,-30.23,-14.56,-3.45,15.57,-4.78,-7.57,-22.14,-7.93,-13.79,-1.34
17.45,33.88,2.01,-42.66,-15.03,-6.38,27.39,-18.62,-10.33,-34.54,1.11,-17.72,6.35
17.8,44.01,-2.67,-58.52,-12.77,-24.23,27.26,-25.52,3.32,-28.8,10.66,-19.79,7.13
17.92,48.9,7.72,-52.67,-11.48,-12.59,32.25,-37.84,-16.38,-41.04,16.85,-21.15,4.81
18.6,30.69,4.27,-35.17,-25.78,-18.9,18.33,-4.17,1.38,-25.56,-2.5,-17.91,1.31
18.12,31.09,3.16,-41.63,-27.2,-15.51,28.39,-1.79,2.87,-24.88,8.98,-8.76,11.75
17.95,26.94,-1.5,-42.15,-25.16,-8.21,31.2,-1.41,0.05,-24.05,5.49,-15.02,0.33
17.58,42.22,7.32,-38.8,-12.37,-7.75,27.75,-13.62,6.21,-17.0,16.95,-20.82,-6.58
17.79,34.58,10.75,-28.79,-20.53,-9.81,26.77,-0.5,2.34,-19.89,6.16,-13.97,-0.78
18.01,23.74,-0.26,-23.65,-15.39,-7.05,15.23,0.94,3.08,-10.98,3.08,-7.15,1.51
18.07,32.73,4.29,-36.08,-22.06,-14.98,17.59,-14.02,-8.0,-27.65,3.42,-12.68,2.78
18.31,33.64,4.51,-42.89,-26.47,-15.69,24.76,-11.43,-3.2,-25.95,7.42,-19.78,-5.44
18.4,23.4,-1.91,-30.99,-21.7,-12.96,13.77,-5.33,-5.76,-26.22,-10.92,-22.06,-9.42
18.13,32.16,1.34,-41.74,-25.21,-17.32,17.34,-14.41,-3.54,-26.75,1.06,-25.02,-11.37
18.07,33.75,1.11,-39.51,-13.64,-8.13,24.41,-14.46,-5.08,-29.36,1.92,-17.53,4.24
18.35,32.34,-1.96,-49.44,-21.95,-11.55,22.54,-29.12,-20.09,-40.03,4.51,-23.19,-3.5
18.01,28.52,-1.33,-37.45,-12.47,-2.54,24.41,-17.22,-11.48,-30.11,2.49,-16.53,-0.1
18.0,34.63,3.89,-40.17,-22.17,-14.89,21.0,-16.13,-6.3,-25.63,11.09,-12.38,-0.32
18.14,31.23,2.46,-31.89,-14.31,-10.65,19.94,-3.51,7.0,-16.1,1.74,-18.0,-1.83
18.0,22.52,-6.69,-40.34,-29.17,-19.96,7.96,-17.97,-16.81,-37.14,-11.01,-19.5,-0.92
17.94,24.03,0.53,-24.56,-15.81,-8.13,17.05,2.7,2.16,-18.86,-7.07,-14.9,-2.28
18.36,26.1,4.05,-21.59,-16.63,-9.66,20.23,12.66,17.75,-5.86,0.26,-14.77,-2.52
18.11,21.76,-2.98,-26.97,-18.97,-13.41,7.33,-4.66,1.19,-10.9,-1.17,-14.61,-6.87
17.8,35.49,-1.09,-47.24,-20.28,-9.94,27.81,-14.73,-0.72,-26.66,12.53,-14.93,11.15
18.84,37.68,6.61,-39.67,-20.87,-25.61,18.94,-5.71,16.8,-15.96,7.89,-21.04,1.5
18.53,25.41,2.63,-28.06,-23.07,-16.15,19.45,10.54,15.13,-9.92,1.29,-13.7,0.71
18.01,40.64,-0.24,-56.5,-24.84,-29.01,22.7,-24.78,-5.67,-37.34,5.83,-21.51,3.19
18.38,28.06,-0.98,-38.99,-25.09,-18.0,14.36,-17.13,-15.57,-42.49,-14.83,-30.89,-8.75
18.4,32.37,0.02,-45.36,-19.96,-10.92,28.56,-11.66,-1.82,-32.02,-1.86,-29.51,-6.74
18.53,28.03,-2.99,-43.39,-28.82,-28.69,2.57,-21.49,-7.05,-26.22,-1.8,-21.81,-7.14
18.79,23.3,-3.07,-33.75,-19.37,-12.7,14.3,-9.58,-2.8,-17.03,6.82,-11.32,-4.37
18.1,38.56,1.74,-45.77,-22.32,-20.63,19.85,-16.34,0.48,-24.92,14.92,-10.33,12.08
17.76,25.96,-3.13,-37.59,-26.54,-24.42,6.01,-9.48,4.03,-15.66,-0.3,-17.65,0.8
17.99,22.09,-4.14,-28.81,-21.72,-13.22,8.66,-4.51,-1.74,-15.05,0.17,-7.67,2.43
17.92,20.86,-2.98,-29.4,-22.22,-13.26,15.88,5.53,8.81,-8.35,5.77,-4.1,4.47
18.17,30.88,-2.29,-39.77,-13.71,-5.94,25.61,-11.32,3.31,-14.05,20.73,-6.21,5.46
18.97,50.68,0.55,-63.22,-4.73,-16.83,39.01,-34.71,7.0,-23.1,17.74,-26.61,0.01
19.1,28.13,-3.83,-42.7,-22.94,-14.49,17.3,-15.79,-3.54,-21.87,9.09,-17.4,-2.55
18.7,26.58,-7.06,-43.48,-10.09,-6.45,19.72,-22.24,-4.51,-21.99,11.15,-16.61,-6.15
19.05,17.06,-11.73,-36.0,-17.27,-4.62,18.33,-7.77,-5.13,-19.3,3.69,-12.49,-6.34
18.8,42.31,-1.65,-52.19,0.61,-9.7,31.98,-37.04,-9.18,-30.89,21.68,-13.01,5.94
18.81,25.94,1.51,-26.6,-18.06,-9.39,15.57,-4.24,-4.0,-22.44,-5.68,-18.36,-7.63
18.24,33.78,5.8,-31.74,-11.6,-5.51,23.0,-11.92,-1.87,-23.03,2.0,-27.05,-14.41
18.44,41.53,6.51,-39.01,-7.87,-14.52,30.21,-8.4,13.3,-16.9,12.25,-24.46,-12.48
17.86,32.61,6.91,-39.9,-35.13,-24.56,12.12,-22.9,-22.03,-39.05,-1.8,-23.75,-13.31
18.07,39.47,2.29,-43.1,-18.33,-11.87,19.87,-26.46,-8.74,-30.43,10.88,-16.9,8.88
18.18,22.22,-2.08,-25.74,-16.28,-10.22,6.08,-14.69,-12.4,-18.31,4.11,-1.19,6.08
19.09,35.77,4.6,-37.58,-14.14,-4.86,30.28,-9.03,0.91,-25.29,6.39,-22.68,1.05
18.07,22.02,-3.66,-29.91,-22.07,-17.12,5.45,-7.56,-2.49,-17.43,-6.63,-17.46,-5.43
18.49,38.09,6.38,-39.1,-20.69,-22.0,18.26,-13.34,2.16,-24.76,7.9,-16.78,2.5
18.42,30.1,1.62,-35.68,-20.03,-11.57,20.45,-6.67,3.18,-13.47,13.44,-9.81,-2.45
18.53,45.34,6.5,-55.16,-23.46,-11.98,40.37,-15.39,7.75,-19.84,24.94,-22.36,1.88
18.72,30.78,2.51,-33.74,-16.84,-12.9,18.03,-7.04,6.66,-13.77,10.25,-11.07,2.56
18.55,30.34,5.3,-31.65,-23.54,-19.75,11.84,-10.5,-3.19,-24.1,-0.12,-15.86,-0.81
18.68,20.52,-3.85,-31.16,-26.75,-20.35,7.91,-0.95,2.92,-14.83,-2.37,-10.29,1.88
17.75,34.35,5.43,-43.95,-28.75,-19.9,21.74,-16.48,-9.16,-38.28,-1.91,-20.31,4.61
18.5,22.27,-8.0,-40.97,-23.37,-16.73,11.35,-12.47,-2.38,-18.52,5.75,-9.12,3.45
18.7,40.9,8.3,-68.52,-30.02,-10.52,24.61,-38.38,-2.63,-25.76,3.85,-27.08,10.81
18.8,48.34,5.02,-54.32,-10.24,-16.13,33.11,-22.63,7.91,-26.81,11.52,-26.88,4.27
18.75,33.04,9.07,-28.79,-17.8,-7.39,28.08,1.99,4.57,-18.55,5.29,-13.92,-2.75
19.4,36.18,11.28,-36.81,-26.26,-21.49,19.35,-16.31,-4.38,-29.72,3.1,-27.91,-13.97
18.95,43.42,8.12,-41.0,-15.94,-13.71,31.19,-12.65,8.46,-21.53,15.5,-21.55,2.07
18.37,47.46,8.6,-43.34,-13.09,-29.49,20.11,-23.19,-0.17,-32.68,5.28,-23.11,-1.4
17.63,25.52,1.88,-22.41,-16.22,-11.7,7.12,-11.34,-12.52,-28.43,-10.4,-14.56,-2.07
17.7,26.54,0.89,-24.97,-11.62,-7.02,11.39,-10.41,-4.75,-17.26,-0.05,-14.6,-7.61
17.83,27.94,4.77,-32.21,-24.45,-14.74,17.57,-11.68,-14.1,-31.13,3.05,-5.84,3.33
18.38,51.64,-1.67,-60.47,-7.16,-44.5,21.4,-44.01,-1.68,-25.83,5.74,-6.36,14.11
18.37,33.92,6.18,-34.58,-23.3,-18.91,11.05,-19.44,-9.72,-25.56,8.45,-7.39,7.91
17.93,23.95,1.32,-21.26,-9.52,-2.59,15.68,-8.62,-11.66,-25.92,-6.51,-13.71,-5.39
18.17,47.66,4.29,-47.62,-17.51,-14.8,26.99,-27.51,-2.73,-38.77,8.41,-29.1,7.42
17.83,31.42,3.98,-30.88,-14.28,-7.37,19.37,-13.68,-10.23,-29.01,-1.74,-17.54,-3.51
17.92,24.5,-5.48,-38.02,-22.76,-14.31,9.91,-20.67,-17.2,-32.21,-1.05,-10.5,6.64
18.23,42.42,0.74,-48.14,-8.58,-21.09,22.18,-32.77,-13.92,-40.56,6.71,-13.66,9.84
17.85,38.4,7.35,-35.9,-13.49,-14.2,21.4,-15.89,-4.71,-29.0,7.49,-11.78,8.01
17.73,26.73,-3.26,-38.07,-18.97,-10.12,20.33,-8.17,-2.16,-25.24,-4.77,-24.49,-10.18
18.36,52.1,5.89,-79.3,-27.95,-9.37,60.06,-47.25,-12.07,-26.06,29.43,-28.43,0.45
18.11,31.81,-2.7,-47.16,-23.81,-20.5,19.61,-13.33,-0.44,-26.82,4.28,-18.26,-2.6
18.35,15.94,-12.4,-37.95,-30.68,-21.89,2.97,-8.02,-3.19,-17.17,-3.18,-13.12,-4.28
18.94,20.52,-11.45,-49.06,-28.48,-17.92,17.55,-9.93,0.46,-19.18,10.26,-6.81,9.97
19.07,32.62,2.3,-38.94,-22.26,-17.02,21.21,-1.45,12.25,-13.98,7.43,-16.44,0.61
18.19,27.22,-5.18,-45.76,-27.13,-20.0,17.18,-8.87,2.73,-21.9,3.12,-16.04,3.15
18.58,22.34,-5.19,-33.58,-20.22,-12.61,12.07,-9.09,-1.3,-14.92,6.24,-10.99,-3.12
18.93,30.8,6.36,-35.66,-28.44,-21.31,16.15,-11.18,-6.37,-30.58,2.33,-9.78,10.97
18.92,32.02,4.95,-31.76,-14.05,-5.47,26.09,-10.57,-10.79,-37.54,-3.79,-16.27,6.83
19.44,33.53,5.15,-37.81,-20.58,-15.18,23.99,-6.58,2.32,-29.62,-4.33,-25.95,-0.48
19.37,30.15,7.14,-34.29,-28.29,-27.46,15.34,-1.62,13.07,-15.13,3.97,-24.59,-9.99
18.45,15.09,-10.81,-34.73,-26.9,-21.39,0.9,-9.76,-3.73,-18.02,-10.86,-25.9,-18.8
18.24,28.58,2.77,-30.55,-20.52,-15.17,13.01,-8.95,-3.44,-22.68,-0.47,-13.46,1.71
18.4,38.06,8.42,-33.93,-11.61,-6.66,27.69,-11.35,-4.28,-30.19,5.27,-16.42,1.37
18.27,27.94,6.06,-21.06,-14.38,-10.12,15.37,-1.98,-2.33,-25.6,-11.39,-17.84,-0.99
18.78,21.16,-5.57,-38.29,-32.92,-30.41,-6.31,-27.42,-24.74,-41.53,-17.86,-22.91,-6.21
18.93,30.49,5.16,-30.92,-18.34,-10.09,19.74,-10.73,-6.49,-23.41,6.63,-11.3,-2.05
18.49,34.48,-0.15,-40.36,-11.41,-10.75,19.74,-19.55,-3.23,-21.26,14.11,-6.16,12.49
18.08,31.29,0.66,-35.31,-23.76,-21.06,5.72,-18.72,-7.59,-25.23,0.63,-16.12,2.01
18.52,27.99,2.68,-26.34,-12.48,-8.64,12.16,-14.1,-7.74,-21.2,1.43,-13.23,-2.77
18.52,24.23,-0.5,-26.4,-18.94,-15.41,4.38,-14.91,-11.45,-25.69,-6.49,-15.29,-2.78
18.17,26.21,5.11,-22.14,-21.75,-19.28,4.75,-6.48,-3.75,-21.33,-8.53,-16.33,-5.03
17.98,32.48,7.69,-30.95,-20.78,-17.1,11.39,-19.67,-13.03,-29.29,5.26,-9.23,3.67
18.55,49.8,0.74,-58.84,-6.32,-27.41,37.52,-30.05,3.77,-25.8,12.55,-14.83,7.38
18.45,35.14,0.85,-42.49,-29.52,-27.22,6.8,-25.77,-12.54,-38.18,-4.43,-25.45,-0.06
17.88,34.45,7.27,-32.37,-15.08,-8.09,19.9,-19.28,-14.06,-33.06,3.84,-9.23,10.28
18.29,44.89,13.77,-43.05,-16.19,-7.9,26.19,-30.44,-16.62,-30.73,15.36,-17.35,-0.42
18.35,36.08,7.11,-30.86,-17.73,-18.24,6.49,-24.4,-13.0,-26.52,2.08,-13.92,1.75
17.91,40.57,3.98,-36.67,-2.3,-9.82,22.56,-23.45,-7.47,-29.9,4.07,-20.78,-3.83
17.89,40.19,1.14,-41.25,-9.1,-21.8,3.44,-34.94,-7.87,-22.85,8.75,-16.47,3.15
18.25,34.06,5.19,-25.9,-9.24,-5.53,15.16,-18.17,-9.56,-23.11,8.36,-10.86,-0.67
18.28,27.85,1.88,-30.06,-19.14,-13.43,7.56,-21.87,-18.76,-28.88,-0.56,-12.54,-3.57
17.61,28.49,-2.66,-47.91,-30.72,-19.99,11.65,-29.19,-24.59,-38.13,4.84,-13.51,2.68
18.04,29.15,-3.49,-48.04,-27.73,-17.67,16.26,-21.59,-11.47,-28.58,10.32,-6.92,12.55
18.38,25.08,-3.95,-30.57,-7.3,1.81,21.89,-14.98,-14.12,-33.38,-5.93,-19.33,0.29
18.12,28.33,-1.96,-37.04,-11.62,-7.24,25.16,-13.26,-12.78,-40.67,-5.95,-12.14,11.03
18.5,24.51,-4.92,-38.37,-18.18,-7.05,20.79,-17.77,-18.19,-40.85,-6.94,-18.78,2.31
17.9,22.65,-5.43,-36.38,-19.1,-11.9,17.1,-7.15,-3.43,-24.56,0.19,-8.15,7.95
18.77,28.17,-10.48,-52.6,-23.72,-15.11,21.51,-20.9,-11.37,-42.48,-7.55,-33.74,-7.91
18.61,40.65,-11.52,-58.15,-0.25,-31.57,46.36,-25.48,4.38,-22.6,11.19,4.19,9.87
18.04,21.39,-8.44,-42.96,-26.31,-15.53,19.72,-6.39,-2.24,-23.88,7.71,-3.45,12.31
18.91,32.48,1.72,-43.77,-21.71,-12.6,29.22,-8.53,1.15,-24.87,12.33,-10.2,6.64
19.13,26.98,-0.84,-31.92,-21.78,-18.63,10.86,-6.37,1.84,-21.67,-1.42,-12.78,6.46
18.64,21.09,-4.36,-32.93,-24.76,-18.62,10.69,-0.46,6.39,-13.26,-1.18,-14.65,-3.11
18.45,46.21,7.3,-52.64,-17.99,-24.05,34.07,-14.18,16.55,-20.1,17.18,-24.45,-0.01
18.52,22.25,-4.14,-29.6,-16.74,-11.13,11.67,-3.08,5.75,-8.34,2.82,-13.73,-5.26
18.0,23.26,-3.22,-27.26,-10.93,-1.23,20.52,-6.43,-6.02,-21.34,5.19,-3.46,8.37
17.54,32.86,1.53,-46.2,-24.78,-13.13,30.74,-8.13,-0.61,-29.82,8.7,-11.66,9.01
18.74,32.1,-4.01,-42.5,-11.87,-13.72,26.56,-4.3,13.66,-16.18,7.61,-19.05,-0.75
17.87,25.1,-1.57,-33.32,-21.63,-13.47,19.69,2.28,5.82,-17.3,0.64,-9.77,7.57
18.97,25.48,-4.23,-38.99,-25.09,-18.17,17.88,-0.62,13.5,-10.92,7.45,-18.25,-2.66
17.92,23.35,-2.74,-31.21,-20.84,-14.2,12.02,-4.28,0.54,-14.95,4.51,-4.48,6.1
17.95,25.13,-6.92,-41.49,-26.69,-18.71,8.19,-21.76,-16.79,-35.38,-6.88,-23.21,-8.27
17.96,20.42,-8.12,-38.53,-26.21,-19.07,6.05,-13.94,-4.79,-13.21,11.42,-2.73,2.62
17.61,24.42,-3.91,-40.09,-29.88,-22.43,9.88,-11.01,-6.77,-26.9,-2.69,-10.73,7.45
18.51,30.8,-0.86,-43.05,-20.26,-10.55,26.34,-8.19,5.03,-15.16,16.11,-12.44,0.91
18.6,31.48,-7.04,-56.22,-26.89,-19.95,22.05,-18.92,0.02,-24.61,16.33,-14.31,8.6
18.54,27.4,-2.84,-39.71,-22.4,-18.07,14.12,-11.3,-0.63,-23.38,-2.32,-22.02,-4.7
18.82,38.14,3.21,-49.15,-26.74,-26.03,23.15,-12.51,11.12,-12.96,24.0,-7.87,10.83
18.6,38.97,2.19,-61.29,-30.97,-15.1,38.04,-18.32,-1.15,-28.09,17.3,-25.43,1.19
18.81,37.88,6.96,-47.53,-23.32,-14.14,36.24,-8.53,-0.65,-33.57,4.75,-25.36,-1.34
18.73,43.3,-0.89,-57.2,-16.48,-30.03,19.16,-34.01,-3.25,-33.03,9.54,-24.86,-2.88
18.6,21.43,-4.0,-35.83,-31.15,-24.61,8.28,-5.35,-2.93,-26.41,-8.36,-15.31,2.87
18.28,31.04,-0.01,-44.29,-25.04,-15.72,24.63,-4.52,9.16,-16.18,14.01,-10.85,8.48
18.57,29.55,0.77,-45.19,-35.49,-30.6,12.56,-13.33,-3.83,-33.88,-5.23,-26.31,-4.78
17.58,29.91,2.14,-36.28,-22.96,-13.73,17.62,-12.51,-10.49,-32.59,-4.29,-17.59,3.13
18.07,34.67,11.78,-42.12,-24.04,-7.93,31.5,-28.61,-33.11,-48.3,5.46,-12.17,9.68
17.58,22.36,-4.1,-29.09,-13.83,-7.63,11.09,-13.48,-11.43,-23.22,-0.95,-7.54,4.15
18.3,31.53,3.22,-42.3,-24.44,-11.14,25.29,-18.22,-17.93,-40.76,-4.77,-27.4,-11.67
17.84,55.37,12.82,-50.55,-5.21,-23.22,42.93,-24.03,-0.32,-30.91,1.25,-23.13,9.92
18.46,28.6,1.27,-33.09,-16.75,-6.28,25.36,-6.36,-6.3,-33.81,-9.25,-25.46,-4.11
18.2,30.25,-1.87,-40.76,-20.76,-16.3,10.17,-26.31,-19.51,-40.21,-9.72,-24.51,-3.49
17.16,43.6,2.37,-52.87,-10.35,-5.52,38.69,-22.28,-0.45,-27.41,22.23,-18.18,4.39
17.21,35.24,3.43,-40.89,-15.86,-7.99,25.15,-16.9,-8.09,-29.3,8.05,-13.82,5.83
18.45,27.33,-0.51,-37.83,-24.56,-13.2,22.65,-3.78,-0.94,-24.15,1.84,-15.48,-3.71
18.59,30.47,2.91,-38.67,-22.77,-8.37,28.77,-4.74,0.14,-18.83,15.47,-7.82,1.13
18.09,27.81,-9.18,-42.78,-14.99,-5.67,24.37,-10.82,0.73,-22.46,6.38,-17.42,5.09
17.46,37.69,-2.41,-51.15,-14.74,-17.88,26.25,-20.46,-1.82,-28.68,12.66,-11.68,7.71
17.8,24.78,-5.91,-46.34,-24.88,-10.95,22.7,-17.64,-14.52,-32.21,6.14,-12.11,0.2
17.37,32.67,1.11,-44.37,-27.04,-19.52,17.29,-15.89,-5.75,-29.74,3.28,-15.94,6.94
18.32,20.1,-9.82,-42.37,-31.02,-21.89,7.7,-10.95,-0.81,-14.13,8.75,-10.21,-3.22
18.08,28.88,-4.18,-47.33,-20.16,-5.87,34.55,-3.34,7.16,-15.8,16.25,-14.52,-3.09
18.54,37.04,-4.02,-59.23,-24.92,-13.52,29.95,-25.67,-3.17,-25.65,22.2,-20.95,-4.67
18.73,28.59,-3.7,-49.5,-23.87,-7.98,29.13,-16.0,-6.76,-25.04,14.86,-14.15,-1.01
17.79,34.46,-1.69,-41.74,-17.91,-12.75,19.68,-14.3,3.5,-17.78,12.68,-15.68,3.59
18.24,21.96,-5.9,-33.31,-17.92,-10.81,8.41,-15.83,-8.69,-16.5,6.42,-7.36,0.12
17.73,22.07,-5.07,-35.5,-24.25,-13.46,11.74,-11.76,-10.1,-23.96,-2.2,-16.71,-10.04
17.66,26.63,-1.6,-32.92,-16.7,-10.32,13.94,-11.22,-2.1,-13.94,10.34,-6.44,2.91
17.7,32.53,-5.52,-50.75,-24.89,-19.68,14.79,-30.87,-14.15,-32.94,11.21,-16.07,1.48
18.49,37.46,3.23,-41.71,-11.8,-10.4,29.22,-9.65,5.87,-25.28,5.16,-23.4,-1.99
18.26,34.12,-1.55,-44.33,-22.02,-13.4,20.39,-14.82,4.48,-15.36,20.59,-12.66,2.72
18.07,30.65,0.93,-42.12,-23.6,-10.49,25.54,-10.74,-1.51,-17.93,16.79,-9.21,2.22
18.94,38.74,2.83,-56.69,-27.03,-13.98,32.5,-23.65,-7.03,-36.0,10.07,-26.19,-1.37
19.04,14.32,-11.25,-30.46,-19.6,-14.93,-0.06,-12.15,-3.49,-9.65,-1.41,-16.41,-11.9
19.05,42.54,8.64,-62.15,-22.93,-2.9,43.77,-22.5,0.17,-14.32,23.3,-30.0,-6.17
19.58,19.25,-9.68,-39.94,-24.41,-17.68,7.44,-13.87,-2.34,-13.59,6.97,-14.49,-9.56
19.71,40.53,6.01,-60.77,-26.72,-17.09,31.89,-26.8,-4.9,-24.63,16.66,-29.51,-7.82
19.73,30.54,-1.03,-44.19,-20.02,-21.55,19.33,-11.43,9.18,-18.68,11.83,-15.49,2.6
19.84,36.81,0.48,-58.69,-26.11,-18.01,32.21,-20.01,3.87,-21.26,21.57,-20.04,-1.48
19.39,19.46,-7.9,-34.52,-17.19,-8.35,17.05,-3.97,1.4,-16.54,-1.73,-19.0,-8.94
18.65,39.75,4.78,-55.79,-26.9,-14.86,26.73,-25.88,-3.58,-25.19,17.32,-20.96,-0.49
18.55,37.54,0.92,-51.78,-23.52,-19.52,19.45,-27.76,-11.22,-39.09,2.5,-25.99,-2.98
17.63,29.8,-0.87,-38.43,-22.49,-15.95,10.49,-24.11,-14.17,-29.45,3.85,-16.83,-2.84
17.99,17.81,-12.18,-42.71,-26.48,-16.9,7.96,-17.42,-12.47,-25.63,-1.53,-14.86,-4.86
19.04,35.36,-0.75,-45.48,-15.9,-10.97,32.14,-5.16,12.99,-12.67,21.74,-8.7,3.87
19.65,35.47,-2.62,-48.83,-12.76,-14.78,28.03,-14.99,6.8,-19.48,14.89,-19.88,-1.78
19.18,17.28,-12.47,-40.88,-26.87,-18.9,7.39,-12.77,-5.11,-25.32,-9.24,-28.88,-15.11
19.54,39.08,3.0,-51.36,-19.24,-24.2,26.0,-18.46,8.94,-20.48,21.6,-18.57,2.73
19.64,20.56,-4.8,-36.36,-27.58,-23.2,14.47,5.76,19.75,-6.68,5.66,-17.0,-0.72
19.03,18.84,-9.36,-43.7,-33.82,-21.88,17.07,6.08,16.77,-0.19,20.27,3.63,9.75
19.41,27.09,-5.11,-49.57,-33.46,-25.5,19.07,-6.32,12.12,-13.53,16.85,-13.03,2.51
19.2,25.86,-6.59,-45.07,-22.06,-16.89,24.7,1.89,17.39,-7.73,17.34,-8.07,1.49
18.98,26.68,-6.34,-42.88,-17.55,-4.95,28.44,-9.65,0.8,-24.01,4.5,-26.61,-9.29
19.49,26.1,-2.35,-41.98,-23.0,-15.88,23.53,-3.42,11.8,-12.07,12.32,-17.85,-5.02
19.36,20.92,-7.92,-40.43,-26.62,-16.9,13.26,-8.52,-0.12,-16.5,5.8,-14.71,-6.13
17.83,16.25,-9.98,-32.12,-17.05,-7.0,13.61,-6.51,-5.86,-19.16,-4.92,-18.63,-13.49
17.58,19.78,-10.25,-35.79,-24.17,-14.96,6.56,-8.85,1.78,-4.66,15.38,1.2,8.09
18.11,35.58,-1.73,-51.29,-22.46,-20.19,22.21,-18.65,0.02,-25.15,12.84,-13.8,4.28
17.19,20.87,-8.33,-35.44,-18.08,-9.63,9.3,-21.25,-18.05,-28.23,3.83,-4.6,9.88
17.61,37.8,2.67,-50.8,-18.72,-7.96,32.55,-24.09,-10.36,-33.47,16.03,-14.51,10.5
17.79,25.07,-6.32,-41.27,-24.36,-13.57,18.47,-9.93,-4.13,-26.44,3.31,-11.23,7.45
18.26,20.43,-4.78,-31.81,-21.07,-13.05,12.65,-7.22,-9.26,-29.92,-10.4,-13.36,3.86
