16.9,3.84,2.67,10.88,-3.48,7.08,-2.46,4.89,-6.41,-1.99,-10.34,-4.84,-8.96
15.09,40.53,15.37,-17.61,-4.75,-9.81,16.12,-4.62,4.3,-16.32,1.78,-8.31,7.97
16.24,39.99,23.19,-6.57,-5.39,-4.95,21.46,4.82,5.02,-16.34,-0.72,-6.5,8.72
16.58,27.91,12.86,1.73,0.77,2.75,11.15,5.01,2.49,-3.54,1.85,2.51,6.3
16.63,28.27,16.15,3.7,-3.32,-6.93,1.55,-1.15,-3.21,-11.24,-4.35,3.71,16.33
15.77,25.93,10.54,-0.9,-3.4,-0.5,9.75,6.54,3.81,-2.63,3.37,9.42,17.13
15.24,32.67,14.13,-9.45,-5.13,-3.43,14.93,-2.79,-4.5,-21.44,-3.32,-0.43,17.36
15.91,37.14,15.49,-10.53,-1.7,0.8,19.43,-8.22,-8.1,-25.93,4.58,2.83,23.17
16.44,26.65,13.17,2.96,1.79,3.73,11.68,3.77,-2.07,-10.61,-4.52,-0.62,5.26
16.19,51.78,27.43,-19.18,0.58,-7.19,36.23,-1.36,6.33,-29.38,1.78,-8.93,25.06
15.66,33.14,17.37,-5.25,-8.1,-6.81,12.15,1.44,1.01,-12.6,2.83,4.5,15.31
15.87,27.28,15.32,2.31,-2.21,-5.09,5.09,4.08,5.63,-1.56,1.7,-0.97,1.88
16.29,43.12,21.43,-14.32,-8.15,-11.71,13.02,-7.4,1.14,-22.1,-0.96,-18.69,2.53
16.48,33.75,19.51,0.98,-2.11,-2.69,12.32,4.8,4.1,-9.01,-0.85,-2.12,8.39
16.16,42.06,28.53,-0.17,-3.77,-3.86,21.98,4.12,2.6,-16.63,4.37,2.97,13.63
16.37,29.19,16.6,5.59,1.07,0.41,7.57,2.67,-0.86,-8.7,-4.56,-0.81,6.02
16.5,42.71,26.47,-6.27,-3.66,-2.83,24.6,0.45,1.11,-19.83,7.22,2.45,17.85
16.08,36.67,21.98,-3.36,-5.02,-6.41,16.07,5.67,7.39,-10.53,1.91,-4.92,4.95
15.24,32.25,18.59,1.27,-2.3,-3.55,5.87,-9.62,-16.75,-25.88,-8.24,-1.46,7.25
16.32,32.07,18.04,1.87,-0.48,2.45,17.56,10.22,5.34,-8.03,-1.32,-1.16,7.6
16.56,33.21,19.06,2.36,-0.15,-0.98,12.29,7.07,9.49,-3.1,-0.21,-7.33,-0.19
15.81,26.02,10.64,2.69,3.55,7.43,12.01,7.15,3.08,-2.27,-3.45,-4.33,0.59
16.03,40.87,20.56,-9.91,-2.03,-0.33,24.61,3.54,10.96,-2.38,17.76,2.18,9.64
16.63,26.13,13.89,7.37,5.77,6.38,11.47,8.39,5.38,-2.87,-4.49,-4.83,2.01
17.2,47.11,28.58,-10.3,-2.62,1.12,37.46,11.72,15.48,-9.08,16.63,-7.31,7.91
16.98,23.85,10.83,4.08,2.32,4.12,9.52,5.37,-1.65,-10.85,-11.65,-8.17,-1.62
16.28,29.91,15.49,0.35,1.14,4.34,20.57,14.29,12.39,-3.44,2.13,2.44,13.28
15.35,39.13,19.63,-11.41,-5.92,-3.54,21.78,-2.4,-2.61,-24.19,-1.77,-6.36,13.85
15.55,25.91,9.02,-10.68,-11.49,-8.32,10.73,0.45,-8.39,-35.2,-32.24,-32.03,-13.96
15.24,28.74,11.24,-10.26,-6.74,-0.99,21.91,10.17,4.85,-15.75,-4.18,-3.76,12.59
16.65,30.29,15.38,0.55,3.74,8.76,24.08,14.15,7.78,-7.18,-2.47,-4.53,3.98
15.99,23.47,10.99,4.47,2.39,3.38,8.52,4.8,-2.61,-12.55,-15.27,-12.72,-4.66
16.86,37.76,21.62,-4.36,-0.57,2.28,25.8,7.19,1.83,-24.27,-11.59,-17.6,2.01
16.01,48.52,24.18,-13.85,6.45,1.47,32.94,-1.54,9.12,-20.42,6.57,-3.46,20.35
17.8,33.49,21.0,5.69,5.24,8.76,23.61,12.36,3.23,-12.73,-3.99,-2.78,4.6
17.53,24.59,14.96,11.4,7.79,3.22,2.83,1.32,2.51,0.78,-1.73,-6.27,-6.8
16.33,35.32,20.69,-1.07,-1.14,3.48,20.34,5.84,2.93,-11.35,3.91,-2.74,1.15
16.4,24.06,10.68,3.6,4.07,6.58,11.5,2.05,-8.5,-17.9,-13.31,-7.24,-1.23
16.92,36.25,21.05,1.73,9.82,12.47,30.03,5.91,-1.67,-22.32,-2.59,1.73,17.26
17.19,25.24,12.97,6.89,5.21,6.08,10.29,5.64,0.2,-6.4,-5.07,-0.78,5.28
16.84,29.51,17.48,8.91,8.8,8.76,11.94,1.89,-2.99,-8.86,-3.0,-2.77,-1.09
15.54,29.93,15.77,2.11,0.69,2.47,13.65,7.13,3.71,-5.77,-1.18,-3.49,0.53
16.11,40.57,21.57,-10.85,-3.79,-2.69,26.18,7.0,10.99,-13.14,10.92,1.56,19.95
15.21,24.93,9.56,0.31,-2.04,-3.0,-1.45,-6.01,-5.06,-4.37,0.68,-0.83,-0.91
16.5,31.89,16.13,-0.69,-0.16,1.42,14.52,5.18,5.18,-2.37,8.45,5.13,10.09
16.33,27.52,12.53,0.4,0.11,4.32,16.52,12.54,10.95,2.19,2.97,-3.03,-1.2
16.34,40.71,28.65,5.9,2.27,1.65,21.37,8.05,6.81,-8.66,0.74,-0.86,11.02
15.85,27.85,14.82,4.49,0.81,-1.47,4.86,-0.25,-4.85,-12.06,-10.08,-8.3,-4.06
16.55,54.69,40.51,-18.85,-6.61,2.65,40.28,-10.95,-14.89,-15.22,20.78,-4.89,7.66
16.58,29.58,15.86,8.76,9.6,11.38,12.76,3.62,-1.95,-4.12,1.64,3.9,4.75
16.76,29.07,17.41,8.91,8.02,9.31,16.76,10.08,5.02,-4.18,-1.65,0.42,7.22
17.26,26.68,15.45,10.93,8.87,8.52,10.18,6.76,3.99,2.57,5.19,8.14,10.55
16.99,31.29,19.74,9.43,8.63,10.56,19.23,13.99,9.23,0.43,4.7,5.58,10.82
16.03,34.48,15.91,-6.04,0.91,5.3,19.12,-0.15,-0.46,-6.94,16.35,15.74,27.31
16.13,21.25,10.24,7.72,6.58,4.55,2.14,-6.04,-12.43,-15.26,-12.35,-7.09,-3.7
17.41,29.49,18.49,12.17,13.97,16.32,22.87,13.85,8.0,-2.35,-0.78,-1.58,1.32
17.37,21.86,10.93,9.25,9.87,8.56,5.92,-1.86,-4.96,-4.45,-0.88,0.7,0.44
18.23,43.64,28.77,3.88,14.0,15.41,41.67,11.61,5.35,-15.2,9.54,2.18,16.35
16.18,34.18,19.46,0.61,5.04,11.69,30.57,12.72,4.51,-16.75,-3.27,-3.08,9.86
17.18,27.86,16.9,10.97,12.55,15.95,21.55,12.7,3.6,-5.72,-3.8,-2.34,1.59
17.28,23.69,13.57,11.66,10.81,9.55,8.99,4.36,1.86,0.12,0.84,1.53,2.91
17.23,31.29,20.11,11.09,10.98,11.48,18.93,11.16,7.17,-1.72,4.21,5.09,12.57
16.05,31.96,17.02,3.81,13.27,13.58,19.21,-4.46,-12.01,-20.01,-5.12,-1.08,8.9
15.97,29.8,15.99,0.22,1.8,5.08,18.83,4.55,-2.66,-16.49,-3.54,0.91,10.05
17.59,29.49,18.1,13.32,19.56,22.65,25.58,10.67,2.87,-5.62,0.74,-0.98,1.65
16.65,26.76,14.92,8.64,11.13,13.96,18.02,6.94,-1.48,-9.58,-2.6,3.01,9.04
17.33,49.84,26.05,-11.89,19.63,16.23,50.2,8.65,10.61,-10.43,13.47,-4.87,10.23
16.04,22.12,10.47,7.1,5.16,3.32,2.0,-2.53,-4.95,-4.0,0.79,5.92,8.37
15.47,35.89,21.13,0.74,-2.42,-4.15,9.41,-0.99,2.84,-7.19,4.24,-1.18,5.58
17.0,46.89,32.41,-21.9,-21.54,-23.1,11.36,-25.75,-5.17,-12.65,27.2,-3.2,8.66
17.58,54.04,29.47,-21.2,-4.76,-14.93,21.66,-25.21,-1.3,-16.62,32.54,11.59,32.33
16.34,49.57,25.57,-13.05,3.81,-12.09,16.48,-11.84,5.5,-7.61,18.26,-2.41,5.05
16.76,37.49,22.34,-4.25,-3.46,1.18,27.33,14.47,12.55,-10.92,3.44,-2.08,10.83
16.54,24.19,10.2,4.46,2.83,4.67,6.55,2.76,-0.98,-1.92,1.56,5.43,7.94
16.42,37.72,22.82,-0.12,1.16,3.99,25.95,12.44,9.01,-9.05,7.36,5.9,18.69
14.78,31.1,15.37,-7.06,-4.49,-1.11,18.55,0.44,-5.85,-22.02,-0.68,6.19,25.8
15.04,40.92,21.75,-15.1,-7.71,-4.38,25.61,3.84,4.39,-17.19,8.67,0.9,20.47
15.97,36.04,23.12,-2.4,-6.34,-5.87,20.08,11.86,14.69,-0.27,15.19,14.19,25.61
14.76,35.85,17.49,-8.73,-7.0,-6.79,15.99,0.85,3.37,-13.71,5.09,3.45,18.38
16.05,38.1,19.46,-7.45,-1.76,1.81,25.7,4.97,7.33,-15.96,2.2,-5.69,15.07
16.32,30.39,18.46,7.25,4.69,5.24,13.56,7.58,2.97,-6.07,-1.34,1.66,10.34
16.42,27.69,16.47,9.95,6.59,5.77,9.18,4.41,1.19,-5.62,-5.42,-5.05,-0.46
16.96,43.09,25.21,-5.38,9.51,17.66,40.5,8.11,9.17,-9.87,16.15,5.7,17.03
17.36,29.84,12.47,-3.98,9.06,17.16,30.09,4.28,-0.98,-8.49,14.19,9.73,16.02
17.55,35.54,16.71,-10.27,6.02,17.87,39.33,2.75,-0.5,-11.92,24.24,12.18,17.47
16.5,24.81,2.28,-15.34,17.94,25.67,35.51,-14.47,-8.92,-12.07,31.68,13.76,16.0
16.09,44.69,20.45,-26.97,-6.11,7.48,44.47,-3.32,-0.63,-12.67,29.93,-2.2,8.91
16.46,34.63,12.33,-15.42,-4.6,-0.51,15.84,-11.05,-7.23,-16.92,8.73,-2.56,5.82
17.54,35.49,11.86,-19.08,-7.29,-1.39,21.81,-4.69,0.77,-14.52,4.65,-17.7,-14.55
18.35,35.17,19.31,-7.08,-8.42,-8.38,15.67,5.18,9.58,-5.56,5.95,-8.04,-6.72
19.15,31.96,17.0,-3.48,-8.14,-13.91,-0.22,-7.63,-2.68,-14.6,-6.69,-15.1,-10.19
19.8,26.55,13.78,2.42,-4.66,-10.89,-6.25,-8.18,-4.46,-8.03,-4.98,-8.12,-5.97
20.01,31.24,20.24,8.76,1.78,-5.49,-0.2,-3.48,-1.1,-8.36,-7.46,-12.19,-7.44
20.11,24.05,11.18,3.74,-2.66,-7.9,-8.12,-10.02,-7.56,-7.71,-7.38,-10.25,-11.08
20.15,35.22,18.91,-0.89,-0.25,-2.62,4.42,-8.53,1.2,-10.27,-3.19,-2.18,-2.53
20.06,26.58,15.01,6.77,-0.98,-7.92,-7.78,-8.4,-6.35,-7.31,-7.58,-9.69,-8.48
19.68,31.74,20.14,6.47,-1.95,-10.46,-6.05,-9.38,-4.98,-11.21,-7.92,-13.39,-9.3
19.65,37.39,27.15,3.97,-5.67,-18.93,-5.72,-19.89,-13.14,-25.76,-8.78,-14.5,-6.82
19.15,26.69,14.27,4.6,-1.28,-7.07,-3.53,-4.7,0.74,0.21,1.35,-5.31,-7.79
19.51,42.08,30.05,2.53,-1.82,-20.82,-5.8,-22.72,-6.73,-18.92,1.03,-13.85,-4.14
19.04,45.62,34.75,2.78,-4.47,-21.22,1.95,-12.97,2.12,-15.84,6.3,-8.68,4.43
19.62,30.6,18.93,5.69,-3.29,-13.87,-10.98,-14.29,-6.24,-8.06,-2.98,-9.3,-7.47
19.72,53.82,38.12,-7.55,-7.98,-29.15,15.8,-16.28,5.28,-19.2,11.79,-14.99,3.81
19.37,27.38,16.45,5.33,-4.01,-15.78,-14.59,-15.78,-6.79,-4.51,2.06,-2.24,-3.1
19.74,30.36,15.74,-3.93,-10.65,-21.07,-8.77,-11.02,1.95,-6.5,-2.52,-15.94,-11.58
19.93,32.57,18.9,-3.06,-11.23,-23.39,-9.86,-13.87,-0.76,-10.53,-2.97,-15.25,-7.29
19.12,41.65,27.27,2.06,-0.71,-17.73,-0.54,-9.36,10.19,-1.26,9.81,-8.43,2.91
19.6,24.27,11.34,2.8,-4.72,-11.08,-11.2,-13.46,-12.46,-14.15,-13.54,-13.83,-10.17
19.66,59.54,45.64,-6.01,-0.94,-32.49,20.94,-23.75,-9.02,-28.68,16.41,-13.49,11.89
19.53,26.74,16.03,8.54,1.58,-7.25,-9.26,-14.2,-12.3,-12.43,-7.58,-6.01,-1.01
19.57,28.92,17.21,6.93,-0.46,-8.25,-5.16,-6.31,-1.24,-3.44,-1.85,-5.9,-3.25
19.45,27.88,16.67,8.85,1.54,-6.44,-7.54,-10.33,-7.12,-6.72,-4.1,-5.24,-2.97
19.07,28.75,17.19,6.54,-1.59,-10.19,-8.73,-11.7,-7.98,-10.45,-7.21,-8.34,-2.64
18.5,23.88,10.92,3.23,-1.22,-4.83,-2.3,-4.02,-1.56,-2.54,-0.03,-0.98,0.9
18.77,31.65,18.88,2.16,-6.44,-16.2,-6.96,-8.06,2.07,-2.28,2.78,-4.61,1.2
18.65,41.7,26.96,-3.21,-8.14,-22.15,0.17,-11.53,1.01,-20.82,-6.59,-16.97,4.72
19.31,26.66,14.07,2.59,-6.75,-16.95,-16.37,-19.49,-14.37,-15.31,-12.07,-14.01,-9.09
19.42,30.03,19.97,7.84,0.19,-13.81,-15.62,-27.55,-24.07,-26.52,-13.93,-11.19,0.04
19.44,27.63,16.37,7.27,0.17,-7.72,-7.84,-13.86,-14.87,-20.29,-18.22,-16.38,-6.79
19.12,27.08,16.19,9.43,5.05,0.03,0.27,-7.39,-11.12,-17.97,-16.99,-15.94,-9.5
19.17,29.06,17.67,8.3,2.52,-3.36,-2.17,-9.15,-10.76,-15.31,-12.19,-12.79,-8.16
19.3,27.67,17.65,11.05,4.2,-4.76,-7.43,-11.27,-7.19,-4.86,0.01,-0.85,-1.47
19.4,51.95,22.4,-8.48,13.63,-30.42,29.12,-22.57,3.98,-12.98,-20.47,12.22,-4.36
18.31,29.8,15.87,2.63,-3.47,-8.8,-0.66,-3.01,2.16,-3.28,-0.11,-6.73,-5.69
17.78,48.57,31.55,-6.43,-2.65,-21.72,5.0,-19.8,0.31,-20.94,2.48,-16.26,3.45
17.94,38.99,24.76,0.29,-3.74,-11.64,5.23,-7.02,1.58,-15.6,-8.46,-23.1,-11.59
18.62,38.21,25.29,-0.73,-6.37,-19.52,-0.37,-9.7,4.87,-9.79,-1.15,-21.68,-14.04
18.43,39.65,26.1,-5.1,-11.87,-27.87,-6.25,-18.88,-1.64,-18.75,-2.88,-22.52,-6.75
18.97,36.9,22.63,-4.05,-8.34,-17.75,3.54,-6.37,3.26,-17.95,-7.56,-20.96,-8.65
18.63,27.83,11.33,-10.25,-18.69,-28.63,-14.51,-14.97,-2.48,-10.73,-4.9,-15.13,-6.04
18.93,29.71,17.39,1.86,-5.25,-15.34,-5.98,-7.04,4.12,-3.66,-2.98,-17.24,-16.3
18.85,32.37,17.98,-2.5,-8.47,-18.74,-6.73,-13.04,-0.74,-9.67,-1.39,-12.69,-4.98
18.97,32.42,18.71,-1.08,-6.28,-16.41,-3.3,-6.64,6.4,-4.48,-1.86,-19.9,-16.01
19.5,36.58,21.17,-3.89,-7.37,-18.43,-2.14,-14.07,-0.12,-11.68,-0.43,-18.42,-12.3
19.49,34.31,22.21,2.19,-5.01,-17.3,-4.62,-8.36,6.27,-2.54,2.67,-15.19,-12.77
19.41,25.25,10.64,-3.56,-8.91,-15.24,-4.88,-4.33,4.69,-3.25,-4.83,-19.15,-19.17
18.61,25.53,10.44,-6.29,-12.33,-18.38,-4.48,-2.93,6.55,-4.42,-8.85,-24.36,-22.16
18.39,25.54,10.64,-3.46,-11.33,-19.09,-13.0,-13.81,-7.3,-12.79,-13.31,-22.99,-21.78
18.58,41.39,24.62,-8.11,-10.25,-27.72,-2.88,-17.39,1.96,-15.34,0.2,-19.75,-5.07
18.66,43.56,25.93,-9.49,-11.12,-24.2,6.23,-7.08,11.13,-14.72,2.37,-17.61,-0.54
19.05,30.45,15.26,-3.86,-10.18,-16.87,-3.47,-4.95,3.87,-5.88,-1.89,-10.22,-2.77
19.35,40.38,30.21,-5.25,-15.72,-32.45,0.38,-8.74,2.95,-25.81,-7.89,-20.63,0.21
19.18,44.26,25.36,-11.48,-9.48,-19.17,12.64,-3.49,6.1,-27.92,-12.74,-30.71,-8.02
19.67,34.88,19.49,-10.59,-16.67,-26.49,-1.74,-9.23,-1.88,-24.47,-11.76,-21.45,-6.11
18.92,52.63,25.64,-16.92,2.53,-29.46,20.82,-14.28,13.99,-14.24,4.24,-29.8,-8.05
18.93,36.35,28.25,7.48,-0.97,-12.78,3.18,-6.19,1.71,-15.18,-8.85,-19.0,-5.66
18.84,35.24,21.23,-3.46,-8.78,-21.44,-2.07,-5.35,10.74,-7.96,-5.19,-26.92,-16.83
18.45,27.71,12.83,-2.3,-7.01,-10.71,1.91,3.17,9.93,-1.14,-5.4,-19.31,-16.23
18.56,40.07,27.05,-1.84,-9.94,-19.81,3.75,-7.79,0.04,-23.11,-17.33,-29.95,-9.55
18.73,25.87,10.94,-1.28,-7.47,-13.46,-10.35,-14.55,-14.64,-22.37,-23.69,-28.88,-23.59
17.99,45.23,27.08,-11.88,-12.41,-24.27,9.12,-9.43,8.66,-16.24,-0.19,-25.89,-8.44
18.04,42.06,23.25,-10.3,-4.32,-20.7,5.05,-11.94,9.73,-13.08,1.43,-23.8,-4.37
17.75,35.6,23.89,-3.79,-7.95,-22.36,3.05,-2.95,14.13,-7.48,-0.37,-24.71,-13.54
17.74,36.24,19.51,-11.28,-16.88,-27.25,0.17,-3.29,13.73,-7.83,-0.32,-20.59,-3.18
17.66,58.26,36.05,-20.13,-5.8,-18.86,36.57,-3.38,14.53,-15.11,5.83,-27.35,3.75
17.62,33.41,18.66,-9.57,-17.26,-31.24,-12.08,-18.81,-4.66,-20.97,-13.25,-30.18,-18.46
16.88,41.32,24.18,-11.71,-10.69,-22.37,13.1,-0.24,15.82,-9.02,4.74,-21.33,-5.34
16.7,24.34,9.2,-9.57,-19.64,-27.6,-12.81,-8.41,2.66,-10.41,-15.95,-32.28,-28.03
16.82,54.05,32.98,-31.72,-16.11,-23.41,34.52,-7.51,5.32,-20.97,8.27,-27.72,2.0
16.57,33.67,19.63,1.52,-0.88,-1.58,13.22,5.08,6.81,-5.77,0.0,-9.87,-6.83
17.06,37.56,19.35,-9.7,-10.48,-17.24,4.09,-12.09,-4.16,-21.74,-9.61,-23.27,-11.12
16.0,48.19,24.19,-12.69,-2.53,-11.13,18.12,-8.22,6.37,-12.74,9.93,-4.98,16.11
15.83,27.63,12.01,-2.85,-5.73,-5.54,6.4,4.08,6.27,-1.45,2.39,-0.82,3.2
16.63,33.16,18.12,-3.46,-9.49,-12.86,5.2,2.82,8.5,-6.44,-2.7,-12.59,-3.95
16.59,28.89,13.41,-3.62,-7.34,-8.75,4.52,0.14,0.25,-13.57,-10.18,-13.08,-4.29
16.49,32.51,17.94,-0.05,-4.54,-6.27,8.57,4.04,4.51,-11.27,-8.77,-13.0,-0.26
16.63,44.16,27.0,-7.79,-8.15,-14.3,15.8,-3.5,3.63,-20.88,-2.87,-15.3,6.57
16.54,29.45,17.1,2.55,-3.06,-4.4,11.52,13.37,13.23,-6.32,-14.38,-22.53,-12.28
16.69,32.15,16.79,-1.64,-3.21,-4.0,10.59,0.13,-3.22,-18.71,-8.06,-5.21,9.04
17.02,48.93,29.32,-16.9,-12.14,-13.13,26.84,-4.64,-0.12,-32.68,0.27,-16.22,10.61
17.02,31.37,14.5,-7.6,-13.09,-17.77,-2.28,-8.91,-6.55,-21.06,-13.03,-14.29,1.88
16.19,24.68,9.19,-2.58,-9.46,-13.0,-8.43,-8.76,-4.74,-4.71,-0.07,1.84,8.03
16.4,50.14,24.42,-18.62,-2.08,-17.68,20.17,-9.22,1.27,-29.59,-9.9,-23.8,7.96
16.25,33.55,16.2,-13.24,-17.15,-19.57,8.47,-0.02,4.99,-21.75,-13.4,-23.23,-2.91
16.41,29.99,15.73,-3.86,-12.72,-18.44,-2.75,-1.75,6.51,-5.88,-3.94,-12.81,-3.21
16.12,51.57,37.94,-23.31,-22.32,-20.22,28.75,-7.28,0.29,-22.87,11.77,-12.99,5.74
16.94,29.52,13.9,-0.06,0.89,1.77,11.52,2.05,-1.02,-12.6,-10.4,-14.91,-7.95
17.55,35.55,21.25,2.37,-1.22,-7.08,5.09,-2.21,2.52,-11.27,-8.23,-20.48,-11.16
17.71,27.6,14.9,4.62,1.79,0.47,6.71,0.91,-2.82,-15.2,-19.46,-25.52,-18.83
16.91,34.5,18.95,1.42,1.18,0.79,15.17,5.03,4.18,-13.0,-10.81,-17.3,-4.69
18.1,51.53,41.06,-13.74,-20.23,-22.41,32.7,-17.23,-15.94,-21.71,8.45,-16.36,10.67
19.37,42.69,23.71,-2.2,7.25,-8.32,34.0,-3.64,-8.28,-30.83,-17.97,-24.85,-11.91
18.86,47.15,31.87,-3.61,-0.72,-10.54,15.91,-13.64,-7.7,-31.37,-14.08,-33.96,-12.69
19.25,27.31,15.69,9.14,4.43,-0.79,-2.14,-8.89,-11.98,-16.88,-17.72,-18.73,-12.71
18.99,31.83,21.54,9.39,4.85,-1.04,7.79,1.4,0.11,-14.82,-19.44,-28.2,-19.08
19.81,45.01,32.35,1.12,0.76,-14.72,12.45,-12.5,-5.04,-28.75,-14.56,-34.44,-11.74
19.88,36.69,25.78,7.97,7.47,-4.97,2.05,-19.94,-20.43,-35.45,-16.05,-19.51,-4.03
19.77,30.28,19.9,8.22,1.37,-9.14,-8.25,-18.58,-22.47,-33.64,-29.41,-28.93,-16.06
19.54,24.12,11.51,4.03,-1.81,-15.24,-18.14,-29.14,-31.08,-32.83,-27.01,-25.13,-18.81
19.54,35.98,25.59,9.21,3.12,-8.85,-3.5,-18.79,-14.99,-23.9,-10.03,-13.73,-3.8
19.0,57.94,33.99,-12.85,3.92,-30.04,24.57,-38.36,-20.19,-35.45,-5.93,-23.67,-2.41
18.87,33.86,23.04,8.12,-0.88,-12.99,-8.97,-15.15,-9.93,-15.98,-7.53,-8.34,1.74
19.11,42.39,31.32,4.56,-1.06,-16.04,-0.13,-21.75,-13.09,-27.44,-8.95,-17.36,3.23
19.36,32.31,19.72,3.6,-1.88,-12.79,-10.33,-25.57,-22.55,-28.88,-16.11,-19.35,-8.83
19.53,27.76,15.53,2.69,-7.27,-17.51,-14.34,-17.71,-15.94,-23.54,-21.08,-20.62,-10.25
19.27,33.49,22.22,5.08,-3.62,-16.86,-11.83,-20.69,-12.56,-17.07,-5.39,-9.12,0.05
19.71,53.07,35.22,-9.32,-3.1,-35.04,3.37,-35.94,-15.41,-38.92,2.56,-16.56,9.71
19.54,55.47,39.7,-8.06,-7.28,-34.31,8.1,-52.96,-16.77,-29.14,10.23,-25.3,2.03
19.65,36.61,26.04,4.29,-4.76,-21.49,-13.21,-25.27,-15.74,-26.42,-10.91,-17.21,-5.18
19.25,39.55,27.69,2.13,-7.43,-22.09,-8.17,-21.35,-10.11,-22.13,-8.03,-16.31,0.17
19.38,39.8,29.33,6.16,-1.54,-17.94,-5.13,-17.71,-5.57,-14.99,-1.26,-10.92,2.97
19.52,31.03,17.22,-2.5,-9.75,-24.41,-18.41,-31.08,-22.1,-27.19,-13.45,-22.72,-13.04
19.54,37.11,21.91,-5.74,-10.78,-23.18,-5.62,-20.0,-10.64,-24.83,-7.12,-17.38,-6.83
19.84,40.71,25.35,-4.2,-6.23,-17.16,2.87,-15.2,-4.34,-20.9,-3.7,-22.25,-11.0
18.97,39.52,30.21,7.76,0.65,-14.92,-2.28,-16.24,-5.54,-15.22,0.49,-12.01,-2.26
18.53,37.73,26.17,9.26,3.8,-7.53,-1.91,-13.35,-6.66,-11.59,-0.44,-8.83,-2.81
18.42,21.17,8.47,1.84,-4.41,-10.67,-13.46,-18.8,-21.67,-24.5,-22.91,-19.68,-13.82
18.38,32.11,21.14,7.97,1.65,-4.53,2.71,-3.13,-3.25,-13.27,-11.36,-15.68,-9.82
17.94,40.25,28.5,6.02,1.42,-7.52,7.15,-7.33,-4.52,-21.75,-10.96,-18.45,-2.61
17.75,25.0,12.71,4.66,-3.04,-11.78,-14.65,-18.16,-15.57,-14.12,-10.98,-12.05,-10.26
17.13,34.93,22.54,3.91,-3.5,-9.9,4.19,2.64,12.21,4.01,10.58,1.45,6.43
18.09,23.62,10.85,4.25,0.08,-2.82,-2.52,-8.57,-14.31,-20.96,-21.53,-19.42,-13.9
18.46,46.58,29.5,-4.77,0.43,-15.51,10.91,-16.99,-1.75,-19.93,1.87,-19.68,-2.72
18.03,53.75,41.15,-12.3,-11.71,-25.2,28.73,-20.73,-18.81,-21.35,10.9,-22.28,1.28
17.36,28.39,16.51,6.87,1.25,-3.32,1.43,-0.67,0.71,-5.47,-6.29,-10.26,-8.36
16.64,37.06,20.82,0.01,-3.63,-6.87,7.65,-0.97,7.05,-4.02,2.59,-9.72,-3.39
16.9,31.42,18.32,5.1,-0.47,-4.51,1.85,-4.22,-3.48,-9.41,-3.65,-4.09,2.88
16.8,30.75,17.86,6.06,0.46,-5.13,0.02,-4.23,-0.65,-7.4,-6.5,-13.27,-9.76
15.19,26.8,12.53,0.83,-2.26,-4.07,1.03,-5.54,-6.14,-10.24,-4.39,-3.61,0.98
17.77,51.86,34.72,-10.79,-2.33,-2.8,34.05,-14.26,-9.37,-31.01,0.94,-20.62,4.72
16.99,26.89,16.18,8.46,3.25,-1.55,0.89,-2.53,-3.62,-10.96,-11.16,-12.13,-6.85
16.71,37.41,25.29,3.85,-1.88,-7.03,8.29,-1.85,-2.94,-25.04,-18.84,-21.19,-3.53
16.93,25.36,12.88,3.8,-1.0,-5.55,-4.02,-10.85,-14.76,-21.14,-16.99,-11.93,-1.2
16.42,35.36,24.37,8.18,3.55,-3.14,7.06,-2.89,-5.78,-20.6,-13.04,-13.11,-1.01
17.45,29.3,19.09,9.44,1.88,-7.0,-7.47,-15.06,-14.78,-19.13,-14.02,-12.05,-2.57
17.35,47.03,34.44,-1.87,-3.25,-14.08,12.07,-14.46,-9.36,-27.4,0.47,-9.3,10.8
18.34,28.32,18.43,10.33,5.23,-1.95,-1.7,-12.89,-19.04,-28.08,-23.88,-18.41,-5.34
18.9,38.63,28.52,6.05,5.1,-0.69,15.04,-10.69,-17.21,-39.53,-19.0,-19.38,0.47
18.47,32.41,22.19,10.87,10.16,4.82,8.99,-9.47,-16.09,-29.91,-22.97,-22.02,-7.74
18.49,38.18,26.84,2.7,3.7,-6.0,9.08,-20.77,-29.2,-54.01,-33.13,-33.13,-3.94
18.12,47.17,31.92,-4.76,5.04,-3.47,23.96,-19.2,-25.23,-53.17,-12.44,-16.74,10.47
18.39,38.16,25.69,0.64,-2.49,-8.24,7.84,-13.9,-16.1,-39.62,-22.8,-21.29,4.72
19.02,53.43,36.8,-12.56,-5.84,-15.55,29.49,-22.11,-26.56,-52.05,-7.22,-24.39,3.2
19.41,39.24,28.11,2.55,0.48,-15.15,-1.28,-30.45,-27.2,-46.33,-17.31,-14.17,17.71
19.35,39.65,27.96,1.14,4.44,-13.3,-0.66,-35.77,-32.85,-47.6,-11.17,-7.71,25.62
19.33,33.66,22.51,4.85,0.96,-11.84,-6.28,-25.5,-24.54,-35.75,-14.49,-6.92,17.1
19.22,33.62,23.74,8.09,0.9,-12.85,-8.96,-21.31,-16.34,-20.76,-5.4,-3.21,9.64
19.14,31.85,21.02,6.43,-1.34,-15.81,-12.62,-20.54,-13.85,-18.27,-5.31,-4.78,5.63
19.24,30.11,17.78,4.69,0.36,-12.26,-13.32,-24.66,-17.04,-15.31,1.05,0.36,5.0
19.17,35.92,24.17,2.1,-3.31,-17.11,-6.31,-22.09,-11.21,-18.92,3.52,1.29,13.87
18.27,43.67,27.14,-7.68,-4.85,-25.95,-3.89,-29.94,-8.27,-20.02,13.16,1.7,19.93
17.89,56.34,42.76,-18.7,-14.7,-20.09,27.02,-32.2,-18.46,-29.2,29.14,-1.82,21.13
18.32,38.59,22.43,-5.82,-9.28,-20.97,-3.63,-19.63,-9.45,-21.35,0.53,-4.73,10.46
18.67,27.77,11.91,-8.36,-17.94,-26.49,-16.95,-23.4,-20.74,-32.18,-25.84,-27.61,-15.15
18.85,35.17,20.4,-3.25,-8.91,-17.76,-4.2,-16.11,-9.99,-21.5,-6.6,-8.36,7.23
19.49,34.81,19.58,1.61,-1.77,-9.57,-2.16,-12.8,-8.98,-15.86,-4.24,-6.33,0.96
19.75,59.7,31.36,-14.09,6.98,-22.46,24.81,-18.96,1.36,-29.51,5.11,-18.12,12.13
19.52,30.85,19.81,5.43,-3.85,-13.05,-5.47,-7.48,-2.2,-9.16,-5.41,-7.49,1.22
19.54,24.49,11.13,1.51,-4.71,-10.64,-8.54,-10.82,-7.67,-8.53,-5.73,-7.49,-6.86
19.4,30.45,18.51,6.18,-1.88,-11.71,-9.0,-12.05,-4.47,-5.57,-0.99,-6.94,-5.3
19.64,44.46,29.6,0.09,0.68,-19.54,-2.23,-23.0,-4.23,-16.83,9.24,-4.9,7.32
19.45,48.79,30.87,-3.18,4.03,-20.02,1.23,-28.09,-4.24,-17.17,13.45,-4.48,9.16
19.55,32.61,21.4,7.56,-0.49,-11.63,-8.12,-13.76,-6.94,-9.4,-1.56,-4.82,0.44
19.71,28.18,16.96,8.2,0.93,-9.11,-12.43,-19.73,-15.81,-12.62,-2.71,-0.12,3.39
19.85,25.68,15.9,8.44,0.6,-12.86,-18.91,-27.63,-22.93,-18.22,-5.91,-1.74,3.88
19.72,22.57,9.11,1.97,-4.3,-10.18,-12.73,-17.1,-17.17,-14.96,-8.66,-3.45,0.98
19.6,29.21,16.09,4.57,-0.43,-8.98,-7.49,-12.46,-4.72,-2.93,3.17,-3.02,-2.44
19.28,25.5,11.8,2.18,-5.46,-11.69,-11.12,-12.19,-7.85,-4.77,0.91,1.62,2.52
19.56,30.62,16.69,-0.59,-5.57,-16.35,-13.62,-29.55,-27.26,-30.8,-12.43,-9.02,3.04
19.85,39.27,26.25,-2.01,-7.67,-21.57,-6.33,-27.73,-23.04,-37.64,-10.88,-10.99,10.86
19.34,35.88,25.06,2.62,-6.36,-24.32,-14.83,-28.14,-19.52,-32.0,-15.47,-17.46,1.44
19.57,45.3,29.2,-2.07,-0.18,-17.48,-0.9,-31.48,-18.57,-33.15,-1.8,-13.37,11.42
19.3,59.12,36.99,-9.66,7.84,-36.04,21.75,-41.29,-21.08,-34.91,2.23,-11.9,17.68
19.28,36.56,27.34,9.66,2.45,-15.54,-9.05,-23.61,-16.5,-26.68,-10.4,-11.35,7.8
19.13,26.91,16.64,9.13,2.92,-8.14,-12.84,-22.09,-20.35,-19.14,-9.78,-5.56,2.26
19.19,25.65,15.62,10.21,4.39,-4.92,-9.54,-16.12,-14.37,-13.4,-8.44,-6.97,-1.85
19.24,48.88,35.04,4.33,13.03,-9.23,10.77,-26.41,-15.66,-39.01,-3.42,-9.8,17.61
19.3,46.65,38.59,7.37,5.49,-12.54,9.37,-22.39,-18.25,-39.36,-4.09,-8.17,16.52
19.46,31.47,21.78,10.59,6.63,-6.91,-8.57,-24.24,-21.64,-25.06,-11.76,-10.67,0.61
19.95,25.72,13.53,6.45,-0.28,-7.87,-11.77,-18.27,-19.47,-20.19,-16.49,-12.84,-5.41
19.61,23.59,11.42,4.57,-1.21,-8.6,-11.03,-15.72,-14.67,-14.64,-11.57,-10.38,-5.63
19.59,25.68,14.52,8.8,3.32,-3.72,-7.58,-14.45,-16.51,-17.54,-13.98,-11.27,-6.36
19.2,31.18,21.15,11.59,6.55,-3.36,-3.79,-13.77,-12.65,-16.88,-11.55,-13.44,-5.1
19.02,28.12,16.73,8.9,4.03,-0.6,2.77,-0.15,-1.04,-9.85,-14.7,-21.37,-18.44
19.22,52.35,36.88,-1.62,0.24,-25.58,6.76,-16.29,7.05,-19.86,3.08,-22.65,-4.06
19.15,24.9,13.19,6.57,0.06,-6.08,-6.82,-8.39,-5.58,-5.26,-5.47,-8.64,-8.78
19.84,56.82,36.65,-2.68,10.81,-37.61,5.2,-38.52,-3.82,-20.01,7.12,-21.22,-0.95
19.45,22.88,10.44,4.7,-0.64,-5.52,-7.51,-11.35,-11.82,-12.23,-11.13,-10.54,-8.49
19.59,33.87,24.5,9.21,-0.29,-16.22,-13.49,-23.45,-17.54,-23.93,-14.3,-19.02,-9.81
19.52,41.86,30.7,2.79,-0.62,-20.03,-3.58,-26.27,-19.53,-37.78,-17.22,-24.06,-1.78
19.38,45.17,30.78,-4.66,-5.13,-31.07,-11.13,-40.87,-28.36,-45.89,-11.95,-27.71,-7.32
19.04,31.75,19.75,4.96,-1.76,-12.58,-9.71,-19.98,-16.19,-21.92,-14.5,-17.85,-9.44
19.26,26.09,13.94,4.87,-2.82,-10.19,-10.14,-14.53,-14.04,-15.91,-13.74,-12.85,-8.61
19.44,29.31,16.7,5.32,-2.29,-10.97,-10.57,-17.1,-14.02,-15.53,-7.79,-6.05,0.95
19.34,25.59,11.44,-1.44,-9.35,-21.54,-24.35,-33.66,-28.86,-27.01,-17.14,-16.83,-11.39
19.5,30.05,18.75,5.99,-1.34,-14.21,-14.45,-26.11,-23.65,-28.28,-16.89,-13.92,-0.07
19.63,28.68,16.2,1.53,-7.29,-21.29,-20.93,-30.11,-23.49,-24.34,-11.82,-11.34,-2.88
19.83,29.76,17.45,1.68,-8.6,-23.66,-20.65,-25.5,-13.88,-14.23,-2.97,-6.54,-0.06
19.78,29.98,17.66,0.04,-9.59,-26.13,-21.3,-27.04,-13.43,-15.42,-3.78,-9.79,-1.97
19.5,28.74,14.04,-4.3,-14.34,-28.9,-24.67,-30.63,-20.78,-24.08,-13.7,-17.75,-10.72
19.22,22.86,8.37,-2.98,-11.49,-21.07,-22.13,-26.58,-22.86,-22.35,-18.12,-19.81,-18.2
19.0,27.37,14.63,6.26,0.18,-4.92,-4.27,-7.17,-5.09,-6.1,-4.98,-7.82,-7.28
19.19,31.06,20.41,8.03,-1.1,-12.35,-9.79,-14.7,-9.8,-12.25,-5.55,-7.93,-4.55
19.39,39.54,23.77,2.65,2.48,-8.43,2.36,-10.52,1.29,-7.47,4.44,-9.46,-3.58
19.12,28.03,16.42,6.51,0.63,-8.18,-7.23,-11.69,-4.58,-2.54,3.75,-1.41,-3.23
19.29,32.89,22.78,6.13,-1.72,-17.22,-12.62,-22.62,-10.57,-12.49,3.85,-1.66,2.75
19.27,39.86,27.56,0.1,-4.36,-24.34,-12.58,-32.81,-13.71,-19.89,5.89,-11.05,-3.68
19.27,51.36,33.42,-13.4,-5.41,-22.9,6.44,-40.69,-24.8,-31.46,17.06,-11.26,1.0
19.19,34.3,19.84,-0.35,-3.84,-15.54,-11.92,-30.39,-22.34,-22.48,-2.97,-11.76,-10.0
19.56,32.56,17.65,-4.23,-10.62,-22.44,-16.19,-33.27,-28.56,-33.51,-11.34,-11.67,-3.98
19.54,38.65,22.3,-4.77,-5.81,-17.16,-6.95,-28.22,-16.99,-21.97,4.59,-7.12,-2.27
19.16,42.92,25.76,-4.57,-4.02,-18.19,-1.75,-26.06,-10.19,-18.86,10.22,-4.3,6.62
18.96,44.2,27.98,-5.46,-6.73,-19.14,0.52,-22.47,-7.39,-18.25,10.02,-8.15,-0.96
18.29,57.35,29.23,-22.96,-3.57,-25.9,13.52,-31.82,-5.51,-21.73,6.69,-26.14,-5.11
18.08,40.42,22.2,-9.01,-9.88,-14.4,8.63,-10.86,-7.16,-29.01,-11.17,-23.98,-12.1
17.29,35.75,20.97,-5.46,-10.59,-16.37,2.72,-6.68,2.24,-8.64,2.93,-12.23,-8.64
17.46,32.1,16.1,-4.71,-8.36,-11.39,2.71,-4.45,2.17,-5.59,3.39,-8.97,-7.38
17.43,46.73,18.14,-30.03,5.58,8.08,33.2,-21.52,-4.72,-19.89,18.25,-20.62,-12.86
17.6,59.88,17.7,-41.59,10.05,2.0,40.7,-26.56,3.61,-23.83,22.02,-22.66,2.37
17.64,48.95,23.07,-28.49,-8.53,-3.71,33.27,-13.2,-0.44,-17.45,15.97,-15.11,-1.02
17.3,27.7,6.49,-13.19,-0.84,1.35,12.87,-9.77,-4.26,-9.78,8.08,-6.09,-5.6
17.89,43.43,15.29,-32.2,-12.4,-1.18,40.78,-5.17,-2.59,-32.36,10.66,-14.3,1.91
17.74,38.24,5.54,-34.47,-1.52,0.94,30.06,-15.04,2.27,-15.53,19.37,-15.9,-10.81
17.02,35.82,3.98,-26.3,-3.37,4.42,26.69,-6.87,6.11,-9.5,18.55,-9.8,1.39
17.56,46.68,12.54,-32.49,-4.56,-14.9,24.3,-17.1,5.75,-12.63,25.84,-5.26,1.96
17.55,34.58,11.82,-28.43,-22.89,-18.24,19.87,-0.17,9.29,-10.12,17.68,-3.87,0.04
17.7,33.42,13.69,-19.6,-17.94,-11.76,22.1,6.99,11.4,-7.28,11.04,-8.77,-5.57
17.73,23.19,2.42,-16.75,-14.74,-8.3,10.2,5.05,9.26,2.8,11.93,3.07,3.46
17.54,52.99,21.56,-36.89,-9.8,-9.05,34.01,-20.57,6.82,-11.25,40.79,-1.8,8.28
17.22,34.8,4.99,-32.46,-18.78,-15.87,12.7,-11.42,4.41,-9.45,17.78,-9.37,-0.69
17.63,34.54,13.33,-24.25,-18.57,-15.52,19.05,-1.28,11.3,-5.5,20.94,-4.62,-1.32
17.22,28.8,6.24,-20.4,-10.03,-4.6,17.25,-3.82,2.37,-6.27,16.9,-0.86,-5.33
17.35,38.01,11.04,-24.72,-6.23,-1.8,28.01,-1.03,10.16,-6.41,21.32,-0.25,5.18
17.48,35.59,13.37,-18.64,-12.01,-8.52,21.88,4.55,12.65,-6.84,13.53,-3.93,5.21
17.3,38.62,13.89,-20.81,-3.82,-2.35,26.52,-1.74,6.55,-15.47,8.77,-8.45,3.14
17.87,34.44,12.1,-21.55,-12.18,-9.26,18.43,-5.09,6.62,-5.62,20.31,-4.11,-3.38
17.66,40.2,15.05,-26.46,-10.71,-7.42,27.33,-1.89,12.64,-8.12,20.82,-7.5,1.63
17.0,32.61,10.4,-16.61,-12.27,-9.69,12.13,-4.73,1.42,-8.52,14.58,5.97,13.37
18.46,27.32,6.83,-16.52,-9.3,-7.71,16.91,10.81,25.72,13.51,20.97,-3.47,-6.29
17.89,28.05,6.58,-20.04,-15.53,-8.33,22.7,15.66,21.47,0.1,6.49,-13.07,-8.22
18.38,34.69,17.62,-14.25,-13.78,-11.26,23.44,12.79,19.46,-3.58,14.52,0.49,9.85
19.21,42.14,22.4,-13.16,-5.84,-9.18,26.92,10.06,21.82,-8.68,6.28,-18.8,-5.05
19.65,49.24,32.75,-13.48,-9.03,-13.91,35.82,11.18,23.42,-12.02,11.93,-17.19,6.89
19.84,32.04,17.77,4.36,3.3,4.79,16.11,8.19,3.61,-11.51,-10.27,-12.92,-3.86
19.69,40.13,30.45,1.62,-3.17,-2.9,35.33,23.39,16.26,-23.92,-18.96,-27.21,-1.93
19.4,24.59,10.32,1.64,6.35,12.26,23.47,11.97,-0.53,-21.74,-23.0,-21.77,-7.22
19.6,32.81,21.03,3.51,-2.77,-4.82,14.3,12.16,9.54,-14.41,-19.41,-26.6,-11.01
19.26,27.43,14.47,4.1,3.72,5.68,16.42,9.54,1.04,-18.63,-22.75,-23.27,-9.35
18.93,30.53,15.84,-4.76,-4.85,-3.05,21.89,15.48,11.6,-20.28,-24.1,-33.06,-12.33
19.29,25.92,10.28,-3.61,-3.62,-1.27,13.46,7.47,1.93,-19.87,-24.02,-27.64,-11.79
19.46,43.48,30.61,-10.33,-13.58,-16.89,30.42,12.38,10.86,-39.76,-23.71,-34.2,6.1
19.44,27.26,11.87,-6.77,-7.99,-5.35,14.76,5.76,-3.01,-29.8,-27.24,-24.07,-0.36
19.78,43.61,20.05,-23.71,-10.22,-12.56,27.26,-2.87,1.15,-45.72,-21.3,-35.33,2.75
20.16,40.37,27.12,-23.04,-27.78,-27.97,20.33,-7.91,-16.63,-61.3,-31.93,-34.16,1.1
19.88,32.0,15.5,-3.71,-3.68,-5.01,8.04,-4.7,-8.85,-26.98,-19.41,-19.1,-1.5
19.44,29.34,13.09,-2.85,-6.25,-8.47,1.57,-6.64,-10.57,-26.5,-24.32,-25.47,-10.52
19.34,43.24,25.09,-17.2,-18.27,-30.1,7.25,-10.05,6.31,-25.0,-6.96,-26.06,7.29
19.98,46.0,33.64,-10.68,-19.15,-37.52,3.24,-8.4,8.43,-26.29,-9.49,-30.18,4.24
20.24,31.35,16.45,-8.75,-16.87,-25.89,-3.92,-6.31,3.3,-17.13,-13.64,-23.58,-4.29
20.03,28.07,12.44,-8.52,-18.46,-24.69,-7.2,-3.75,5.68,-7.59,-7.66,-15.42,-3.71
20.23,31.79,19.04,-4.62,-16.39,-42.64,-7.86,-8.41,13.23,-0.51,-3.85,-21.58,-12.86
20.38,29.16,18.16,-3.04,-13.49,-30.0,-13.48,-8.06,17.07,8.37,8.19,-16.01,-10.3
20.68,38.65,25.36,-11.18,-22.8,-48.52,-5.73,-17.43,13.21,-6.03,-1.45,-20.45,-7.31
20.62,31.78,18.16,-11.84,-21.58,-37.54,-8.71,-4.6,20.92,1.91,7.49,-16.58,-2.1
20.48,24.31,7.56,-10.83,-18.32,-25.84,-12.78,-10.02,2.13,-4.35,-3.4,-15.26,-10.99
20.44,25.7,9.75,-7.17,-16.69,-27.73,-11.58,-8.86,5.95,3.15,3.42,-7.62,-6.06
20.17,27.2,10.41,-11.22,-16.71,-22.85,-6.71,-6.62,5.67,-3.06,4.38,-10.15,-6.07
20.27,32.1,13.4,-10.92,-10.81,-19.64,-9.22,-22.07,0.58,7.83,11.42,-4.52,8.75
20.44,28.84,4.32,-18.56,-14.58,-36.6,-11.87,-19.46,-2.99,-12.36,8.14,11.72,11.01
20.34,33.47,10.11,-8.38,0.23,-40.2,-7.45,-22.05,5.84,-6.57,-2.63,2.32,-15.39
19.85,48.87,33.02,-15.27,-18.48,-49.38,11.32,-29.22,12.7,-12.17,-2.19,4.53,-9.24
19.67,45.1,23.23,-17.93,-14.09,-37.8,-3.63,-24.21,7.96,-13.46,10.05,-8.82,3.66
19.59,28.63,13.42,-7.01,-14.17,-26.98,-15.55,-17.41,0.38,-1.11,11.39,3.15,10.03
19.74,25.57,10.12,-6.86,-16.44,-26.68,-18.93,-17.9,-4.08,-3.54,5.02,-0.52,3.76
19.64,41.29,24.1,-11.44,-14.61,-33.75,-7.32,-18.23,8.1,-8.96,11.05,-6.2,13.65
19.82,40.47,24.53,-13.24,-21.43,-39.68,-9.47,-19.82,4.45,-15.68,9.67,-6.77,13.78
19.42,29.08,16.68,-3.33,-11.7,-29.78,-23.13,-31.91,-12.38,-9.21,13.31,9.43,17.41
19.82,31.44,21.78,2.85,-9.41,-29.32,-23.78,-28.76,-10.02,-8.96,7.56,0.91,8.11
19.46,46.82,36.11,-3.76,-14.12,-38.06,-3.54,-13.93,9.89,-18.07,4.84,-12.68,12.72
