2.05,-41.56,-19.78,-12.11,-23.46,-11.28,-15.44,-8.07,-13.5,-12.65,-12.25,-5.05,-7.31
2.68,-21.51,-7.31,-3.28,-7.95,8.65,-3.16,-1.32,-3.06,0.02,-8.34,1.61,-1.16
7.28,9.04,-7.92,-21.38,-3.05,13.0,6.29,-5.11,-0.58,-4.89,-2.98,-0.74,-6.58
13.5,45.15,32.39,-37.86,-21.95,11.36,36.35,-22.73,-25.75,-27.34,20.56,-3.21,-5.97
13.05,37.61,14.83,-28.52,-7.58,9.7,29.33,-16.87,-7.99,-21.36,18.56,-7.02,-0.25
13.33,31.42,6.94,-20.94,-10.4,-2.67,17.69,-7.33,0.92,-8.76,14.07,-4.57,-1.0
14.47,40.87,14.96,-25.73,-1.59,0.27,22.56,-23.38,-16.27,-24.41,17.03,-1.22,4.41
14.1,41.4,11.13,-33.45,-4.17,-1.32,23.78,-20.94,-4.42,-14.0,23.25,0.23,6.1
14.55,29.08,8.71,-14.12,-12.04,-11.25,2.34,-9.76,-3.23,-8.5,6.46,-4.0,-1.57
14.44,37.08,12.07,-33.58,-16.84,-7.12,18.78,-32.07,-18.77,-19.86,28.33,1.35,1.61
15.0,28.9,1.43,-30.44,-12.22,-6.28,16.3,-13.72,-5.75,-16.97,11.51,-9.06,-7.02
15.06,28.5,2.84,-18.4,-5.49,-1.6,8.83,-18.89,-10.86,-14.18,12.74,0.05,3.22
15.01,20.9,1.95,-11.77,1.13,4.29,11.15,-13.98,-15.58,-21.09,-0.43,-2.62,2.8
15.02,34.31,3.05,-27.13,-0.38,-0.5,21.79,-13.94,-4.04,-21.83,10.86,-6.43,7.07
15.45,30.42,5.87,-26.14,-10.95,-6.14,13.23,-23.53,-20.62,-33.61,-0.12,-11.28,0.27
15.12,36.5,9.69,-26.92,-7.72,-4.1,17.08,-22.98,-17.11,-31.42,6.08,-10.1,2.8
15.09,31.73,7.9,-28.31,-24.32,-23.57,0.04,-28.94,-24.27,-34.37,-2.5,-15.34,-11.56
15.18,33.93,9.09,-24.16,-11.12,-5.56,15.56,-19.85,-11.79,-22.57,13.57,-0.62,4.41
15.35,32.66,12.8,-17.12,-14.12,-10.67,13.97,-4.08,-3.02,-17.8,6.74,1.93,10.73
15.79,44.19,15.91,-25.15,-7.81,-5.4,18.28,-24.06,-11.63,-23.71,23.77,-1.74,7.89
14.8,38.11,14.38,-29.1,-18.71,-8.53,17.5,-25.74,-21.14,-26.17,21.57,4.02,15.49
15.12,28.5,9.59,-11.0,-8.98,-9.36,0.59,-18.07,-14.92,-19.18,3.29,1.69,6.87
15.1,28.77,9.38,-12.77,-12.76,-13.58,-0.34,-12.18,-4.38,-5.72,13.71,9.57,10.69
15.51,37.03,11.24,-20.92,-8.09,-4.43,15.34,-21.13,-14.91,-28.0,10.72,-0.62,14.4
16.15,20.2,2.63,-8.56,-4.65,-1.33,6.11,-5.92,-9.82,-15.05,-5.22,-3.26,0.59
17.02,26.76,2.43,-27.28,-28.4,-33.66,-20.83,-43.49,-39.73,-47.23,-16.47,-14.55,1.61
16.71,35.4,14.79,-18.77,-15.51,-15.36,4.77,-26.93,-24.04,-30.6,7.21,1.53,10.45
16.85,34.89,17.8,-13.79,-14.21,-12.93,10.01,-11.75,-11.52,-24.09,3.97,0.17,8.46
16.25,46.7,20.73,-29.6,-20.01,-17.49,9.13,-40.31,-20.7,-34.15,16.92,-8.64,4.77
15.61,37.04,12.72,-23.16,-16.93,-17.63,5.33,-21.65,-15.14,-28.13,4.48,-2.12,10.36
15.62,52.75,19.89,-36.23,-8.01,-15.16,16.88,-28.99,-4.1,-24.11,9.34,-15.25,6.48
15.54,26.28,7.38,-14.3,-16.71,-15.49,-0.21,-12.55,-15.43,-28.59,-11.64,-5.31,6.65
16.07,33.32,11.48,-21.72,-21.37,-21.63,0.43,-17.54,-9.58,-16.85,7.44,-4.97,0.12
16.48,43.68,13.85,-28.69,-17.39,-18.13,8.41,-27.16,-3.33,-17.41,21.9,-4.93,10.12
17.41,38.31,19.45,-18.85,-21.26,-24.8,7.11,-11.26,0.94,-14.81,12.77,0.82,17.38
18.14,23.64,3.31,-18.16,-22.83,-28.19,-15.06,-19.25,-6.24,-6.78,9.78,5.07,10.17
18.05,24.88,9.4,-11.89,-17.68,-26.05,-6.31,-2.76,17.8,12.29,21.31,6.48,8.24
17.65,26.9,10.57,-14.56,-25.59,-32.7,-12.97,-14.55,-8.56,-22.88,-13.3,-15.82,-4.88
17.21,37.15,16.4,-18.17,-17.56,-22.97,-2.63,-25.61,-16.56,-26.69,4.92,-2.53,6.32
17.67,30.8,14.84,-8.11,-12.39,-19.74,-8.62,-23.06,-16.18,-18.84,6.41,6.09,12.61
17.63,32.26,16.27,-12.24,-20.97,-25.92,-7.44,-21.54,-21.55,-32.76,-7.63,-5.41,7.94
17.88,37.28,13.25,-27.96,-25.24,-29.71,-4.34,-32.82,-22.38,-34.39,3.39,-6.01,8.19
17.2,33.48,9.29,-25.03,-17.3,-14.93,9.23,-16.14,-7.51,-15.53,16.18,2.32,7.12
17.38,34.4,13.03,-21.08,-13.61,-8.38,18.38,-7.45,-7.26,-26.1,-5.23,-16.67,-4.13
17.38,28.22,7.87,-15.68,-15.27,-14.4,0.34,-13.65,-10.53,-15.15,3.95,-0.3,2.98
17.76,40.57,11.76,-20.82,-2.57,-6.19,10.32,-27.92,-17.42,-28.91,8.89,-4.78,12.4
17.66,29.9,6.2,-20.25,-8.2,-3.73,16.05,-7.48,-6.1,-21.74,-1.02,-8.09,3.62
17.92,40.32,12.0,-33.73,-14.36,-6.32,24.14,-21.5,-12.85,-28.73,13.58,-9.27,5.45
17.28,25.73,3.44,-19.18,-8.73,-3.34,11.05,-14.7,-18.79,-29.94,-4.72,-3.42,9.99
18.16,29.22,9.39,-15.95,-9.89,-5.65,13.9,-10.59,-14.08,-28.32,-0.93,-0.07,13.77
18.31,29.57,4.85,-26.8,-13.07,-6.77,17.15,-14.37,-15.56,-35.07,-4.86,-9.42,9.35
18.07,25.32,3.3,-21.07,-13.76,-3.55,22.2,5.72,-0.76,-21.43,-5.59,-10.45,-2.11
17.96,31.86,7.78,-23.37,-10.29,-6.27,23.3,1.51,6.92,-15.82,7.07,-1.02,15.06
18.1,25.46,6.84,-17.83,-6.76,3.4,29.73,3.9,-4.48,-25.28,1.43,0.97,12.53
17.57,31.28,14.14,-10.57,-2.63,4.21,25.04,-4.12,-11.48,-27.0,3.48,2.73,12.36
17.71,39.76,13.51,-23.07,-10.31,-6.29,20.38,-13.36,-7.24,-25.97,8.43,-6.54,10.61
17.45,26.15,5.51,-17.18,-3.86,2.38,21.49,-5.44,-7.9,-21.78,5.99,4.35,14.21
16.49,24.45,4.29,-9.99,-0.89,4.91,14.06,-5.35,-8.2,-15.02,2.57,2.16,11.11
16.9,56.68,25.6,-53.83,-21.92,1.94,47.44,-40.45,-17.61,-22.68,25.17,-27.14,14.92
16.84,29.75,5.28,-21.57,-9.34,-3.87,18.22,-8.26,-6.43,-22.54,8.0,5.63,23.67
17.05,39.49,13.55,-27.87,-10.06,-5.11,27.76,-10.63,-5.31,-29.35,8.77,-3.86,18.29
17.23,52.38,19.22,-31.21,-3.83,-9.06,28.92,-23.08,-8.82,-33.45,14.19,-9.14,11.85
16.88,36.5,13.13,-20.49,-4.96,1.78,30.54,-0.01,1.88,-17.78,9.61,-3.51,9.88
17.25,32.78,8.18,-20.97,-7.89,-3.72,15.04,-17.52,-15.33,-29.28,2.85,-3.79,11.12
17.48,36.22,9.85,-19.65,9.16,10.33,27.06,-16.41,-5.5,-15.17,21.79,2.09,7.37
17.24,47.73,19.73,-27.73,-7.21,-0.28,32.73,-16.26,-6.79,-23.35,20.83,-6.82,12.81
16.34,22.55,0.78,-17.12,-9.07,-5.59,4.37,-15.54,-17.62,-25.3,-8.63,-8.15,2.15
17.1,43.55,16.9,-27.88,-8.24,-2.76,26.49,-20.23,-12.35,-27.52,15.35,-5.48,9.48
15.97,49.7,14.88,-33.09,-0.01,-9.19,27.12,-15.94,1.1,-25.63,17.17,-4.62,12.6
15.94,40.34,11.77,-25.74,-7.79,-6.09,16.29,-18.81,-4.76,-14.1,21.65,1.29,12.15
16.59,58.93,24.21,-43.3,-6.48,-15.47,26.55,-23.7,-3.12,-22.27,16.75,-18.1,11.4
16.34,35.62,12.78,-14.14,-3.77,0.75,20.15,-5.01,-5.22,-22.31,-0.17,-8.2,5.82
16.54,30.85,8.64,-17.25,-5.49,-0.98,17.43,-9.64,-12.4,-29.89,-9.72,-17.12,-5.25
15.97,39.3,14.36,-27.76,-8.26,1.68,34.48,-8.96,-3.19,-21.92,17.19,-3.58,9.05
16.65,29.08,6.3,-18.75,0.49,7.93,23.66,-14.5,-15.98,-25.78,5.97,-6.29,-0.59
17.31,33.06,-1.47,-40.19,-14.9,-8.08,17.86,-31.57,-20.88,-37.02,9.61,-17.04,-3.37
19.4,31.45,1.33,-39.1,3.61,15.54,40.92,-27.33,-13.4,-23.29,33.81,-0.85,8.46
19.13,19.68,-8.25,-28.08,-4.1,3.68,14.56,-25.45,-21.72,-26.59,11.36,-0.31,7.94
18.39,36.53,-0.19,-40.74,0.56,-5.63,22.07,-32.75,-11.81,-26.98,22.59,-1.08,12.28
19.45,31.94,0.58,-30.63,1.12,4.45,20.29,-34.78,-19.4,-28.47,22.85,-1.27,12.47
18.65,40.75,-7.82,-43.12,15.9,-25.78,35.08,-35.69,-3.84,-19.69,11.94,16.06,17.2
18.75,21.7,-4.41,-23.29,2.04,10.29,21.35,-17.84,-13.28,-16.53,22.03,10.71,16.62
18.0,31.14,5.8,-25.08,-3.04,2.54,20.37,-22.07,-14.56,-19.1,23.69,6.94,8.89
17.78,32.52,-0.61,-39.7,-12.91,-14.15,9.46,-36.27,-22.52,-33.25,14.03,-1.65,11.84
17.99,43.12,10.76,-38.21,-5.79,0.73,30.56,-31.02,-13.96,-23.85,33.38,6.66,23.08
17.77,26.87,4.4,-17.36,-7.93,-5.91,3.34,-21.25,-14.49,-12.5,15.26,4.97,3.06
17.6,29.99,5.32,-23.24,-1.21,1.74,17.64,-24.64,-20.84,-29.77,9.35,0.14,10.22
17.38,28.11,2.57,-27.52,-12.25,-5.32,15.38,-17.28,-14.21,-23.66,10.89,1.67,9.71
18.0,54.52,3.91,-56.7,11.56,-10.95,44.75,-41.11,-7.43,-32.86,20.63,-12.54,7.11
17.74,43.17,5.54,-52.57,6.15,4.7,29.61,-45.81,-16.11,-36.69,23.09,-12.37,4.84
17.34,26.22,3.45,-16.46,5.65,8.77,20.55,-13.33,-10.16,-18.35,12.73,7.87,18.21
17.41,31.7,12.17,-17.05,-6.54,1.48,22.63,-10.35,-14.17,-24.32,9.75,4.36,10.62
17.51,26.99,4.07,-20.02,2.49,10.21,26.55,-13.25,-14.07,-25.5,7.66,-1.93,7.49
17.07,31.01,4.24,-23.86,-2.45,2.05,19.96,-15.89,-11.63,-24.09,10.03,-0.29,13.66
17.22,37.27,12.19,-24.87,-5.6,0.51,23.68,-20.62,-17.36,-33.12,7.64,-5.38,12.8
17.09,29.74,5.81,-13.93,2.05,4.59,13.07,-17.72,-11.71,-13.65,19.57,10.37,16.36
16.8,33.02,7.7,-26.52,-5.78,1.18,22.6,-21.18,-15.89,-26.48,14.02,-2.28,6.98
16.18,46.93,9.54,-37.69,-2.93,-7.9,29.56,-18.59,3.02,-19.42,22.67,-7.67,10.82
17.38,26.77,4.14,-18.55,-2.85,0.34,10.61,-24.43,-24.94,-30.13,2.51,-0.19,10.17
17.04,36.17,11.62,-21.94,-2.13,2.66,20.9,-22.41,-19.49,-32.01,4.86,-7.23,5.98
16.78,31.53,12.4,-12.79,-4.1,1.82,17.3,-14.37,-16.53,-22.68,8.43,0.17,2.79
17.25,56.12,18.47,-39.67,-1.76,-8.63,31.48,-39.18,-20.72,-39.11,13.23,-20.89,7.79
17.01,25.3,7.01,-7.29,-0.67,-3.08,-2.25,-23.8,-20.37,-16.14,6.31,4.99,7.65
17.79,28.23,11.16,-6.0,-3.19,-1.64,5.69,-15.76,-22.75,-28.66,-6.59,-1.33,6.7
17.14,23.11,3.96,-13.86,-9.21,-8.9,-1.9,-23.01,-22.98,-23.96,-0.53,-1.04,2.95
16.74,42.85,15.6,-27.93,-0.88,3.54,27.13,-28.96,-19.14,-31.3,15.17,-10.56,6.34
16.17,36.61,12.65,-19.29,-1.4,5.23,25.84,-12.22,-10.24,-25.81,6.09,-7.9,3.48
16.68,50.29,21.9,-34.36,-5.53,5.49,38.91,-30.86,-22.2,-39.31,15.25,-14.74,9.66
17.05,29.5,11.07,-4.68,4.96,8.17,16.04,-7.6,-13.06,-23.58,-9.53,-12.83,-3.3
17.25,48.55,14.93,-25.25,3.29,-2.66,23.47,-24.77,-10.07,-28.58,12.0,-11.48,11.6
16.7,27.72,12.49,-1.18,-0.92,1.44,9.82,-4.27,-11.0,-18.76,-5.63,-1.02,7.3
16.69,25.9,11.06,-4.26,-8.63,-9.59,1.33,-5.27,-7.11,-13.04,1.86,11.22,22.71
16.66,29.6,13.09,-4.27,-5.7,-6.88,3.77,-6.59,-7.37,-16.75,-7.37,-10.14,-4.76
16.54,56.96,27.43,-34.56,-7.79,-3.95,37.31,-29.28,-17.96,-26.06,27.02,-8.11,11.18
16.18,38.67,12.75,-21.34,-8.96,-13.79,8.76,-16.84,-8.12,-23.55,1.73,-9.43,5.4
16.47,32.88,12.43,-19.5,-20.07,-19.21,3.49,-13.04,-9.61,-21.28,2.49,-1.35,12.51
15.6,30.54,10.31,-12.43,-6.43,-4.38,10.77,-6.67,-4.63,-12.6,5.99,0.49,6.58
15.93,38.06,16.78,-18.65,-13.37,-9.24,18.15,-6.4,-4.92,-24.22,6.39,-0.1,15.66
16.71,57.02,21.32,-41.64,-5.47,-4.13,40.03,-17.15,3.93,-24.5,31.38,-7.58,21.42
16.63,29.71,9.45,-12.8,-5.83,1.25,20.71,3.03,2.43,-10.37,8.74,4.86,15.56
16.74,48.72,6.63,-30.99,14.09,-20.52,40.84,-11.75,10.92,-21.14,-2.37,-6.91,6.43
16.75,26.08,7.07,-11.97,-11.93,-9.38,7.84,1.61,4.27,-8.62,-2.18,-7.88,3.03
16.74,36.77,14.61,-19.25,-9.18,-3.98,23.45,-6.68,-7.57,-29.63,-0.08,-6.32,11.61
16.74,38.55,21.27,-22.04,-17.59,-7.97,33.7,2.43,-2.73,-31.71,0.22,-9.36,12.62
16.4,32.89,10.44,-17.82,-6.44,-1.91,22.15,-2.38,-3.73,-24.58,-4.14,-9.94,8.66
16.16,29.33,2.43,-23.21,-10.32,-4.11,13.84,-13.1,-12.02,-27.86,-5.53,-14.57,2.66
16.98,31.34,3.88,-27.53,-3.33,1.91,22.45,-17.52,-17.24,-39.86,-9.18,-17.48,5.58
16.69,45.95,14.32,-39.92,-6.79,7.86,40.42,-28.45,-15.62,-30.75,25.56,-13.05,7.29
17.39,23.09,-2.68,-30.33,-15.17,-6.87,13.13,-17.9,-17.8,-27.21,5.12,-1.15,6.45
17.69,21.89,-2.79,-16.71,-4.68,2.84,9.78,-10.06,-9.91,-13.31,2.23,-5.55,-3.12
17.37,34.08,4.98,-31.71,-8.52,-4.18,21.1,-18.23,-10.76,-26.51,11.9,-2.21,11.73
17.02,34.06,7.09,-31.32,-21.49,-16.32,15.14,-7.7,3.47,-12.4,16.7,-0.85,7.66
16.75,45.47,8.63,-43.47,-13.21,-16.32,20.9,-28.51,-7.94,-30.01,10.28,-21.59,-3.98
17.22,33.04,4.83,-32.98,-21.94,-14.16,16.46,-10.49,-4.06,-22.54,7.18,-7.8,9.33
17.62,47.55,13.09,-41.83,-14.28,-12.57,22.9,-32.28,-13.83,-30.93,15.89,-18.24,-2.39
17.34,31.4,2.67,-30.27,-14.82,-12.09,11.04,-19.46,-12.94,-29.0,2.08,-6.71,12.26
16.57,25.87,1.62,-21.76,-11.65,-6.89,11.42,-6.47,-4.41,-17.4,-3.31,-11.32,-1.63
17.0,50.38,15.28,-45.02,-13.71,-8.47,36.56,-24.03,-6.98,-29.66,17.06,-17.61,5.61
17.24,42.75,13.26,-32.83,-11.36,-4.77,26.98,-16.8,-3.66,-18.39,22.69,-0.68,13.88
17.39,26.26,3.11,-18.61,-9.59,-1.59,17.96,0.52,-0.37,-15.91,-2.1,-9.7,2.3
17.32,36.35,12.43,-24.27,-16.05,-13.23,18.75,-5.1,-2.13,-27.48,-1.84,-11.33,8.34
16.18,40.37,10.6,-37.77,-9.11,-4.98,23.12,-20.29,-5.89,-30.54,-3.15,-25.34,-5.68
18.25,52.3,13.72,-55.3,-11.64,-2.41,52.5,-28.78,-7.34,-43.79,13.62,-22.38,13.29
18.39,31.55,-1.35,-40.63,-19.24,-10.74,22.86,-17.37,-12.23,-42.95,-5.88,-20.96,8.15
19.21,40.46,-6.83,-51.1,1.4,-30.33,44.17,-16.96,6.53,-30.92,-0.47,-0.9,23.04
19.2,30.76,-3.91,-43.0,-10.55,-6.14,35.94,-4.97,3.39,-33.49,1.34,-16.28,11.17
19.25,26.97,-3.32,-44.14,-21.81,-9.13,32.09,-1.52,1.4,-30.52,0.38,-14.93,8.53
19.05,37.09,-2.37,-53.74,-21.76,-22.03,28.98,-11.05,9.42,-19.05,18.87,-8.71,15.59
19.35,34.51,0.64,-46.76,-19.3,-9.5,31.61,-9.57,1.01,-28.59,8.41,-14.39,11.42
19.0,37.0,14.45,-38.31,-19.16,1.53,51.24,-0.19,-4.29,-30.68,11.51,-14.34,2.37
19.51,37.0,3.69,-41.83,-15.59,-10.34,28.04,-12.73,-2.5,-29.94,6.6,-13.76,8.29
19.6,30.07,3.99,-30.02,-17.22,-10.03,17.22,-8.54,-0.64,-13.54,17.1,4.91,13.94
19.84,42.99,6.35,-54.8,-27.99,-16.64,29.77,-25.04,-6.58,-28.69,18.09,-23.04,-9.66
19.32,27.03,0.45,-25.46,-11.68,-6.27,16.47,-4.5,3.02,-9.25,13.21,2.02,11.72
20.08,29.19,0.41,-33.78,-21.54,-18.49,9.55,-10.56,-0.05,-16.66,4.51,-9.08,4.57
20.43,59.57,8.02,-66.39,-7.11,-21.15,54.1,-46.79,-4.05,-37.03,15.62,-11.78,29.41
20.67,46.68,3.63,-54.81,-8.48,-19.15,38.84,-24.02,-1.27,-38.5,13.64,-10.88,22.7
20.92,12.62,-18.07,-44.15,-28.53,-15.43,12.54,-6.5,-1.4,-14.1,15.2,13.13,31.62
20.65,26.99,-2.79,-30.31,-4.76,-1.65,24.23,-5.31,-0.64,-22.59,0.61,-7.6,11.35
21.35,33.05,-2.04,-45.85,-12.25,-8.41,32.99,-5.97,8.9,-17.89,20.46,3.14,26.69
21.02,22.98,-6.55,-35.37,-6.72,2.82,26.73,-10.44,-5.9,-25.11,2.76,-12.06,3.22
21.02,24.41,-10.18,-40.86,-12.91,-4.41,25.28,-5.56,8.13,-8.28,25.96,8.68,24.17
20.84,30.58,-1.42,-42.65,-14.98,-6.27,26.13,-18.6,-11.03,-31.46,11.54,-3.92,16.91
20.6,44.01,4.01,-49.64,-11.64,-6.81,35.28,-25.71,-8.49,-42.41,12.04,-16.98,17.69
20.55,23.61,-5.75,-36.75,-20.15,-14.39,7.73,-20.96,-15.5,-26.59,2.8,-7.99,1.59
20.53,33.48,-0.82,-41.56,-17.88,-9.07,24.45,-15.37,-3.49,-25.15,14.46,-6.35,16.64
20.42,25.91,-1.81,-30.52,-12.4,-6.69,13.72,-14.16,-4.55,-11.15,17.59,3.31,7.72
20.48,20.34,-5.74,-23.11,-11.67,-5.11,6.23,-12.09,-8.97,-15.19,2.04,-5.59,1.42
20.59,42.82,-0.7,-47.21,-2.02,-19.87,29.09,-23.76,-2.0,-31.77,9.65,-10.01,11.95
20.67,46.84,6.25,-53.02,-12.04,-15.32,34.96,-19.02,5.58,-29.9,15.89,-13.65,13.92
20.71,22.32,-4.93,-32.63,-19.6,-11.49,12.77,-7.0,-3.89,-19.12,-0.85,-11.23,-1.79
20.57,36.69,6.15,-40.72,-17.3,-3.45,36.7,-6.44,4.01,-16.74,21.34,-9.41,3.14
20.47,26.08,-0.58,-34.03,-22.55,-12.72,21.48,2.08,4.68,-15.74,8.96,-2.61,6.07
20.58,42.12,2.56,-52.34,-12.8,-12.6,31.65,-28.98,-12.17,-37.78,17.94,-10.57,12.42
20.46,25.93,1.05,-29.92,-13.99,-3.87,22.62,-8.01,-4.5,-15.11,19.97,6.58,8.49
20.96,36.97,1.18,-43.75,-21.27,-17.59,22.03,-9.56,10.9,-12.94,23.01,-1.53,17.3
20.56,24.03,-0.61,-26.06,-18.94,-13.53,6.06,-9.66,-5.86,-15.09,3.97,-2.44,4.65
21.0,33.18,0.38,-37.66,-17.41,-16.69,18.63,-6.86,7.07,-15.72,10.2,-10.65,2.87
20.72,31.83,3.52,-36.85,-18.49,-7.31,30.83,-2.01,1.3,-25.54,4.11,-14.66,3.92
20.59,32.22,-0.57,-38.95,-15.67,-8.66,26.86,-9.43,0.79,-26.44,12.49,-3.23,22.9
20.08,29.4,1.54,-29.94,-9.61,-5.49,23.51,-7.13,-4.09,-24.83,6.0,1.3,21.83
20.49,33.96,4.64,-45.73,-32.11,-22.05,18.59,-18.87,-10.9,-29.56,13.68,-6.51,9.03
20.23,32.07,0.86,-36.97,-15.11,-12.4,19.34,-13.31,-2.61,-20.54,12.77,-2.87,11.69
20.15,22.63,-5.05,-33.39,-22.84,-11.43,17.01,1.97,7.53,-6.28,13.64,1.31,9.14
20.36,33.05,4.29,-41.05,-29.57,-22.42,15.5,-16.48,-10.37,-30.61,9.65,-6.37,4.42
20.07,48.55,9.0,-64.11,-27.14,-13.11,37.16,-38.1,-11.43,-34.31,23.76,-19.28,11.17
19.91,42.82,3.05,-51.11,-16.41,-19.81,30.54,-16.05,4.64,-27.64,16.72,-6.32,20.24
20.25,26.89,0.46,-33.54,-27.4,-22.1,10.47,-6.9,-2.38,-26.56,-3.88,-10.52,13.27
19.95,23.47,-7.11,-41.89,-26.89,-18.44,10.52,-13.06,-4.47,-19.56,4.83,-9.4,2.13
20.35,50.15,3.96,-72.09,-28.82,-21.38,46.82,-23.95,13.21,-15.11,36.29,-7.45,17.78
20.18,41.53,9.38,-52.53,-34.97,-21.05,27.96,-22.67,-10.71,-33.89,16.85,-14.88,8.24
20.15,24.12,-3.8,-36.26,-27.35,-19.69,9.93,-9.77,-7.22,-24.87,1.57,-5.88,5.34
20.01,46.17,3.24,-51.28,-11.08,-24.85,31.6,-13.53,14.02,-20.55,18.02,-8.9,23.57
20.01,26.09,0.59,-28.51,-19.09,-12.3,14.47,-5.74,-5.78,-26.31,-5.1,-10.73,4.91
19.79,31.19,6.35,-27.88,-13.44,-5.11,24.01,-7.28,-6.3,-26.52,4.39,-4.64,11.92
19.55,36.01,2.55,-32.69,-4.15,-3.92,24.23,-16.87,-7.4,-27.8,8.32,-11.31,2.88
18.9,31.46,5.06,-30.07,-13.9,-4.81,26.69,-4.15,-0.91,-15.95,20.15,6.92,14.34
19.08,36.48,7.72,-39.43,-21.32,-12.91,25.64,-15.83,-13.74,-37.65,2.49,-14.46,2.56
19.25,41.38,11.17,-40.41,-18.23,-5.59,36.6,-11.27,-2.3,-25.31,18.31,-9.89,11.41
19.16,51.58,15.52,-44.91,-12.1,-10.64,46.05,-5.98,14.23,-23.33,16.8,-19.01,11.69
18.91,32.34,5.79,-28.65,-10.47,-1.9,25.27,-9.31,-7.45,-27.88,1.96,-9.98,7.54
18.91,40.39,6.51,-39.48,-10.31,-13.3,25.4,-17.85,-8.24,-38.51,-2.35,-21.25,-0.3
18.79,30.88,4.06,-27.08,-11.07,-5.32,17.52,-10.99,-4.86,-18.73,7.48,-3.83,8.09
18.63,44.52,9.65,-38.14,-7.53,-11.02,31.01,-7.99,14.75,-5.97,32.5,5.06,17.82
18.96,38.83,9.48,-37.94,-18.03,-7.16,28.91,-17.11,-9.57,-28.61,13.35,-10.85,5.37
18.41,32.7,3.24,-41.2,-27.83,-19.64,16.56,-18.83,-13.79,-32.3,8.71,-6.82,11.65
18.48,32.33,3.62,-36.64,-20.3,-12.54,19.4,-13.72,-3.28,-17.44,17.8,-1.79,9.29
18.35,28.8,-0.16,-40.23,-25.6,-14.95,17.79,-13.31,-5.7,-18.89,16.21,-1.32,7.94
18.87,41.48,2.26,-49.1,-8.09,-2.68,38.92,-13.53,9.67,-13.85,30.57,-1.41,18.79
18.05,43.81,2.55,-60.41,-23.1,-8.33,38.9,-26.09,-1.2,-23.17,28.45,-21.68,-1.41
17.76,21.59,-2.5,-25.53,-14.53,-7.25,12.55,-5.94,-3.95,-13.31,7.04,-0.07,3.68
18.78,47.91,10.24,-47.49,-14.34,-24.26,26.57,-22.23,2.51,-34.72,10.63,-17.36,11.73
18.41,30.56,8.95,-21.4,-16.86,-15.87,10.62,-6.33,-1.91,-20.66,1.39,-3.55,12.78
17.63,30.21,5.8,-22.42,-8.59,-3.0,20.55,-9.77,-10.78,-32.31,-2.54,-5.62,16.67
17.11,34.18,9.38,-25.48,-10.23,-4.08,28.0,-1.54,1.29,-22.94,8.15,1.13,19.88
16.83,31.69,6.4,-24.4,-11.91,-3.1,25.03,1.92,4.94,-14.96,11.28,2.11,17.89
17.03,31.28,4.83,-27.01,-7.9,-1.84,21.48,-12.05,-7.34,-23.91,6.57,-3.97,10.81
17.77,37.88,6.29,-30.24,-4.82,-2.82,28.91,-8.76,2.03,-25.74,5.94,-12.65,10.09
17.58,42.42,13.16,-34.11,-14.31,-7.57,29.0,-11.03,0.22,-23.71,15.09,-6.0,13.0
17.81,31.25,9.23,-20.35,-12.85,-5.06,21.9,1.59,2.72,-14.42,9.1,0.81,9.06
17.9,35.35,13.81,-20.28,-9.78,-2.23,29.01,0.4,-0.35,-22.63,7.35,-1.51,14.05
17.75,49.64,12.61,-48.5,-17.23,-18.39,33.96,-16.06,1.82,-24.05,32.41,-0.57,23.4
17.42,52.55,20.74,-41.3,-15.62,-0.15,35.63,-30.85,-6.91,-17.86,28.89,-13.03,10.97
17.34,42.68,12.07,-27.92,0.01,-9.14,28.88,-10.5,-3.5,-36.44,3.73,-6.87,19.94
16.68,30.31,11.07,-9.42,-4.06,0.19,14.19,-2.74,-3.46,-12.5,3.29,-2.37,2.92
17.24,48.78,16.46,-36.9,-6.73,-0.92,36.21,-20.09,-5.14,-27.04,18.15,-11.47,11.89
17.14,35.62,14.12,-14.96,-6.48,-1.63,18.36,-5.9,-2.39,-13.64,11.07,-2.21,1.99
16.23,41.11,16.82,-25.57,-11.49,-3.28,26.37,-13.93,-6.49,-21.25,18.04,1.02,11.98
16.77,57.7,27.46,-39.88,-8.21,1.15,41.57,-25.81,-14.66,-30.61,21.57,-26.83,4.73
16.91,47.36,17.23,-25.35,-4.19,-2.73,22.34,-26.39,-8.64,-20.46,25.3,-3.59,11.11
16.96,28.07,7.6,-11.9,-5.01,-2.62,8.73,-8.74,-8.21,-14.78,2.41,1.97,13.79
16.74,27.24,7.13,-7.45,-4.37,0.95,10.54,0.18,-2.51,-9.25,-0.19,0.62,8.44
16.92,29.82,10.65,-11.94,-2.89,4.4,25.83,3.94,-1.37,-18.89,0.24,-3.01,8.82
16.8,33.13,13.48,-11.75,-5.6,0.63,22.06,2.59,0.72,-13.75,4.46,-3.35,5.38
16.54,47.92,21.97,-33.66,-17.66,-1.11,32.54,-18.65,-6.92,-18.66,28.62,-2.36,19.53
16.86,35.18,13.41,-12.88,-3.73,-0.44,14.86,-12.31,-7.51,-12.49,17.94,8.2,14.38
16.97,51.81,25.47,-29.13,-10.47,-1.75,32.31,-19.65,-3.41,-14.13,31.49,0.01,12.53
17.21,35.32,12.31,-17.71,-11.69,-8.17,13.8,-8.81,-4.08,-14.64,13.27,4.78,14.41
17.49,34.18,17.41,-8.43,-10.29,-9.74,14.28,3.83,4.72,-13.69,1.98,-0.29,12.81
17.4,28.46,8.88,-9.95,-3.21,2.91,21.77,8.18,6.11,-11.76,-0.87,-5.47,8.27
18.36,42.9,14.11,-24.48,0.96,1.79,34.84,-2.67,8.6,-15.07,18.58,1.95,21.35
18.6,49.74,27.52,-32.94,-10.69,4.88,49.17,-7.07,1.78,-16.95,26.53,-6.76,15.1
18.9,39.89,23.87,-10.0,-8.82,-2.86,30.46,6.7,-0.36,-25.84,0.65,-4.64,12.5
18.99,27.81,11.4,-2.85,-0.98,1.75,13.46,3.33,-1.31,-15.55,-11.35,-14.96,-6.45
18.87,38.79,18.18,-14.68,-7.18,-2.87,23.53,-2.98,-4.71,-29.17,-5.21,-14.94,-0.16
18.34,25.45,8.69,-5.64,-1.65,6.0,22.15,11.77,3.21,-13.82,-7.1,-5.27,5.73
18.61,40.84,19.05,-20.5,-7.05,1.2,34.52,-7.66,-12.89,-42.17,-7.56,-21.2,-2.08
19.86,27.26,6.19,-8.76,2.98,4.97,13.27,-10.8,-16.72,-31.68,-21.18,-28.62,-24.86
18.41,34.74,15.94,-12.1,-6.14,-0.55,26.59,5.21,2.74,-20.07,-0.49,-3.76,13.57
18.86,46.25,23.25,-22.52,-2.64,4.8,41.63,-4.32,-3.97,-32.83,3.79,-16.84,2.92
18.88,28.18,10.26,-13.05,-7.27,-0.58,20.48,-4.88,-18.79,-43.52,-23.05,-20.45,-4.62
19.13,31.63,13.1,-14.58,-2.88,6.05,29.15,-2.18,-12.9,-35.7,-12.65,-16.23,-0.99
19.34,48.02,16.09,-28.75,8.87,8.64,45.79,-8.41,-0.97,-37.88,-1.61,-25.03,9.73
19.3,31.32,11.13,-15.73,-0.93,11.35,34.53,-1.88,-13.19,-37.11,-12.05,-19.73,-5.12
19.61,26.66,9.28,-5.41,2.03,7.49,18.51,0.0,-7.55,-20.92,-10.27,-12.79,-5.91
18.09,42.11,16.0,-23.83,5.74,14.85,45.13,-6.9,-8.03,-37.06,-0.3,-18.43,4.97
18.42,29.24,8.82,-8.77,11.53,20.24,35.42,4.48,-4.9,-26.65,-9.43,-15.12,-1.12
18.62,26.28,11.42,-1.06,8.23,14.57,24.56,-2.4,-19.47,-40.37,-24.87,-15.67,6.72
19.14,29.59,11.24,-9.14,3.57,10.38,28.06,-0.33,-9.68,-29.86,-8.35,-9.19,5.01
18.34,33.64,8.11,-18.58,-0.02,5.33,25.18,-12.54,-12.98,-31.58,3.91,-3.24,15.62
18.47,55.03,18.9,-49.35,-2.82,9.93,54.51,-31.4,-6.04,-31.46,16.38,-17.52,22.33
18.38,29.94,7.59,-17.29,-3.71,6.02,27.46,-0.49,-4.35,-21.73,2.77,-2.26,11.39
17.8,41.2,12.26,-28.93,-2.13,2.34,35.08,-9.22,-3.99,-35.23,-0.75,-17.41,10.33
17.66,42.75,8.19,-34.92,-1.52,-3.65,31.15,-19.8,-8.19,-35.1,10.75,-10.05,15.01
17.76,32.74,9.69,-20.15,-0.76,3.72,30.08,-6.27,-9.91,-36.56,-5.06,-6.59,17.59
17.58,20.46,0.87,-10.79,-0.15,7.26,15.13,-7.04,-15.74,-24.4,-5.66,-1.59,6.88
18.43,44.28,17.98,-29.2,-7.09,4.41,41.48,-9.35,-8.63,-36.6,4.03,-18.04,6.21
17.65,34.52,15.38,-19.32,-15.94,-9.49,24.42,2.3,-1.93,-26.33,1.78,-2.21,15.42
17.72,47.17,19.97,-25.51,-6.14,-3.53,31.9,-12.04,-6.57,-32.79,7.15,-11.17,7.21
17.49,29.61,11.01,-15.03,-7.74,2.08,28.86,7.64,-1.39,-25.64,-7.96,-11.41,3.46
17.46,31.82,7.56,-26.31,-18.64,-16.67,11.68,-11.69,-12.57,-41.47,-22.39,-29.04,-6.09
17.42,27.45,2.06,-23.26,-5.44,5.17,25.11,-7.96,-11.87,-29.89,-3.76,-13.61,0.41
17.16,34.33,12.74,-25.48,-13.74,2.53,37.25,-2.63,-10.44,-29.41,8.73,-4.37,8.71
17.29,33.33,9.12,-18.57,-4.46,1.41,26.7,1.14,2.07,-20.93,2.0,-6.0,14.01
16.96,26.33,4.33,-22.79,-13.28,-6.62,18.64,-4.2,-8.82,-30.07,-6.83,-7.29,10.27
16.8,30.02,6.79,-19.09,-7.38,-1.89,18.13,-7.92,-9.92,-25.9,0.02,-2.16,12.85
17.5,41.41,13.78,-33.18,-9.95,-1.45,37.27,-13.27,-9.95,-41.12,1.68,-14.21,15.89
17.48,34.1,13.8,-20.53,-11.52,-3.02,29.08,0.26,-4.74,-27.09,3.16,-4.89,5.04
17.92,32.76,10.27,-19.0,-7.43,-1.82,23.44,-2.85,-3.87,-23.88,0.47,-5.2,10.31
17.48,42.7,16.32,-32.16,-14.75,-7.58,32.44,-7.78,-0.84,-25.45,11.78,-7.12,13.43
17.11,42.26,13.05,-31.82,-10.72,-7.15,27.87,-11.18,1.63,-19.88,18.11,-1.0,20.5
17.32,48.25,17.27,-36.29,-9.98,-9.93,32.99,-10.85,6.79,-28.2,9.79,-12.67,14.83
17.36,43.68,13.05,-30.05,-3.39,-2.39,30.73,-14.1,-5.28,-33.41,4.63,-13.05,12.03
17.11,52.45,19.69,-45.82,-4.87,-1.7,34.11,-26.95,-7.48,-39.62,4.1,-20.78,14.15
18.1,39.67,20.52,-17.86,-19.14,-15.1,16.06,-9.9,-8.71,-25.6,5.86,-6.03,4.32
18.07,28.19,6.45,-20.21,-17.78,-13.68,4.83,-15.2,-18.7,-31.08,-8.3,-9.23,0.57
17.9,27.75,4.06,-25.85,-18.44,-13.21,8.23,-15.87,-12.36,-19.85,11.83,7.1,13.23
17.81,30.78,3.97,-23.13,-11.75,-8.55,7.71,-19.32,-11.83,-17.95,12.91,0.84,8.07
17.91,26.42,4.51,-18.9,-15.14,-14.09,-0.62,-17.91,-14.99,-21.07,-0.57,-4.03,1.71
17.66,24.41,4.91,-15.09,-17.17,-18.55,-8.81,-21.27,-19.55,-22.42,-3.96,-1.49,6.69
17.88,40.23,13.03,-20.28,-1.33,-14.36,3.95,-33.98,-20.32,-29.45,13.12,5.98,19.52
17.75,24.09,6.4,-10.14,-14.86,-16.89,-9.29,-16.48,-14.07,-14.59,-1.2,-1.21,1.34
18.15,53.27,17.5,-33.18,-4.11,-26.39,17.07,-31.43,-11.56,-42.01,-3.09,-16.74,12.52
17.77,41.18,13.35,-24.81,-10.65,-16.47,9.46,-22.03,-11.38,-28.99,2.38,-10.28,7.12
17.79,29.24,9.06,-15.15,-13.95,-13.3,2.32,-14.31,-15.07,-25.42,-5.21,-5.49,5.46
17.31,27.58,4.04,-15.17,-6.83,-1.83,9.41,-12.05,-14.24,-24.53,-5.43,-7.62,5.14
16.83,48.02,11.6,-35.87,-1.84,-16.12,26.64,-18.48,-2.44,-31.88,9.65,-4.89,24.49
17.4,26.33,7.66,-13.31,-13.12,-9.07,11.37,1.36,-3.18,-20.77,-9.13,-8.03,5.44
17.6,51.64,23.19,-39.52,-18.95,-2.13,38.75,-25.53,-12.21,-31.6,25.13,-7.66,17.79
17.5,49.67,23.05,-45.3,-18.28,-1.49,34.35,-37.47,-21.96,-25.33,33.45,-3.86,16.49
17.97,29.51,7.2,-20.32,-15.37,-13.72,1.14,-23.71,-20.99,-24.44,5.06,-1.33,1.49
17.92,46.5,18.73,-27.96,-15.39,-14.52,19.89,-17.72,-6.78,-32.58,7.67,-12.6,11.62
17.24,30.44,9.38,-17.16,-13.39,-9.67,13.34,-0.66,1.93,-11.76,6.26,0.97,11.64
17.31,29.38,4.92,-18.64,-12.54,-10.33,1.82,-16.68,-8.64,-11.79,8.27,-2.98,1.85
17.73,51.55,11.18,-41.18,-2.92,-18.16,29.4,-23.89,-1.14,-29.22,12.56,-14.82,1.15
18.25,39.15,11.39,-27.87,-7.94,-0.0,25.52,-17.5,-9.67,-24.24,12.47,-11.52,0.35
17.84,54.14,6.71,-50.28,1.08,-19.74,27.03,-39.3,-7.98,-36.81,9.41,-25.86,1.98
17.95,43.59,10.19,-36.95,-9.02,-6.27,30.94,-13.8,2.24,-20.83,20.49,-4.8,16.82
18.01,26.31,3.3,-24.46,-11.86,-3.38,19.57,-9.94,-14.07,-30.52,-2.1,-6.3,7.78
18.36,29.02,0.19,-38.08,-18.92,-7.34,22.6,-15.94,-12.25,-29.68,8.93,-4.12,14.07
18.63,49.97,5.06,-51.87,-1.3,-12.04,37.3,-27.04,-2.48,-37.23,14.78,-18.04,14.19
19.07,28.52,0.52,-36.81,-22.1,-13.17,20.27,-11.68,-10.8,-38.83,-9.02,-20.21,2.84
18.65,25.54,-0.88,-32.8,-17.9,-10.5,18.32,-9.58,-11.64,-39.46,-18.05,-25.1,-1.68
17.74,35.67,8.73,-31.39,-11.71,-6.47,27.66,-6.3,-0.29,-24.51,7.02,-5.08,15.6
17.92,23.31,-0.54,-23.68,-11.12,-2.93,19.2,0.46,-0.37,-17.31,-1.96,-9.79,-0.96
17.73,31.3,11.56,-30.78,-28.74,-21.46,22.03,0.5,-3.23,-33.95,-6.34,-13.14,7.22
17.46,51.02,11.75,-45.05,-9.57,-22.27,35.78,-14.1,5.95,-37.76,5.73,-18.71,14.27
17.34,52.31,8.96,-48.7,-12.67,-5.93,40.26,-25.4,-1.65,-41.4,7.8,-34.05,0.39
17.41,27.84,6.84,-20.36,-18.1,-12.78,11.73,-3.71,-6.63,-25.88,-8.88,-10.75,2.95
17.19,46.5,6.91,-44.05,-10.15,-13.47,29.79,-18.69,4.87,-24.59,13.96,-19.38,1.81
16.92,38.01,5.03,-37.85,-13.78,-13.41,17.44,-23.95,-11.25,-31.01,4.96,-12.14,9.28
17.22,29.51,4.07,-27.45,-20.67,-15.53,9.91,-10.25,-7.41,-23.97,-0.24,-7.88,5.75
16.95,26.22,3.47,-21.78,-11.07,-3.11,17.76,-7.75,-13.01,-30.52,-9.41,-12.57,3.39
16.92,50.03,9.86,-46.14,-5.54,-0.02,40.75,-30.12,-11.55,-36.37,19.79,-12.77,23.84
16.54,54.45,10.85,-52.0,3.74,3.86,30.96,-43.0,0.73,-30.39,13.09,-9.94,29.32
16.63,51.57,13.48,-49.47,-1.13,8.24,43.65,-32.81,-2.81,-26.66,26.85,-15.18,6.77
16.64,34.16,7.85,-32.7,-12.77,-0.54,32.99,-10.84,-11.79,-36.73,0.15,-16.88,2.22
16.37,39.58,9.46,-35.93,-8.67,-1.74,31.26,-21.59,-13.75,-42.07,1.78,-13.75,15.5
16.65,23.66,1.23,-22.14,-7.78,-0.24,20.74,-5.31,-8.08,-25.37,-0.76,-3.04,11.43
16.66,36.31,4.85,-35.21,-10.33,-1.73,31.55,-16.9,-13.63,-43.66,-3.36,-20.95,8.93
15.88,29.9,2.35,-28.22,-8.17,-3.06,16.83,-18.05,-12.91,-25.57,6.97,-2.65,11.94
15.95,24.91,-3.07,-32.87,-10.19,0.8,25.68,-11.33,-12.29,-32.8,-4.8,-14.16,7.09
17.0,24.14,-4.85,-35.8,-6.03,4.13,26.32,-19.93,-16.08,-30.57,9.61,-3.46,14.46
16.54,45.61,0.32,-59.63,-4.57,-6.53,43.0,-24.41,2.73,-25.12,24.37,-11.16,13.8
15.98,47.24,10.02,-46.17,-7.43,-5.97,34.16,-30.09,-11.67,-37.58,11.71,-14.74,7.61
16.19,36.2,5.8,-39.53,-15.51,-3.97,29.13,-19.43,-9.5,-25.84,19.23,-2.64,16.47
16.39,19.6,-4.25,-23.47,-11.14,-6.39,4.14,-19.84,-21.56,-29.39,-8.8,-10.12,0.22
15.74,26.7,-0.28,-29.18,-20.35,-17.65,-1.92,-29.1,-24.01,-28.83,3.34,-3.6,6.05
15.53,44.5,10.37,-42.59,-4.12,4.48,38.23,-24.2,-6.72,-30.25,27.37,-1.95,12.2
16.07,23.62,0.43,-17.63,-7.1,-3.81,2.98,-21.47,-18.78,-18.55,8.93,5.8,11.21
16.01,37.5,9.17,-28.88,-6.58,-4.11,20.93,-18.61,-7.28,-22.35,15.23,3.26,20.4
15.95,33.88,5.73,-32.98,-16.87,-9.88,22.18,-15.21,-12.79,-37.81,0.03,-13.2,9.77
15.6,37.98,1.37,-40.16,-5.87,-12.78,21.89,-21.73,-4.55,-22.59,18.59,-1.05,17.72
15.71,28.76,4.22,-21.84,-12.8,-9.62,9.4,-10.79,-4.73,-13.18,11.97,5.6,15.74
16.09,45.12,9.81,-44.39,-11.19,-9.0,30.33,-22.82,-4.68,-32.34,12.71,-7.34,20.68
15.93,43.61,6.96,-42.06,-6.32,-12.46,25.04,-23.32,-6.96,-28.87,17.32,-1.7,26.56
15.14,19.61,-2.59,-17.84,-4.45,-2.31,2.98,-20.97,-18.65,-18.29,6.43,8.09,14.61
15.76,26.2,-2.21,-31.39,-11.66,-2.51,21.42,-11.8,-9.63,-25.61,8.22,-1.72,11.67
15.62,21.01,-5.53,-28.82,-11.74,-3.98,14.81,-8.71,-6.46,-17.48,4.58,-4.13,2.55
15.65,42.94,4.28,-53.15,-9.34,-10.69,32.65,-24.9,-3.02,-37.23,14.24,-12.4,22.83
16.06,33.79,-3.39,-48.95,-8.37,-13.08,30.34,-18.86,-8.74,-41.45,3.76,-7.67,25.23
15.97,24.46,-2.5,-34.51,-17.39,-9.31,24.61,-4.5,-2.52,-29.61,1.83,-6.84,17.33
15.45,14.05,-13.67,-34.63,-16.48,-5.86,12.41,-9.66,-7.99,-17.26,5.21,2.14,14.53
15.56,46.02,15.4,-68.02,-23.62,12.12,59.69,-40.46,-24.35,-32.27,22.9,-24.35,0.32
15.16,27.68,2.14,-30.04,-16.11,-10.31,15.18,-15.74,-14.0,-29.87,3.48,-4.54,6.62
15.36,14.33,-12.12,-33.08,-18.78,-7.44,17.43,1.45,2.33,-15.14,3.44,-2.5,9.39
15.54,31.1,1.66,-36.97,-11.65,-2.73,30.33,-8.22,-0.89,-21.76,15.22,-1.67,14.33
15.3,20.71,-8.14,-30.5,-8.13,2.98,19.71,-14.04,-13.44,-25.47,3.4,-7.35,5.42
15.83,23.89,-1.92,-32.12,-12.61,-1.95,26.96,-6.47,-8.67,-30.44,1.06,-5.22,13.49
15.96,35.21,-3.48,-47.54,-8.53,-1.61,32.91,-25.41,-9.92,-35.16,18.94,-4.89,25.02
15.45,38.14,2.5,-46.33,-8.05,-1.59,39.27,-18.24,-7.21,-38.27,7.73,-15.74,14.11
15.17,33.38,3.1,-37.92,-13.09,-7.06,27.19,-14.31,-10.98,-35.17,3.81,-7.45,11.34
15.06,25.96,-2.83,-36.69,-15.86,-3.5,27.0,-6.47,-3.32,-21.5,9.41,-4.49,11.49
14.59,19.06,-7.49,-29.85,-18.35,-9.57,9.85,-8.38,-6.48,-15.17,6.02,-1.68,4.64
14.7,23.35,-2.21,-31.89,-20.91,-15.19,8.54,-17.75,-16.52,-33.55,-6.71,-11.41,1.17
14.67,24.49,-2.05,-25.81,-12.47,-3.83,16.17,-3.31,1.56,-10.83,9.36,-1.99,7.7
15.0,24.7,-3.49,-34.42,-16.98,-10.14,13.98,-13.16,-9.75,-26.9,0.36,-5.89,11.24
14.85,24.1,-2.29,-32.11,-16.21,-5.63,22.63,-3.88,-4.9,-26.18,-1.4,-8.67,6.75
14.54,40.98,7.78,-40.62,-6.34,-1.99,37.65,-13.72,-7.44,-34.06,0.79,-23.07,-3.43
15.09,48.27,13.87,-54.88,-7.86,6.77,40.56,-26.51,-5.83,-34.74,17.89,-18.44,8.99
