16.66,-2.32,-23.65,-41.32,-39.81,-11.55,14.1,15.39,8.23,-5.66,-0.63,-3.26,1.38
16.21,29.07,-0.91,-50.63,-31.8,-13.9,35.87,0.15,9.03,-17.75,18.7,-6.27,10.16
15.71,26.05,-7.14,-54.99,-39.0,-31.9,10.26,-16.22,-3.11,-28.18,9.43,-4.98,18.54
15.72,25.11,-2.47,-40.78,-34.81,-28.2,4.22,-15.75,-10.19,-30.27,-0.01,-5.6,14.42
15.34,23.18,-1.33,-28.92,-23.81,-19.75,1.51,-13.92,-10.1,-19.29,4.04,2.73,14.81
15.04,35.75,2.51,-44.86,-24.15,-22.22,14.04,-17.65,-1.68,-24.91,13.98,-5.98,14.47
15.05,25.64,-2.04,-33.65,-18.08,-13.36,12.46,-14.6,-8.99,-23.66,6.22,1.82,21.11
15.17,30.49,2.32,-29.12,-15.7,-14.1,5.56,-22.41,-11.93,-18.36,16.35,9.2,19.55
15.61,30.27,2.0,-36.68,-27.4,-27.9,1.86,-19.38,-2.99,-11.72,24.83,18.07,31.62
15.21,24.37,-1.3,-27.46,-23.1,-18.92,3.53,-6.43,5.29,-1.74,19.45,11.21,17.79
14.54,19.79,-9.52,-41.2,-34.78,-30.1,-4.57,-13.69,3.35,-1.36,20.48,7.06,10.61
13.73,28.81,-1.41,-30.24,-22.28,-19.02,0.04,-15.66,2.47,-1.86,21.85,1.06,7.96
14.03,24.26,-5.39,-44.32,-37.6,-31.39,-1.27,-15.87,4.79,-1.11,30.31,13.66,17.77
13.57,27.74,2.11,-28.14,-21.79,-23.01,0.54,-6.4,9.66,0.05,15.17,3.89,10.35
13.15,25.99,-0.59,-29.71,-20.01,-17.36,8.13,-0.25,13.23,-3.55,8.84,-6.19,3.65
17.22,40.84,12.88,-44.61,-32.16,-38.24,21.03,0.98,33.98,-9.13,19.6,-17.38,7.59
17.52,12.13,-12.32,-37.52,-38.41,-37.84,-9.16,-0.05,22.47,15.7,20.44,0.79,1.15
16.98,35.77,7.31,-35.73,-24.29,-30.97,13.27,0.35,23.43,-8.21,9.0,-12.54,12.35
17.31,23.59,-0.05,-27.06,-24.97,-22.96,5.14,3.34,14.88,-0.91,7.03,-4.68,4.86
17.46,35.33,7.98,-32.0,-23.65,-32.19,6.96,-3.64,23.65,0.38,16.7,-9.67,6.81
18.08,19.69,-4.53,-39.81,-39.86,-42.22,-2.66,1.47,30.03,14.22,25.07,-1.01,6.92
18.04,32.82,-5.95,-51.2,-25.22,-33.79,14.42,-5.65,28.96,4.26,28.52,-3.78,11.02
17.93,43.87,-6.13,-83.72,-26.91,-12.87,40.92,-41.96,15.0,-7.74,45.84,-2.71,14.38
16.2,17.28,-20.53,-60.18,-40.09,-26.76,10.05,-16.91,2.72,-9.22,30.92,9.29,22.9
17.21,16.35,-18.83,-54.13,-26.53,-17.14,13.48,-16.68,-0.06,-10.8,26.28,11.61,23.14
17.64,22.05,-13.72,-52.52,-24.78,-11.91,27.45,-6.86,7.55,-12.36,27.28,5.24,21.38
17.52,21.89,-9.4,-41.49,-15.44,-8.87,25.64,-0.62,8.02,-16.7,8.32,-5.16,12.13
17.03,26.23,-11.32,-58.31,-29.32,-17.08,26.34,-10.01,9.58,-12.79,28.08,1.06,19.69
18.51,27.59,-9.66,-49.04,-8.37,-5.82,32.4,-12.03,5.51,-17.65,21.98,0.09,16.7
17.6,6.53,-24.08,-38.5,-17.32,-5.17,8.46,-11.75,-3.21,-2.75,23.74,15.24,17.43
18.75,11.52,-24.57,-62.37,-24.36,-10.83,27.27,-15.94,-5.08,-29.27,15.49,3.44,28.4
18.18,20.95,-10.76,-47.93,-15.01,-0.32,34.25,-11.57,-5.08,-24.71,21.2,5.76,21.74
18.42,16.91,-13.05,-44.99,-16.55,-1.78,28.04,-9.73,-1.94,-14.23,24.33,9.0,19.84
17.99,19.06,-11.37,-41.28,-15.88,-3.71,27.96,-4.91,3.02,-17.58,17.17,2.73,18.45
17.35,9.1,-20.44,-45.77,-23.11,-12.27,11.87,-14.58,-6.16,-13.76,16.91,5.05,8.52
16.92,25.62,-18.04,-67.23,-33.05,-20.17,21.7,-25.83,-0.41,-18.59,30.86,-4.47,14.85
16.89,25.4,-11.5,-62.91,-37.18,-22.1,22.11,-14.76,3.89,-14.61,27.28,-1.24,13.55
16.95,12.88,-12.57,-31.07,-23.53,-14.24,5.23,-4.19,-2.53,-12.17,1.05,-3.97,0.69
17.84,30.15,-5.17,-55.01,-27.06,-14.05,30.45,-12.19,1.47,-24.97,14.43,-10.3,14.27
17.2,16.96,-13.46,-36.26,-15.4,-4.0,17.58,-7.92,-3.73,-16.54,9.09,0.63,15.26
17.17,23.22,-7.59,-47.33,-28.81,-15.08,25.18,-0.85,4.83,-19.32,9.41,-6.06,9.65
17.99,19.06,-12.89,-37.4,-17.91,-8.86,12.82,-8.68,0.53,-10.52,11.87,-1.15,9.29
18.35,9.58,-21.05,-47.15,-23.84,-11.3,15.88,-7.21,2.43,-7.97,19.11,7.56,15.61
18.05,22.66,-16.39,-57.04,-26.78,-13.44,20.99,-21.46,-6.02,-26.1,16.74,-8.25,14.95
17.78,15.91,-17.38,-49.33,-18.03,-3.3,26.29,-11.7,-5.21,-20.93,14.08,-1.44,12.29
17.26,30.64,-11.71,-63.5,-20.53,-7.52,35.45,-20.38,0.37,-19.83,31.72,-4.97,13.52
17.32,14.28,-19.32,-51.67,-25.17,-11.42,19.7,-8.29,2.54,-10.29,19.41,2.84,13.57
16.76,8.41,-21.34,-37.94,-20.71,-5.68,14.93,1.18,5.41,-3.55,12.62,3.75,9.11
16.7,26.03,-5.16,-39.84,-16.16,-6.4,25.95,-5.13,2.39,-17.28,12.24,-3.91,8.14
16.75,32.46,-8.3,-52.51,-10.92,-9.64,25.6,-25.34,-4.87,-24.12,26.79,2.22,23.05
16.72,22.88,-10.63,-52.37,-32.55,-22.34,10.77,-22.91,-10.22,-19.64,24.06,9.85,22.75
17.15,30.84,-7.15,-48.72,-21.61,-10.86,24.15,-14.69,4.24,-13.89,32.23,7.73,27.29
16.54,36.71,-1.72,-52.74,-17.46,-12.17,25.51,-21.13,2.94,-14.12,34.58,3.74,19.38
16.11,24.01,-11.68,-46.48,-29.25,-24.88,1.66,-21.12,-4.06,-13.97,15.11,-4.41,5.32
17.04,17.69,-14.88,-47.21,-25.42,-15.5,11.7,-15.93,-7.01,-19.9,9.22,-2.03,10.27
18.42,28.9,-9.06,-60.63,-22.95,-7.37,33.39,-25.96,-11.73,-33.56,20.05,-9.89,18.68
17.61,14.18,-12.44,-32.08,-13.18,-0.44,19.24,-3.75,-6.68,-20.7,-3.9,-9.2,3.35
18.26,15.29,-15.77,-44.5,-16.7,-1.22,27.55,-10.37,-9.64,-30.05,6.42,-2.62,18.0
18.31,10.73,-19.2,-47.31,-20.26,-3.76,24.11,-12.87,-14.11,-29.49,7.85,0.37,13.22
18.3,23.28,-7.13,-48.2,-29.0,-14.98,22.3,-12.29,-8.27,-29.77,5.61,-10.41,6.03
18.56,20.22,-13.26,-51.68,-20.09,-4.52,30.96,-9.87,-0.12,-18.93,17.11,-8.8,2.88
17.37,17.02,-15.96,-47.15,-29.47,-18.1,8.66,-17.58,-6.64,-16.57,16.05,2.23,15.09
17.07,20.39,-12.95,-54.2,-38.63,-25.37,13.24,-8.74,5.34,-8.97,21.65,1.01,8.08
17.08,13.4,-17.01,-39.02,-24.84,-14.44,3.71,-14.94,-8.1,-13.1,9.02,-0.03,8.25
18.12,28.3,-6.23,-52.68,-27.27,-14.01,26.66,-12.87,-3.77,-30.25,4.27,-17.91,5.56
17.84,18.01,-10.66,-33.32,-26.65,-19.13,0.57,-9.18,-2.34,-11.05,3.27,-4.88,5.52
18.04,34.84,0.07,-48.49,-24.58,-17.25,16.8,-27.04,-13.68,-35.84,3.35,-18.94,5.66
17.48,31.35,4.78,-24.28,-10.07,-6.16,12.36,-19.95,-20.56,-35.72,-4.62,-7.73,13.05
17.52,44.73,22.38,-34.85,-27.66,-8.13,33.49,-24.47,-27.14,-38.7,15.39,-15.17,4.42
17.41,31.56,8.75,-20.59,-14.7,-10.85,11.08,-12.66,-14.54,-31.89,-7.07,-10.31,9.24
17.7,43.77,11.62,-39.42,-13.19,-12.07,34.92,-8.54,1.88,-37.51,-2.26,-24.44,12.82
17.66,22.5,-7.04,-36.54,-24.7,-16.67,11.15,-9.41,-7.39,-31.3,-11.42,-18.21,4.88
17.55,28.84,-0.83,-38.9,-25.4,-24.38,7.64,-17.49,-9.7,-32.98,-3.08,-9.62,13.98
17.74,26.1,-3.03,-37.74,-20.1,-10.64,21.36,-10.98,-9.08,-34.55,-0.84,-7.68,19.37
17.73,22.54,-8.62,-50.09,-34.08,-25.39,17.33,-5.62,2.58,-24.85,6.76,-0.11,26.03
17.56,27.01,-2.9,-44.58,-32.67,-25.26,18.3,-3.78,8.14,-26.51,-1.53,-18.48,12.86
18.16,26.94,-6.07,-40.33,-12.93,-10.68,25.19,-4.44,3.9,-22.31,6.65,-3.65,16.4
17.97,27.63,-8.78,-56.83,-30.23,-22.85,24.66,-18.52,-8.92,-49.8,-2.65,-17.43,26.25
17.4,38.32,-2.79,-65.99,-27.67,-19.12,30.85,-26.74,-5.61,-35.51,17.36,-13.19,23.05
17.87,17.78,-13.46,-42.77,-19.2,-7.23,18.33,-18.28,-15.99,-32.37,5.66,-1.0,19.98
18.31,28.89,-5.76,-45.07,-10.93,-7.88,27.3,-15.44,-4.8,-30.93,10.27,-0.64,25.34
18.36,22.49,-7.54,-36.29,-12.32,-2.03,26.63,-5.97,-5.99,-31.89,-1.66,-7.93,17.8
18.84,21.26,-5.32,-36.55,-15.77,-5.78,23.1,-12.03,-11.79,-31.62,4.89,1.56,21.05
18.64,26.77,-8.23,-45.78,-24.83,-16.95,15.52,-20.58,-7.6,-27.69,14.68,-2.1,19.73
18.54,30.72,1.93,-41.63,-32.34,-24.15,12.28,-14.17,-4.63,-18.66,18.1,-0.37,8.64
18.14,39.18,5.64,-44.85,-22.13,-15.16,19.25,-29.8,-12.46,-28.14,21.98,-5.59,12.5
18.04,43.92,-0.95,-57.04,-16.66,-32.16,25.67,-28.18,-5.23,-36.88,11.03,-6.88,18.33
18.44,30.23,3.22,-36.49,-30.19,-26.81,10.25,-10.7,-2.26,-26.79,5.32,-0.38,24.87
18.55,31.03,4.07,-33.76,-25.02,-20.99,13.35,-6.03,3.02,-18.58,6.07,-5.26,12.42
19.24,34.25,-1.83,-47.8,-35.25,-34.7,3.44,-23.02,6.56,-9.69,27.73,-3.98,14.55
18.62,20.72,-2.94,-29.04,-20.8,-12.37,14.23,-1.02,0.11,-14.87,5.21,-1.33,5.06
18.72,35.18,-0.43,-46.35,-17.46,-18.23,22.5,-16.26,-1.7,-28.45,10.06,-5.0,18.11
18.78,27.52,-1.0,-41.16,-26.57,-17.79,20.75,-7.72,-3.47,-28.31,6.21,-2.47,18.3
18.36,24.08,-1.32,-34.24,-27.69,-19.16,13.09,-4.77,-3.95,-23.9,-1.16,-7.95,6.11
18.27,20.67,-6.45,-32.88,-23.16,-15.64,8.68,-2.49,6.91,-3.17,9.77,-4.89,-0.49
18.19,30.7,-4.72,-44.12,-25.33,-20.79,12.92,-15.86,1.33,-17.03,14.1,-8.48,9.17
17.69,34.05,-3.47,-55.99,-30.81,-25.2,15.81,-23.94,-5.1,-27.08,13.92,-13.25,7.35
17.97,32.73,-0.78,-38.55,-15.85,-13.12,22.55,-6.44,4.32,-23.11,5.16,-10.54,13.24
17.89,11.53,-16.27,-40.01,-30.92,-20.95,2.93,-8.28,-5.71,-15.59,2.31,0.54,10.53
17.89,23.94,-10.13,-47.35,-30.97,-21.23,10.62,-15.02,-2.66,-15.91,17.68,3.17,19.45
17.3,27.34,-3.63,-44.32,-29.42,-19.68,13.46,-15.45,-4.88,-16.59,17.43,-0.78,8.66
17.68,28.63,-1.54,-46.23,-36.49,-25.81,14.8,-10.11,2.28,-8.99,28.67,6.22,11.31
18.9,48.4,3.28,-60.27,-17.28,-23.73,25.88,-28.54,12.4,-11.28,35.17,-9.36,10.93
18.9,27.37,-2.47,-40.06,-28.61,-21.12,8.88,-14.62,-1.05,-7.59,26.29,11.4,20.28
18.27,19.83,-4.8,-28.0,-23.18,-20.35,-1.6,-10.25,-1.37,-6.66,9.05,2.15,7.34
18.71,22.27,-6.96,-37.64,-27.54,-19.87,5.4,-14.13,-4.2,-12.56,15.0,3.53,13.01
19.27,20.96,-7.88,-33.17,-19.71,-15.31,6.25,-4.92,10.22,3.36,15.19,-1.37,3.29
20.08,44.12,-13.66,-90.24,-43.84,-41.14,26.4,-57.25,-9.94,-38.72,22.5,-14.89,25.36
19.48,14.02,-14.87,-40.0,-29.09,-19.62,4.54,-6.14,1.03,-8.83,4.97,-3.68,4.17
20.67,33.4,-5.48,-57.52,-15.96,-7.23,42.47,-14.46,-2.78,-35.17,16.54,-5.04,23.92
20.58,21.01,-8.91,-42.21,-12.27,0.99,31.94,-10.53,-8.13,-29.04,10.4,-0.5,19.04
19.5,29.36,-6.2,-47.39,-10.01,1.1,36.81,-14.83,-5.55,-27.6,20.08,-2.31,17.12
19.71,13.42,-19.9,-49.42,-24.7,-12.25,13.68,-14.94,-7.55,-18.71,11.82,4.57,21.69
19.4,27.75,-8.66,-48.05,-15.14,-9.51,27.27,-15.0,-4.73,-28.12,12.42,-1.09,21.01
19.82,9.96,-18.69,-42.42,-26.89,-15.02,6.9,-14.44,-14.28,-22.96,3.34,1.48,10.95
20.71,16.96,-16.31,-52.34,-23.05,-7.19,25.66,-16.42,-7.81,-21.69,25.5,11.07,29.2
19.4,19.52,-11.18,-44.72,-19.29,-8.64,21.16,-16.37,-11.68,-29.01,8.5,0.9,20.09
20.53,28.83,-11.31,-65.67,-21.75,-7.87,29.02,-39.53,-20.43,-42.44,17.49,-9.99,17.94
19.94,25.6,-14.45,-60.76,-18.97,-8.52,28.39,-27.45,-11.36,-29.96,21.08,-4.99,15.35
19.14,21.92,-13.95,-53.0,-22.25,-10.35,20.97,-23.29,-10.03,-24.04,24.28,3.79,15.95
19.72,38.09,-6.42,-76.22,-29.55,-8.85,37.14,-39.23,-7.64,-22.35,41.29,-8.52,19.71
19.3,12.26,-18.06,-34.78,-12.42,1.52,16.52,-10.07,-9.23,-17.35,8.5,2.37,14.03
20.06,33.26,-10.87,-59.09,-5.96,-7.36,46.53,-16.02,0.68,-33.05,14.74,-7.13,17.17
19.93,33.23,-4.5,-74.99,-24.46,2.42,52.84,-24.55,-0.01,-23.97,26.31,-10.98,24.82
19.46,40.44,-9.2,-65.92,-5.3,-12.75,43.15,-32.85,-0.55,-23.27,30.23,-3.85,15.25
19.53,30.26,-3.28,-42.93,-17.89,-6.1,26.06,-14.21,-2.2,-19.89,20.55,-2.53,14.85
19.88,38.39,-15.72,-66.91,-6.39,-32.41,35.98,-31.08,1.82,-25.83,13.37,-4.39,12.33
19.62,29.2,-7.37,-56.81,-25.55,-10.6,27.26,-25.67,-12.14,-30.05,21.02,-6.72,12.43
19.36,16.39,-16.33,-45.87,-24.52,-15.64,10.09,-12.83,-3.29,-16.02,8.23,-0.08,16.92
19.58,39.35,-10.15,-69.74,-24.01,-13.68,33.17,-37.55,-9.54,-43.18,16.48,-21.72,18.84
19.23,17.23,-15.4,-45.95,-23.64,-12.36,17.06,-7.93,-2.54,-21.01,1.08,-11.51,4.18
21.5,15.29,-12.5,-29.77,-19.35,-5.02,19.61,9.3,9.46,-10.8,-2.06,-7.83,7.15
22.43,10.75,-21.93,-63.81,-39.79,-20.92,39.25,11.98,19.92,-22.62,-3.94,-12.45,16.44
21.9,18.11,-14.15,-50.76,-24.65,-3.1,33.82,-1.83,3.29,-25.83,7.83,-5.24,15.8
22.42,8.24,-16.04,-42.94,-27.59,-22.85,57.07,10.32,3.7,-34.51,-28.97,20.16,4.62
22.66,4.37,-19.45,-60.18,-36.68,-5.41,17.84,-14.47,6.85,-31.42,-13.55,7.73,21.59
22.3,20.41,-10.22,-46.77,-19.66,-3.52,34.98,0.95,2.71,-28.74,3.56,-7.83,18.15
21.26,29.9,-5.69,-56.01,-16.69,-3.64,41.76,-2.75,4.19,-28.04,15.48,-8.48,24.79
21.54,26.21,-11.37,-53.37,-8.24,-0.06,40.16,-13.65,-1.24,-32.32,12.16,-2.37,29.66
21.44,39.54,-9.76,-74.85,-7.86,-9.96,55.16,-27.92,4.81,-31.96,18.25,-4.18,36.61
20.38,14.91,-16.65,-46.88,-14.23,0.24,40.49,7.81,5.97,-30.61,-5.03,-11.37,17.24
20.81,20.62,-10.4,-41.92,-14.85,-0.51,36.78,2.72,2.02,-27.95,1.96,-7.98,17.18
20.91,17.62,-14.88,-55.06,-28.4,-12.11,34.13,1.23,4.82,-28.51,5.29,-4.91,24.55
20.29,18.93,-17.12,-50.93,-19.86,-7.32,31.21,-2.05,5.88,-23.11,9.89,-4.63,17.75
20.08,19.55,-10.59,-39.54,-10.1,0.63,30.17,-4.26,-1.92,-25.98,3.73,-4.04,18.19
19.48,12.67,-19.2,-48.6,-30.74,-15.54,18.19,-3.14,-0.35,-22.49,2.6,-5.98,12.77
19.55,31.07,-12.68,-57.51,-13.25,-18.66,33.06,-9.62,11.18,-18.35,19.98,-0.15,23.09
19.62,27.7,-9.41,-58.09,-29.06,-17.23,30.58,-7.34,6.82,-21.98,17.61,-3.59,25.12
19.6,19.06,-10.24,-43.4,-24.79,-12.53,26.71,6.24,10.84,-15.37,8.97,2.09,23.22
18.71,30.74,-7.53,-50.55,-16.18,-9.63,32.86,-10.56,3.46,-28.89,10.35,-10.51,19.41
19.26,29.73,-7.75,-51.62,-11.03,-5.75,37.49,-11.64,2.83,-26.6,16.08,-2.98,22.44
18.7,26.39,-16.56,-61.6,-23.86,-12.31,29.2,-20.06,-4.27,-34.92,9.73,-14.24,20.1
19.06,26.1,-6.13,-59.69,-33.1,-8.61,38.54,-17.2,-12.75,-34.26,18.06,-9.68,12.52
19.37,19.15,-13.32,-47.77,-14.93,3.64,39.12,-6.89,-7.84,-37.44,-0.25,-14.04,14.5
18.83,23.39,-8.52,-43.81,-17.55,-7.56,21.6,-16.17,-9.08,-25.51,11.15,-0.98,16.92
19.01,22.37,-9.94,-43.55,-27.37,-18.36,11.66,-15.16,-9.24,-29.76,1.01,-9.1,13.09
18.67,19.66,-10.76,-44.9,-27.27,-20.64,7.46,-22.9,-18.37,-33.8,3.31,1.01,21.0
18.32,23.76,-5.24,-31.41,-16.28,-9.22,13.28,-10.73,-4.07,-18.2,7.96,-1.85,13.61
18.77,30.62,-0.33,-44.82,-19.96,-7.39,30.18,-13.52,-4.79,-25.94,15.31,-6.28,12.19
18.54,27.62,-4.79,-50.55,-27.75,-17.37,20.48,-21.39,-12.59,-32.06,13.28,-2.96,15.91
18.33,20.17,-8.62,-36.44,-18.1,-9.28,18.66,-2.34,2.14,-15.73,6.49,-0.68,13.45
17.76,27.3,-12.18,-52.61,-28.78,-20.63,13.22,-22.61,-5.69,-25.61,17.2,-3.86,23.21
17.52,37.14,-2.41,-50.54,-15.01,-19.07,28.81,-11.12,6.61,-24.82,16.02,-4.31,19.75
17.15,25.23,-8.57,-48.6,-31.81,-23.57,13.78,-11.39,-0.9,-21.1,13.68,2.27,25.4
17.21,20.28,-9.8,-44.92,-31.62,-21.92,10.66,-11.39,-5.73,-23.27,4.7,-3.12,13.78
17.77,20.59,-18.98,-58.28,-32.28,-21.6,14.65,-20.01,-7.71,-34.37,-1.4,-19.87,9.0
17.21,25.38,-6.59,-49.74,-31.59,-20.22,19.96,-10.81,-3.21,-24.35,13.12,-0.46,20.29
17.31,17.85,-13.93,-43.63,-25.94,-13.23,18.36,-4.5,3.1,-12.23,19.93,11.89,28.8
17.52,46.26,-3.91,-54.37,2.78,-27.82,46.28,-26.65,2.53,-23.97,12.23,-0.25,13.56
17.24,24.3,-7.03,-39.19,-30.34,-24.14,2.51,-15.81,-6.11,-22.49,-0.56,-15.09,0.06
17.46,30.01,-6.2,-62.16,-38.17,-26.45,20.02,-22.91,-11.04,-35.53,10.74,-9.53,20.16
17.69,20.43,-7.5,-38.28,-26.92,-17.69,12.57,-8.17,-7.18,-29.73,-6.28,-10.02,13.75
17.53,26.23,-0.52,-39.93,-26.93,-18.07,20.64,-8.55,-7.04,-33.85,1.3,-1.9,24.75
17.34,16.98,-10.79,-30.51,-21.34,-12.65,2.85,-12.65,-11.59,-19.16,-0.75,-2.67,9.01
17.65,31.1,-2.19,-53.64,-33.25,-20.65,22.76,-19.31,-9.54,-30.2,17.72,-0.65,23.16
17.27,33.78,-1.96,-46.32,-21.56,-12.05,23.02,-17.96,-5.6,-25.79,17.03,-5.42,16.25
17.81,17.77,-10.52,-38.91,-31.29,-26.18,-1.63,-13.83,-5.75,-17.49,-0.14,-6.02,8.17
17.74,36.17,0.86,-46.47,-26.71,-22.31,16.9,-17.14,0.57,-24.44,15.31,-6.13,18.73
19.22,23.46,3.56,-19.59,-25.33,-27.05,-9.38,-11.9,-3.29,-8.0,3.35,-3.37,0.56
20.07,51.26,24.41,-46.67,-32.35,-24.35,28.97,-24.22,-7.21,-22.32,32.05,-7.82,9.33
19.35,33.25,7.63,-33.65,-28.77,-25.56,12.46,-7.31,2.33,-17.51,13.83,3.45,19.01
19.52,20.25,-6.94,-35.78,-34.86,-32.45,-9.73,-20.89,-13.68,-23.78,0.45,1.18,16.89
19.72,27.44,1.98,-36.39,-35.92,-34.98,-0.3,-12.64,-2.68,-22.19,2.87,-2.49,17.94
19.7,29.5,3.66,-29.39,-25.43,-24.62,3.12,-10.28,-1.34,-16.82,3.47,-4.88,9.21
19.74,29.88,-0.64,-42.03,-33.63,-34.5,0.44,-17.93,-2.82,-20.79,8.01,-2.74,15.72
19.51,34.05,-3.09,-57.23,-42.93,-45.61,3.83,-25.29,-2.87,-36.13,7.89,-8.57,28.31
18.71,23.53,-6.08,-44.26,-33.55,-27.8,8.68,-9.35,-0.24,-23.07,2.11,-6.74,14.57
19.35,39.7,-0.86,-61.55,-37.65,-48.59,13.21,-21.33,8.43,-33.69,5.21,-17.75,23.68
19.15,44.39,-0.6,-43.49,-3.19,-36.58,29.84,-15.44,13.18,-15.98,3.22,-6.77,8.56
19.63,43.41,4.81,-55.86,-28.7,-38.97,22.35,-15.97,8.98,-32.72,7.27,-14.98,24.92
19.29,32.44,2.6,-43.74,-28.04,-28.19,17.6,-7.29,8.95,-23.87,9.22,-0.32,33.64
19.61,24.24,-4.24,-46.73,-41.85,-37.37,6.1,-6.21,6.91,-19.83,5.11,-5.9,19.73
19.37,45.67,-0.16,-59.14,-18.01,-35.72,29.98,-18.83,12.12,-19.85,21.08,-1.35,23.94
19.26,22.42,-12.53,-53.1,-40.25,-31.97,5.48,-15.64,-2.19,-22.3,10.94,-1.25,22.07
19.06,18.54,-8.03,-35.85,-24.86,-17.39,11.26,-2.78,3.92,-9.94,13.88,11.3,24.85
18.97,29.91,0.87,-33.88,-15.88,-15.31,17.05,-10.34,1.37,-22.76,9.58,-0.6,20.43
19.29,24.18,-3.39,-38.31,-23.48,-16.38,19.87,-3.06,0.97,-24.8,3.85,-0.58,23.0
18.39,36.92,1.34,-44.21,-22.08,-18.88,20.3,-16.68,-1.09,-29.65,12.1,-3.98,29.09
19.12,39.19,0.47,-47.45,-11.57,-18.26,27.1,-18.48,-0.72,-32.22,11.04,-4.3,26.61
18.27,21.84,-3.56,-31.4,-27.44,-21.25,3.38,-10.42,-7.27,-17.88,5.06,2.88,13.83
18.8,35.29,-8.62,-64.67,-23.89,-25.34,25.12,-25.49,1.01,-29.47,21.38,-1.02,28.05
17.92,25.23,-8.9,-42.98,-20.22,-13.16,19.12,-8.59,5.1,-13.91,19.21,4.32,22.54
19.42,32.04,-4.53,-41.77,-13.92,-20.56,18.83,-7.04,11.07,-14.58,6.95,-8.44,11.86
20.85,33.29,-0.02,-62.33,-40.68,-24.87,40.96,-0.72,12.94,-30.01,9.78,-21.39,10.9
19.65,19.2,-11.45,-48.27,-34.89,-25.06,17.13,3.72,12.82,-12.21,10.01,-1.11,15.77
20.38,11.79,-15.84,-37.62,-26.41,-12.29,17.07,7.78,7.37,-14.11,-3.41,-8.91,6.82
20.37,33.75,-5.65,-74.26,-38.22,-25.64,40.75,-16.7,5.83,-40.1,8.56,-24.14,18.69
19.79,21.87,-9.15,-44.34,-29.76,-18.55,21.55,4.23,11.5,-14.98,9.13,-2.53,17.47
19.48,27.07,-11.77,-72.88,-53.56,-41.49,11.77,-23.16,-2.1,-34.95,5.52,-19.96,11.0
19.12,34.71,4.9,-54.57,-38.69,-25.0,34.09,-1.83,8.38,-25.42,16.08,-11.99,11.79
18.36,31.32,-2.59,-53.24,-25.33,-7.93,38.41,-6.88,3.46,-24.14,17.06,-9.95,13.66
17.82,17.66,-11.59,-35.09,-20.97,-11.37,11.32,-6.4,-3.95,-19.27,1.03,-2.09,15.46
18.37,28.6,-3.5,-48.89,-25.07,-11.2,31.5,-6.07,1.31,-25.37,13.2,-3.52,20.12
18.29,19.04,-9.39,-37.6,-23.11,-12.18,19.09,-0.85,1.7,-20.92,1.44,-3.91,20.32
18.26,16.07,-14.78,-45.67,-24.86,-10.69,20.88,-3.37,2.46,-13.2,14.26,4.41,18.22
18.36,24.36,-10.53,-51.0,-26.89,-14.22,26.2,-5.12,6.0,-17.14,17.57,-2.28,14.19
17.41,28.04,-6.3,-54.45,-28.1,-15.33,26.67,-16.45,-5.08,-27.16,18.44,-0.29,22.12
17.26,31.84,-5.91,-48.93,-19.35,-14.65,26.49,-10.59,6.37,-23.75,14.75,-3.79,24.64
17.67,17.52,-12.58,-47.21,-33.22,-22.18,11.9,-9.67,-4.57,-22.68,6.21,1.53,21.25
18.03,19.77,-8.61,-41.19,-25.57,-14.44,16.52,-12.45,-11.01,-30.88,1.72,-4.85,14.02
18.77,45.67,8.25,-56.68,-25.49,-15.5,38.84,-22.45,-3.97,-35.85,12.31,-26.17,4.05
18.51,19.0,-7.08,-29.01,-19.27,-9.86,10.58,-5.64,-5.66,-19.8,-3.53,-9.25,2.58
17.97,26.92,-11.67,-53.91,-25.89,-22.97,9.39,-25.65,-7.91,-25.19,7.49,-11.9,8.35
18.99,33.22,-4.92,-48.4,-15.51,-6.77,28.14,-19.98,-3.38,-26.84,14.83,-14.15,9.88
19.22,25.79,-8.76,-45.35,-14.74,-8.39,22.85,-14.12,-4.66,-28.11,3.05,-13.85,7.2
19.11,50.8,4.01,-70.46,-15.42,-8.14,46.9,-40.04,-4.23,-22.58,36.23,-16.65,5.97
18.18,27.13,-5.27,-50.25,-35.43,-26.51,6.11,-29.77,-21.22,-36.09,4.54,-12.29,1.4
18.59,19.02,-20.63,-59.23,-32.56,-21.97,6.23,-33.44,-17.05,-28.06,13.83,-9.43,7.28
18.46,24.93,-10.0,-45.81,-9.79,-2.21,26.6,-16.99,-2.1,-14.73,26.06,6.0,19.2
18.14,42.43,3.15,-61.54,-21.62,-12.22,30.14,-40.01,-23.3,-34.78,30.51,-8.57,17.12
19.83,17.36,-17.59,-53.96,-22.4,-17.85,5.87,-39.73,-24.68,-33.63,14.53,3.23,22.34
19.13,13.98,-19.96,-46.21,-26.29,-19.24,-1.98,-31.77,-21.18,-27.32,7.02,-2.53,11.58
18.35,24.65,-7.54,-46.38,-26.15,-18.09,11.84,-22.16,-13.73,-29.75,7.48,-4.02,14.24
18.93,19.55,-11.56,-44.99,-18.27,-3.69,27.02,-11.66,-7.65,-26.94,9.22,-5.88,10.76
19.17,21.38,-9.24,-45.86,-25.55,-15.78,17.79,-13.86,-9.72,-30.68,6.77,1.34,23.69
19.19,19.8,-13.59,-46.55,-22.67,-13.74,13.96,-22.49,-13.33,-28.13,14.92,5.9,25.58
18.92,22.69,-8.67,-40.85,-16.79,-14.46,13.5,-17.26,-7.76,-23.53,14.86,11.61,30.02
18.83,18.89,-11.8,-38.74,-17.68,-3.33,25.41,-1.76,0.1,-19.02,8.36,-1.53,15.8
19.22,52.05,-1.74,-65.36,-5.55,-33.51,41.78,-39.67,-4.86,-41.77,1.95,-15.52,14.62
19.03,33.45,-0.08,-39.05,-14.81,-13.93,18.48,-18.23,-6.47,-24.57,13.4,-0.89,17.95
19.6,28.59,-8.61,-62.02,-43.13,-35.32,12.42,-15.17,9.33,-11.69,25.07,-0.85,20.06
19.31,22.0,-7.92,-40.67,-26.84,-17.84,10.49,-13.71,-6.24,-17.4,16.77,8.63,20.89
19.18,29.63,-2.85,-47.61,-26.52,-17.14,24.74,-9.35,-0.03,-22.36,18.54,4.26,23.27
18.71,26.02,-6.1,-43.75,-31.05,-21.88,12.47,-10.11,0.55,-15.63,16.97,1.33,13.62
18.93,34.83,-11.3,-67.13,-22.95,-25.79,18.41,-35.74,-7.39,-34.07,15.83,-5.88,24.02
18.83,49.49,-1.28,-69.68,-21.35,-20.19,40.37,-32.25,6.33,-29.12,20.52,-18.68,18.13
18.5,35.38,4.01,-41.83,-24.21,-16.29,19.2,-17.77,-6.74,-28.09,6.17,-16.51,-1.22
19.56,32.87,0.45,-44.17,-17.24,-8.88,28.43,-15.37,-5.84,-32.13,8.65,-10.64,13.23
19.0,33.98,-0.37,-43.75,-16.95,-15.35,20.01,-20.68,-9.21,-34.42,2.05,-14.31,7.76
18.66,25.46,-2.27,-29.1,-12.83,-2.11,24.3,0.28,3.67,-15.63,6.35,-9.0,1.75
18.39,27.33,-4.46,-42.47,-24.75,-16.41,16.42,-7.92,4.3,-13.98,9.65,-11.24,1.16
17.46,28.8,1.06,-36.47,-18.18,-6.17,27.56,-3.39,1.87,-18.13,10.97,-7.31,5.69
17.46,43.07,6.84,-50.94,-20.55,-12.51,29.12,-24.86,-6.21,-29.45,19.34,-9.54,14.94
18.4,16.22,-14.19,-32.63,-10.99,1.78,18.24,-6.22,-3.36,-12.65,8.67,-2.25,6.83
19.54,22.18,-10.28,-38.63,2.48,11.83,38.62,-7.41,-2.22,-24.46,11.54,-1.45,18.64
20.42,34.1,-12.22,-67.01,-0.92,7.23,52.14,-31.87,-6.89,-36.01,24.83,-13.36,12.73
20.08,8.65,-23.13,-47.54,-14.68,0.57,25.57,-9.74,-5.93,-19.72,13.41,5.76,20.73
20.13,10.31,-20.87,-42.45,-14.77,0.92,23.91,-10.05,-9.78,-24.89,10.92,8.28,29.52
20.23,19.8,-14.08,-51.96,-15.99,-1.37,38.16,-7.24,-3.51,-30.56,12.06,-1.26,20.42
19.23,12.57,-17.34,-38.5,-14.76,-2.8,19.67,-11.08,-13.59,-33.32,-2.66,-2.14,21.45
19.09,36.48,-12.02,-53.19,10.08,-14.67,52.61,-20.79,-0.95,-33.28,1.97,-3.82,16.98
19.26,17.48,-19.54,-61.83,-36.6,-23.06,13.22,-29.64,-23.58,-46.79,-1.4,-13.66,15.46
19.33,10.55,-19.22,-46.02,-28.08,-14.87,14.33,-5.92,-6.12,-27.0,-6.74,-9.63,11.15
18.93,31.44,-9.58,-56.1,-11.94,-7.16,36.75,-15.85,0.54,-28.9,11.73,-12.81,10.66
19.1,11.37,-17.18,-40.45,-16.64,-1.36,23.22,-6.2,-10.58,-28.97,-3.68,-5.81,13.36
19.46,23.68,-11.02,-48.63,-15.0,-2.57,27.29,-24.43,-14.6,-34.2,14.2,-7.4,13.77
18.65,39.44,-4.15,-63.56,-18.74,-16.34,26.16,-36.35,-8.98,-36.62,16.65,-14.57,20.33
18.41,26.0,-8.09,-43.33,-19.51,-8.6,20.31,-15.92,-5.02,-20.66,17.07,-1.11,14.65
18.68,30.22,-10.51,-50.88,-8.63,-10.88,32.16,-11.58,7.84,-17.71,17.71,-4.03,12.19
19.52,30.69,-6.76,-64.89,-18.89,3.66,47.85,-28.98,-17.58,-36.95,25.07,-14.6,9.8
18.51,17.94,-12.71,-39.32,-10.15,0.01,23.88,-11.49,-8.8,-24.1,7.54,-2.75,10.6
18.98,7.39,-22.79,-41.24,-15.66,1.02,20.84,-11.22,-14.35,-27.59,2.12,-3.8,9.79
18.94,38.19,-14.93,-63.37,11.54,-10.01,65.79,-25.47,0.6,-30.63,8.53,-4.01,11.58
18.73,8.63,-23.18,-41.84,-17.93,-1.5,18.97,-6.29,-3.97,-16.4,5.72,-6.7,2.93
19.23,24.41,-20.24,-62.13,-4.04,-3.71,38.16,-24.51,-3.38,-28.12,20.81,-3.79,17.62
18.75,19.53,-17.8,-49.98,-9.43,5.74,41.42,-1.05,9.33,-17.47,19.66,-3.78,15.56
17.91,23.1,-8.03,-37.74,-8.92,0.49,28.67,-5.4,-0.23,-18.43,10.37,-2.66,10.8
19.06,28.26,-12.59,-67.44,-19.81,-0.39,46.32,-18.39,-1.81,-25.58,29.02,-7.34,19.58
18.51,19.83,-14.53,-53.6,-23.43,-6.59,33.96,-2.25,2.8,-25.79,5.62,-11.97,11.16
18.19,27.06,-11.56,-61.56,-32.76,-18.16,27.34,-17.6,-5.47,-34.24,7.65,-18.64,9.23
18.7,10.76,-18.31,-43.79,-23.14,-6.99,25.23,5.33,3.65,-21.37,-5.35,-10.64,11.19
18.49,42.02,-7.22,-86.46,-34.0,-23.53,40.15,-32.1,3.91,-14.12,34.57,-6.75,27.81
17.37,38.05,-6.93,-48.8,-0.28,-17.33,31.32,-19.74,6.14,-13.9,20.58,-2.88,10.87
17.16,32.69,-7.93,-55.17,-23.42,-10.48,29.37,-16.15,0.96,-25.11,15.3,-20.5,2.18
18.16,42.01,-6.23,-67.43,-7.27,-12.93,30.11,-47.03,-19.93,-51.45,4.06,-26.76,6.5
18.42,25.54,-7.98,-48.24,-24.65,-14.24,13.55,-30.74,-20.86,-31.85,15.12,-0.3,19.84
17.08,33.72,-1.72,-54.11,-29.1,-19.85,15.99,-33.59,-20.37,-36.55,12.78,-8.77,14.89
17.48,32.71,-2.02,-50.64,-21.86,-19.47,16.32,-28.3,-18.35,-43.91,-4.15,-20.0,9.22
19.22,49.34,-6.18,-64.74,2.02,-26.5,40.8,-46.77,-10.88,-43.31,2.91,-14.81,10.69
18.83,22.59,-12.34,-39.89,-17.85,-14.57,2.06,-31.81,-20.89,-31.57,3.89,-6.76,12.97
18.35,35.8,-14.54,-64.0,-15.47,-39.41,18.5,-41.49,-13.61,-34.85,11.98,1.77,20.97
18.4,30.64,-4.17,-39.3,-5.82,-7.0,24.38,-16.54,-4.46,-28.81,7.39,-6.11,15.23
18.61,21.52,-7.03,-36.01,-17.11,-9.5,13.74,-15.03,-10.78,-25.28,1.52,-6.4,8.98
18.42,44.47,1.89,-60.95,-20.87,-23.92,33.13,-26.79,-2.14,-40.13,10.13,-18.76,17.51
17.95,40.43,-4.26,-72.28,-35.8,-33.02,23.52,-34.06,-9.31,-38.54,10.69,-19.7,13.26
17.55,36.72,-0.42,-54.64,-33.08,-24.12,15.6,-27.65,-7.3,-22.32,24.92,-3.79,18.62
18.46,22.14,-10.74,-50.59,-26.92,-14.12,20.78,-16.78,-11.55,-30.42,9.55,-2.68,17.42
18.1,25.64,-12.04,-61.38,-31.72,-17.17,25.14,-23.38,-15.48,-43.04,7.13,-10.77,18.24
18.15,22.33,-13.79,-56.84,-29.7,-19.86,14.22,-26.19,-15.68,-34.01,7.79,-5.38,18.19
17.77,24.45,-11.25,-52.99,-33.12,-28.26,10.83,-17.26,-3.8,-31.42,1.71,-8.99,20.39
17.42,26.03,-6.67,-48.5,-27.89,-18.66,13.99,-23.13,-13.69,-28.53,12.35,-2.68,14.31
17.36,38.88,1.76,-49.85,-17.91,-14.13,35.76,-8.16,6.16,-24.69,17.46,-7.07,17.78
17.68,33.14,-7.31,-55.78,-21.75,-23.83,23.28,-16.78,2.23,-27.08,12.03,-6.12,20.12
17.8,21.97,-7.28,-39.83,-30.08,-20.68,11.52,-5.94,-1.73,-21.72,1.81,-6.72,10.06
17.31,43.01,4.69,-59.3,-27.32,-21.18,40.16,-14.07,7.55,-30.83,11.25,-19.11,16.92
17.09,26.47,-9.24,-55.27,-32.24,-20.02,18.13,-19.95,-6.94,-24.63,19.65,1.01,21.87
17.26,29.08,-5.12,-50.72,-29.33,-22.18,15.52,-20.79,-9.16,-27.8,15.6,3.37,24.92
17.59,32.58,3.69,-35.06,-23.3,-17.9,14.67,-10.96,-2.53,-22.5,9.28,-2.32,16.9
17.92,44.9,-6.34,-59.47,-12.21,-46.99,29.47,-28.96,6.19,-17.47,12.0,6.31,17.98
17.83,22.76,-5.72,-32.95,-22.36,-17.61,8.25,-6.24,2.76,-12.41,10.49,5.41,22.91
18.18,12.47,-18.18,-45.73,-29.23,-17.08,10.58,-6.45,0.74,-9.97,13.67,8.03,19.76
17.72,34.96,-8.67,-69.01,-32.76,-24.49,27.47,-24.41,-0.68,-23.83,31.04,-2.6,21.48
17.44,27.39,-0.71,-42.58,-32.76,-26.83,17.27,1.05,12.55,-16.51,9.05,-1.59,22.5
18.3,41.2,2.85,-51.49,-23.04,-30.81,21.48,-12.17,13.14,-22.39,12.89,-10.49,21.79
17.91,37.89,-6.97,-51.23,-13.56,-35.03,15.28,-23.53,8.77,-9.15,20.21,-0.02,9.72
18.09,27.76,-6.02,-45.32,-29.2,-21.13,12.49,-11.62,6.6,-6.35,27.46,6.98,18.79
18.54,41.55,-2.72,-73.92,-34.28,-22.44,40.85,-21.62,7.87,-20.93,33.04,-11.08,21.07
18.14,22.84,-6.39,-39.81,-23.41,-12.82,22.38,-0.9,2.55,-21.72,6.24,-1.19,19.47
18.13,20.11,-8.91,-43.76,-29.74,-20.27,16.06,-4.93,0.16,-21.48,7.59,3.68,23.48
18.69,22.42,-10.98,-52.37,-35.69,-26.46,16.9,-5.89,6.21,-20.69,14.01,3.06,28.2
18.23,24.69,-5.05,-39.43,-18.98,-12.37,23.55,-1.3,6.34,-18.55,9.91,1.16,21.95
17.74,17.84,-14.76,-48.0,-37.68,-27.23,6.86,-6.56,4.52,-13.45,8.82,-2.78,14.81
17.25,24.61,-6.77,-42.09,-27.59,-24.24,12.24,0.58,16.5,-2.54,18.36,4.17,17.12
16.91,17.89,-9.3,-38.89,-31.3,-20.27,14.94,5.62,9.15,-12.89,4.75,-1.81,14.56
20.15,31.32,-4.4,-55.38,-26.84,-15.69,37.58,2.77,19.04,-17.52,13.16,-15.39,11.98
19.79,25.94,-9.1,-45.5,-16.69,-7.57,33.73,3.46,12.76,-20.79,4.34,-15.92,9.27
20.51,29.58,-12.4,-75.35,-35.57,-24.45,49.45,4.8,26.98,-27.93,9.02,-22.44,23.97
20.71,21.22,-13.13,-55.13,-30.03,-14.92,39.21,12.91,21.38,-24.17,0.31,-20.11,14.81
19.8,16.01,-11.24,-36.83,-22.89,-10.68,21.33,10.38,13.24,-9.67,-0.42,-10.3,4.99
20.27,23.13,-23.0,-83.12,-47.3,-28.41,35.43,-8.74,17.36,-20.55,22.04,-20.25,13.43
20.0,11.29,-20.37,-57.46,-40.41,-20.7,26.84,9.8,12.71,-17.67,2.07,-12.85,5.56
19.95,14.82,-16.04,-43.04,-23.2,-5.49,30.92,13.71,14.96,-14.0,0.39,-12.99,5.98
19.29,44.62,-14.89,-82.89,-9.47,-22.86,56.51,-20.64,25.58,-17.15,22.18,-7.56,16.11
20.18,39.04,2.22,-55.45,-17.0,0.6,45.69,-21.02,-6.5,-33.76,17.93,-20.26,4.07
19.37,19.97,-2.82,-19.32,4.19,14.93,29.42,-2.96,-8.94,-24.59,-4.78,-13.09,-4.59
19.02,33.61,3.21,-40.41,-9.48,8.57,46.22,-4.61,-0.98,-30.51,2.89,-32.04,-13.8
18.3,30.44,1.55,-36.53,-16.26,-5.48,27.2,-9.92,-7.85,-29.91,2.37,-16.17,-2.29
18.33,55.56,13.12,-53.44,-9.68,-3.7,52.66,-24.78,-2.58,-34.53,14.3,-30.46,-1.38
18.51,31.5,5.79,-26.97,-5.63,1.91,34.6,3.23,1.9,-33.06,-13.52,-26.82,0.24
18.21,37.61,1.78,-42.43,-16.76,-22.45,17.16,-20.32,-8.19,-38.64,-5.78,-23.01,0.91
18.36,38.7,8.76,-41.22,-20.52,-11.52,34.48,-4.13,5.6,-26.71,11.44,-10.32,15.81
18.45,35.96,0.08,-42.42,-12.66,-16.65,26.62,-11.5,-1.15,-30.8,2.88,-10.89,14.59
18.51,16.94,-9.38,-32.47,-13.0,-2.25,18.89,-9.31,-12.45,-29.17,-5.9,-10.86,1.95
18.57,26.36,-8.46,-48.61,-24.15,-13.19,22.09,-17.5,-7.6,-32.12,8.32,-7.24,17.99
18.28,18.7,-10.24,-46.15,-35.44,-25.74,6.97,-16.89,-15.8,-35.52,-4.66,-7.59,11.81
19.46,27.31,-5.22,-53.24,-29.5,-15.09,30.43,-10.42,-6.12,-36.62,3.52,-13.24,15.76
19.55,29.52,-4.16,-46.73,-16.8,-7.28,33.25,-6.62,0.64,-33.75,-3.33,-21.57,7.58
19.35,31.2,2.33,-47.68,-22.44,-5.85,44.46,-4.86,-5.48,-43.83,-1.63,-20.0,13.5
19.06,38.25,-0.87,-52.35,-8.8,-1.86,46.07,-14.22,-0.19,-30.4,14.54,-15.23,12.16
18.89,24.86,-11.18,-53.34,-28.55,-16.8,25.12,-9.59,-1.39,-32.22,1.99,-18.06,5.15
18.5,25.93,-7.65,-51.52,-27.79,-16.74,21.83,-17.54,-13.54,-42.59,-8.51,-25.8,-2.62
18.45,23.4,-8.65,-42.1,-20.93,-8.43,23.34,-6.06,0.88,-19.01,10.15,-7.23,8.32
18.5,22.09,-13.68,-52.93,-27.55,-20.08,17.6,-11.52,-0.86,-25.58,3.53,-10.29,13.75
18.53,30.02,-7.47,-48.34,-20.27,-10.45,27.65,-11.82,-0.63,-33.52,1.74,-18.93,15.79
19.14,15.56,-14.19,-42.37,-25.85,-13.94,14.26,-5.49,-2.95,-21.6,-4.44,-13.64,3.68
18.01,30.41,-4.57,-45.91,-19.62,-9.64,22.18,-23.78,-11.96,-30.39,15.26,-7.93,12.87
18.52,21.6,-10.13,-49.67,-32.23,-20.44,16.46,-11.75,-6.3,-28.42,1.67,-12.89,4.99
18.29,27.01,-7.32,-41.57,-10.17,-8.41,21.58,-13.85,-0.51,-19.75,11.5,-6.01,7.72
18.44,18.23,-11.0,-37.88,-20.27,-14.11,7.26,-15.16,-5.52,-13.61,11.61,0.7,8.98
18.1,40.06,-8.33,-69.6,-24.16,-25.43,24.57,-42.06,-13.74,-36.36,25.31,-8.94,14.56
20.63,24.4,-16.46,-50.48,3.94,1.25,34.14,-21.22,-1.01,-19.95,24.14,4.35,22.5
21.6,27.1,-14.44,-57.68,-3.58,7.05,43.5,-25.39,-7.63,-29.66,29.39,-4.18,20.58
21.14,21.95,-13.95,-44.92,-0.08,4.88,36.34,-12.44,-4.52,-25.2,18.09,3.12,17.77
21.73,16.11,-24.94,-58.03,-10.03,8.55,37.66,-25.11,-13.85,-34.46,21.44,-4.53,22.81
20.31,9.98,-18.6,-38.78,-8.26,4.54,22.81,-13.16,-10.4,-17.66,16.2,7.29,15.92
20.53,12.57,-21.36,-51.67,-24.37,-6.2,23.12,-13.15,-9.57,-23.75,13.7,0.84,16.57
19.94,10.89,-21.38,-51.24,-29.06,-13.77,14.84,-13.19,-9.39,-20.52,11.5,3.89,16.52
19.77,38.25,-8.71,-90.06,-42.73,-20.7,43.93,-52.14,-17.76,-30.41,38.73,-9.02,10.44
20.01,29.73,-12.0,-52.76,-9.23,-15.26,24.37,-21.16,1.34,-16.5,28.0,7.31,20.53
19.03,49.67,2.62,-67.07,-13.14,-9.48,46.33,-29.92,2.45,-20.49,38.84,-12.49,14.45
19.62,42.65,-10.79,-56.8,4.8,-28.76,48.48,-26.95,6.53,-18.74,8.79,3.88,7.57
19.6,23.3,-10.53,-46.82,-25.33,-15.18,14.16,-20.47,-10.25,-24.54,13.88,-2.72,11.94
19.19,18.36,-13.79,-44.15,-20.48,-10.6,15.12,-13.1,-4.18,-16.24,12.9,1.4,14.2
19.25,29.04,-2.8,-45.93,-17.88,-2.87,33.5,-13.95,-4.74,-20.2,26.68,1.67,14.94
