2.53,-45.3,-25.85,-15.33,-20.59,-7.15,-15.55,-7.0,-13.86,-5.24,-11.89,-4.5,-6.03
5.97,3.06,-5.37,-22.95,-14.94,1.55,-4.93,-11.8,-10.78,-5.55,5.37,10.57,11.94
10.49,31.09,25.01,-26.59,-23.51,6.64,30.57,0.84,-16.27,-14.11,11.24,6.33,4.66
8.65,14.7,12.86,-25.26,-28.97,17.98,38.73,14.13,-2.41,4.8,6.66,7.57,10.69
8.76,17.58,16.26,-17.99,-24.19,6.4,27.61,19.25,-1.97,-3.7,7.93,12.5,5.88
8.81,18.32,15.55,-21.64,-26.15,5.41,23.56,9.56,-11.67,-11.28,2.33,3.82,-5.57
8.23,14.12,4.74,-22.49,-8.86,16.52,23.49,-4.65,-10.01,-1.95,7.79,11.23,4.3
7.7,12.38,0.7,-18.33,-16.09,5.81,18.82,9.46,-0.61,0.33,5.33,8.18,5.7
7.56,11.48,5.16,-14.74,-24.47,14.09,33.56,6.55,-12.34,-7.57,10.55,15.16,7.56
7.32,9.86,0.55,-20.22,-26.25,11.76,16.94,4.22,-7.67,-6.23,-0.53,3.33,6.99
7.38,5.47,-2.48,-21.73,-30.02,10.12,18.41,0.08,-17.46,-12.45,9.88,16.42,16.37
7.45,5.96,-3.98,-27.34,-28.51,11.85,18.97,3.17,-7.68,-9.14,0.95,9.76,13.33
7.56,3.61,-4.67,-29.48,-44.89,-8.86,12.61,9.39,-11.83,-19.37,-13.21,0.21,-10.56
7.07,4.02,1.7,-26.75,-25.14,8.47,21.54,8.04,-15.09,-14.26,-6.15,6.18,6.1
7.26,5.27,4.34,-25.06,-19.23,18.36,36.58,-5.54,-21.98,-7.84,15.59,20.17,3.45
6.49,6.88,5.53,-16.85,-22.97,3.57,8.0,-2.5,-16.19,-9.54,1.92,13.33,7.01
7.38,7.64,-0.11,-28.09,-25.11,6.99,9.2,-2.17,-8.93,-7.4,5.26,14.64,6.71
7.47,8.77,5.54,-28.5,-27.42,8.52,25.98,5.67,-18.34,-7.15,16.92,21.02,3.08
7.89,6.24,-0.19,-31.33,-24.64,10.4,21.04,-8.27,-19.22,-5.45,14.78,23.82,9.45
7.99,4.92,-3.84,-32.1,-25.1,11.26,23.66,-1.06,-14.99,-11.01,-0.95,2.78,-0.4
4.7,5.03,6.39,-6.76,-16.16,3.69,0.36,7.61,-8.18,-2.31,-7.84,7.19,3.5
6.49,3.4,0.04,-30.65,-31.31,4.85,18.77,-3.71,-34.11,-20.37,7.16,17.52,-0.3
7.38,7.09,-3.65,-28.76,-22.94,7.17,14.11,5.77,-11.35,-1.16,7.97,5.97,9.97
7.06,7.41,5.1,-21.56,-24.37,7.06,26.03,12.35,-16.01,-5.33,9.36,6.51,-3.49
6.72,5.96,6.36,-15.27,-23.12,10.99,22.72,8.11,-7.94,-0.1,2.92,9.95,4.82
7.28,9.3,2.28,-26.15,-28.1,1.15,13.57,3.26,-15.74,-11.31,1.68,6.69,-2.99
8.08,8.59,-1.07,-33.59,-28.28,6.69,23.05,-0.76,-12.22,-2.63,15.33,10.15,6.22
7.55,7.35,-5.51,-25.62,-21.6,2.97,18.32,6.66,-2.0,1.81,4.23,4.89,3.6
7.55,6.98,2.18,-27.64,-26.16,11.38,23.8,3.41,-11.66,-7.33,12.67,21.8,0.63
7.29,8.11,7.14,-21.96,-19.76,12.26,20.87,1.19,-24.75,-12.32,-1.89,13.26,4.66
7.68,4.56,-3.74,-32.29,-26.79,8.0,17.28,-12.67,-27.59,-13.44,-3.17,5.32,2.42
7.81,7.39,-0.77,-26.47,-13.98,14.71,25.95,0.03,-15.67,-7.27,6.98,11.82,0.84
7.74,10.71,3.86,-23.55,-19.57,11.02,25.7,1.14,-10.68,-8.04,1.44,7.35,1.91
7.45,6.68,2.86,-21.41,-17.79,16.8,21.1,-7.01,-20.84,-9.27,5.87,16.4,13.78
7.72,9.56,0.33,-27.79,-20.85,9.02,11.69,-1.12,-15.68,-5.7,7.83,7.05,8.89
7.15,4.26,-2.37,-33.24,-32.99,3.12,12.95,-12.32,-34.8,-26.39,-5.55,-3.25,-7.98
7.31,9.28,4.73,-22.65,-15.68,12.89,22.97,5.96,-17.86,-7.69,-3.74,-2.23,-2.65
7.06,9.43,10.94,-17.24,-24.0,8.74,23.92,15.19,-14.23,-7.83,-2.69,8.49,-2.27
7.41,9.77,5.24,-23.35,-20.48,14.98,26.26,9.9,-8.87,-2.45,4.19,7.75,-6.79
8.16,15.35,4.71,-26.37,-24.06,5.53,14.16,-3.62,-8.46,-9.43,-0.68,3.98,3.51
9.78,22.44,8.02,-33.2,-30.16,-7.63,13.67,-15.59,-24.84,-18.76,2.35,-2.77,-1.24
11.04,24.72,1.09,-29.09,-6.7,13.13,30.86,-8.44,-7.71,-14.17,19.41,2.26,11.87
10.79,24.62,-2.29,-37.27,-9.02,6.37,22.44,-8.11,-0.6,-16.86,12.6,-2.29,15.44
12.0,28.21,1.47,-46.64,-9.46,11.11,43.46,-11.61,-5.54,-9.7,23.02,3.14,16.35
15.12,26.66,-17.15,-48.42,14.95,1.19,42.49,-20.57,1.97,-18.66,19.96,-0.52,10.16
15.81,11.59,-21.67,-38.85,-0.58,11.81,26.09,-19.65,-10.63,-20.28,18.15,-2.42,11.22
18.85,10.78,-18.87,-37.65,5.26,13.75,27.85,-20.83,-12.15,-18.31,21.54,4.67,11.44
18.87,15.14,-18.32,-40.47,1.34,10.97,30.93,-19.27,-10.17,-22.37,20.14,-1.26,10.08
19.09,14.54,-20.5,-54.99,2.59,18.33,49.81,-23.03,-16.06,-36.58,22.89,-5.14,11.23
17.37,13.7,-18.67,-36.45,0.64,15.26,32.48,-10.16,-7.47,-20.99,14.58,-0.2,13.81
17.47,11.96,-19.33,-46.31,-6.19,9.79,34.49,-14.86,-13.82,-29.97,15.37,6.48,25.26
17.78,6.93,-26.53,-48.84,-6.7,14.69,39.5,-10.42,-6.32,-17.38,31.94,16.64,29.93
17.45,5.05,-24.91,-41.13,-0.61,15.15,32.74,-8.43,-6.59,-17.93,10.91,-4.8,2.78
17.49,25.21,-10.3,-44.12,-7.37,-0.44,28.67,-14.39,1.14,-13.02,24.14,-1.81,7.16
18.08,27.22,-9.79,-53.53,-19.05,-5.64,40.19,2.36,16.06,-10.29,22.84,-7.78,2.37
18.05,15.33,-16.75,-44.3,-21.33,-2.25,29.25,4.67,8.6,-8.13,14.02,-8.42,-3.47
18.01,25.7,-19.18,-63.44,-7.09,-7.53,33.96,-20.7,8.13,-12.09,34.55,-2.9,8.14
17.9,36.05,-9.8,-66.72,-16.75,-11.1,44.35,-14.03,11.93,-15.86,31.59,-11.26,1.56
17.94,30.71,-6.47,-51.23,-14.24,-4.89,32.22,-14.91,0.43,-20.85,21.27,-5.31,10.43
19.61,43.59,11.71,-69.08,-37.66,-14.9,27.66,-34.24,7.15,1.89,35.38,-11.64,13.0
19.36,29.63,-6.56,-59.93,-44.18,-42.06,7.72,-12.38,17.93,-2.86,32.09,5.36,23.39
19.39,18.92,-7.06,-29.34,-29.15,-25.14,-4.56,-3.23,10.68,7.2,16.03,3.39,5.03
19.83,51.58,3.44,-71.88,-30.73,-31.39,35.58,-33.34,9.46,-9.17,49.5,0.9,24.04
19.16,27.61,1.08,-29.73,-20.88,-15.36,11.06,-6.82,-0.11,-13.58,10.11,3.18,17.91
19.22,55.54,-0.49,-74.55,-14.94,-36.8,41.37,-30.13,20.42,-11.55,24.63,-6.82,18.88
19.56,23.82,-9.6,-49.58,-28.98,-15.2,23.94,-3.92,7.85,-10.88,20.69,-2.08,7.53
19.51,43.48,-16.25,-79.48,-19.34,-50.88,40.08,-23.93,24.64,-1.59,29.25,2.45,16.22
18.79,14.86,-14.52,-37.69,-30.07,-18.82,6.44,2.85,14.22,7.18,17.46,1.78,4.52
18.3,12.78,-18.61,-46.2,-33.94,-24.26,1.83,-6.19,9.4,6.26,24.22,11.51,16.55
18.02,23.89,-8.67,-41.26,-25.07,-13.07,18.57,-1.76,8.56,-7.35,19.22,3.01,15.96
17.51,35.99,-7.31,-73.85,-33.81,-14.94,37.88,-25.0,3.85,-7.52,50.28,-1.56,14.84
17.6,19.74,-11.3,-43.93,-31.51,-19.08,12.1,-4.94,6.41,-3.99,20.16,1.54,7.15
17.65,34.73,-10.35,-62.32,-26.51,-34.69,14.86,-17.95,18.61,-0.48,29.17,-8.24,6.62
16.73,32.93,-7.86,-49.86,-11.0,-15.63,19.6,-23.26,0.73,-16.07,22.7,0.81,16.43
18.53,33.96,-7.88,-64.31,-16.45,-1.43,43.1,-19.76,6.64,-15.0,35.15,-7.76,12.83
17.54,14.78,-21.93,-54.1,-28.88,-21.31,6.43,-19.97,-4.09,-11.22,22.94,10.4,19.91
17.91,29.15,-10.73,-59.47,-15.79,-4.67,32.76,-22.99,1.86,-12.55,39.56,4.36,20.01
17.16,20.93,-13.19,-48.6,-23.55,-11.2,23.96,-4.1,6.59,-12.21,19.86,4.18,19.24
17.21,21.16,-10.65,-42.36,-15.09,-2.5,28.53,-2.44,4.28,-13.95,16.06,4.46,21.76
16.79,43.18,-3.23,-64.85,-9.54,-6.53,38.33,-21.76,13.8,-14.32,30.73,-7.16,18.24
16.8,17.96,-10.48,-34.48,-15.37,-5.72,15.46,-5.81,2.16,-4.44,19.16,9.33,14.89
16.66,23.06,-9.99,-50.14,-28.61,-14.94,18.62,-17.15,-6.28,-17.35,22.18,-0.19,8.57
16.16,14.61,-18.25,-52.11,-35.42,-25.38,3.39,-18.88,-6.25,-12.97,17.54,2.6,7.29
17.16,19.58,-13.31,-48.62,-32.78,-21.29,17.63,-2.15,5.37,-18.09,7.76,-3.81,18.06
19.04,18.4,-11.57,-48.37,-34.56,-21.15,25.42,15.66,26.29,-1.8,13.11,-7.18,5.75
18.63,18.5,-10.49,-48.23,-39.77,-28.35,12.44,0.24,13.01,-2.82,23.06,6.16,12.51
18.09,26.54,-7.45,-53.8,-42.4,-40.33,0.09,-18.53,3.13,-14.52,15.9,-3.13,12.72
18.05,24.61,-5.04,-49.15,-43.83,-39.1,4.85,-7.56,7.69,-14.71,11.01,-6.8,10.37
17.51,38.78,4.05,-49.77,-29.08,-26.21,20.97,-13.82,6.66,-17.84,21.3,-1.72,17.45
17.47,39.04,4.05,-42.45,-22.0,-33.33,15.9,-6.86,17.0,-10.37,18.37,-2.51,17.52
18.06,17.97,-5.97,-25.97,-18.57,-11.05,9.01,0.31,2.12,-9.28,1.51,-1.53,9.19
19.64,14.35,-17.96,-55.14,-40.77,-30.48,14.97,-1.71,8.15,-23.63,5.92,-0.56,31.13
18.42,20.47,-7.49,-40.13,-25.51,-17.19,17.66,-1.19,4.7,-19.23,4.06,-1.85,20.71
17.97,20.27,-7.62,-37.57,-32.5,-25.56,5.22,-1.72,9.11,-6.24,10.23,-0.86,12.18
18.3,34.48,2.18,-41.11,-20.35,-19.87,21.76,-5.57,10.84,-17.05,12.45,-4.37,20.64
17.48,14.75,-13.8,-41.44,-34.44,-26.44,1.02,-9.31,-0.05,-9.38,14.29,7.62,15.07
17.52,19.48,-6.86,-35.58,-31.73,-28.11,0.79,-2.37,12.18,2.2,16.7,5.08,11.23
17.64,17.72,-13.31,-48.08,-37.56,-26.08,9.95,-5.44,2.2,-14.93,12.29,2.41,16.25
17.35,14.93,-8.65,-32.65,-27.1,-18.11,12.3,6.27,6.96,-11.94,4.04,6.17,20.92
16.65,31.87,2.4,-43.88,-34.77,-26.86,12.74,-15.9,-3.38,-18.1,24.84,9.76,23.6
16.18,35.56,3.18,-39.34,-19.83,-17.75,15.6,-14.53,2.02,-15.48,17.87,0.46,17.63
16.05,33.97,-3.0,-45.35,-24.96,-16.84,17.22,-18.47,1.15,-19.55,23.24,-1.14,19.08
17.83,22.99,-8.11,-47.65,-31.69,-23.53,18.18,-1.24,9.75,-15.57,10.87,-1.32,20.76
17.34,27.67,-2.8,-44.74,-32.18,-22.32,17.4,-4.35,6.99,-13.31,17.51,2.4,20.7
16.75,16.74,-9.03,-36.65,-33.0,-26.52,0.01,-8.97,-3.2,-13.42,8.01,6.89,17.39
16.83,28.0,6.76,-27.37,-31.61,-31.62,4.16,0.47,12.85,-4.1,14.14,3.04,14.46
16.84,26.81,0.72,-34.19,-28.45,-23.98,10.17,-0.85,11.7,-3.67,19.92,9.45,20.05
16.61,24.73,-4.5,-40.83,-34.94,-27.5,6.99,-7.41,4.55,-9.69,15.9,5.04,19.01
17.23,33.59,0.31,-53.17,-38.31,-29.0,19.07,-11.19,7.83,-11.42,28.72,2.7,18.64
18.12,26.47,-0.81,-34.97,-28.06,-22.9,5.29,-12.02,0.14,-7.61,22.96,14.05,23.31
17.67,39.41,1.32,-49.41,-24.5,-40.62,11.71,-14.05,18.99,-3.13,29.91,6.25,22.6
17.3,41.25,4.33,-53.07,-31.06,-34.3,21.1,-8.87,21.55,-8.16,25.87,-11.44,9.02
16.97,26.66,-4.01,-41.15,-29.65,-25.93,5.13,-9.36,8.57,-4.36,16.53,-2.58,6.82
16.54,39.56,3.71,-44.05,-18.97,-20.65,22.29,-11.98,8.26,-15.45,23.94,-1.11,12.44
17.17,26.4,-3.03,-39.67,-22.56,-13.04,25.17,4.06,12.01,-14.09,8.2,-5.62,10.84
19.68,45.51,2.26,-81.4,-38.49,-24.4,59.69,-17.55,21.19,-20.12,15.95,-25.72,15.62
19.94,34.48,-4.19,-47.18,-12.5,-16.57,32.63,-2.68,11.57,-22.49,7.81,-13.09,9.24
19.77,17.23,-20.38,-66.51,-41.28,-22.68,21.21,-15.19,-2.87,-20.5,22.24,1.0,19.7
18.59,37.12,-3.67,-59.62,-19.06,-9.07,44.22,-4.01,17.76,-15.82,21.28,-20.15,4.83
18.57,37.84,-3.89,-63.19,-21.45,-15.71,39.76,-9.73,14.15,-19.75,20.45,-12.26,17.41
18.7,16.47,-14.99,-45.31,-22.17,-7.29,23.08,-2.92,2.99,-13.69,9.69,-3.87,10.48
19.03,20.49,-12.16,-54.81,-31.33,-13.32,35.35,1.82,4.36,-29.81,4.8,-11.39,14.19
18.75,21.13,-8.32,-36.59,-12.47,-3.02,27.8,1.28,2.08,-24.44,-2.57,-9.36,13.57
19.85,13.43,-17.85,-43.27,-16.8,1.13,32.43,3.17,3.42,-21.38,4.5,-5.92,15.03
18.76,33.18,-14.82,-61.75,-5.63,-19.03,41.15,-19.58,4.57,-26.47,15.75,-0.18,22.74
18.61,24.63,-11.87,-51.05,-16.09,-3.56,37.07,-6.01,2.96,-24.47,15.27,-5.26,17.16
18.37,17.19,-11.26,-42.28,-25.57,-11.97,20.21,-4.2,-2.85,-19.95,10.02,4.91,19.77
18.1,21.88,-16.29,-54.33,-23.93,-8.53,29.03,-10.76,1.32,-21.21,18.98,-4.47,16.72
18.87,15.63,-18.64,-49.68,-12.92,0.5,29.79,-10.64,-2.36,-20.23,16.05,3.08,23.0
19.27,8.19,-24.57,-47.81,-29.16,-12.67,15.65,-1.68,-0.95,-20.89,-2.64,-9.92,6.71
19.18,12.59,-19.24,-53.19,-35.87,-20.13,21.19,6.7,14.36,-8.8,11.48,-0.59,15.49
18.65,22.2,-13.17,-54.3,-28.61,-12.71,31.09,0.79,12.26,-11.71,21.24,-2.86,11.18
18.12,33.0,-12.41,-57.96,-15.89,-26.65,29.77,-9.41,16.75,-11.01,18.44,-6.86,7.59
18.91,40.43,3.26,-51.48,-25.17,-26.4,29.82,-6.88,17.23,-10.91,19.82,-9.97,11.63
21.36,18.96,-8.29,-48.92,-41.75,-34.51,20.03,19.24,37.16,0.36,9.19,-14.12,6.44
20.67,39.2,5.88,-48.87,-25.07,-27.15,35.48,2.12,24.29,-17.8,9.12,-15.92,12.58
22.23,16.71,-8.14,-34.42,-16.96,-5.31,40.42,1.67,1.43,-22.43,-14.86,7.38,10.27
22.9,12.43,-13.53,-32.12,-15.07,-6.12,33.06,4.99,2.42,-16.17,-5.43,6.53,15.26
22.32,19.91,-12.78,-45.88,-12.08,1.35,35.08,-7.03,-5.08,-29.32,6.38,-4.3,19.16
21.81,27.85,-14.94,-66.67,-27.85,-12.2,40.71,-10.86,9.0,-28.96,20.98,-8.9,29.14
21.6,35.18,-15.73,-64.73,-0.66,-18.26,57.23,-13.07,10.09,-28.12,8.9,-6.97,15.68
21.47,8.13,-22.24,-42.9,-24.15,-8.92,14.9,-7.56,-10.18,-26.04,-1.27,-3.89,10.22
21.73,15.18,-16.65,-51.1,-31.46,-17.0,19.89,-3.87,-0.39,-24.92,-1.21,-11.5,8.95
21.02,45.06,-3.24,-71.8,-22.49,-19.33,51.28,-15.53,18.39,-17.75,27.41,-13.49,13.04
20.9,18.53,-11.56,-42.91,-23.35,-11.08,23.84,3.72,9.77,-11.54,10.6,-2.94,8.09
21.4,34.85,-11.05,-72.74,-26.21,-17.23,42.69,-16.17,9.28,-26.64,21.59,-15.99,15.32
20.88,17.15,-15.16,-50.42,-23.8,-7.65,32.84,4.46,11.22,-13.55,14.28,-3.1,12.36
19.91,21.26,-16.78,-61.65,-29.21,-16.1,34.38,0.02,13.11,-17.52,20.25,1.13,21.34
18.88,16.54,-20.33,-57.04,-32.01,-21.95,7.75,-21.09,-5.82,-16.78,15.07,0.18,16.68
19.98,20.95,-13.56,-55.74,-30.79,-14.59,33.1,1.32,9.13,-24.02,9.52,-9.04,15.22
19.95,18.25,-14.73,-56.42,-33.88,-15.26,32.84,5.66,10.48,-20.22,7.94,-11.24,7.98
19.74,35.57,-1.46,-75.02,-39.56,-10.67,55.95,-10.38,9.9,-15.74,35.96,-12.99,9.76
19.2,17.66,-17.08,-57.06,-29.73,-13.32,25.37,-9.4,-1.68,-25.62,7.44,-10.58,10.04
18.67,20.48,-17.51,-58.77,-31.73,-15.94,25.99,-4.92,9.71,-13.81,17.63,-7.55,11.3
19.21,14.82,-19.68,-57.38,-28.14,-11.71,26.89,-8.57,-2.31,-26.25,7.02,-8.95,10.85
19.98,37.33,-6.4,-65.77,-19.08,-4.67,41.35,-22.5,3.46,-19.54,33.73,-9.31,14.18
20.35,33.42,-6.41,-54.49,-17.08,-13.31,26.46,-18.53,9.35,-6.72,35.63,1.25,10.7
19.84,40.95,-6.01,-69.89,-25.77,-26.02,28.23,-28.93,8.33,-16.62,29.11,-5.54,19.04
19.58,35.86,-0.94,-62.37,-35.86,-18.22,28.76,-23.85,-1.66,-17.2,34.39,-3.07,13.21
18.91,22.27,-6.13,-40.14,-28.71,-17.39,14.01,-8.87,-4.28,-17.82,13.62,5.53,17.1
19.65,17.79,-10.93,-37.61,-17.59,-7.29,16.05,-8.42,0.96,-6.15,18.95,1.73,3.58
19.35,29.3,-9.33,-61.55,-34.12,-23.46,21.71,-17.02,3.28,-16.82,27.33,0.61,18.41
19.03,21.55,-16.43,-62.44,-36.83,-25.23,13.06,-21.9,-4.49,-22.59,12.85,-12.26,1.41
18.69,25.13,-3.46,-41.08,-24.76,-13.35,25.52,1.57,7.3,-17.31,10.45,-3.77,12.93
18.39,12.69,-13.38,-32.38,-15.92,-4.91,13.37,-5.87,-4.47,-12.74,5.64,-0.27,7.5
18.19,43.8,2.74,-70.51,-26.97,-8.61,47.36,-28.09,-5.85,-19.06,41.14,-8.65,17.42
17.14,21.12,-11.34,-49.38,-30.72,-18.77,17.22,-8.81,-1.36,-21.18,8.27,-7.2,10.59
18.46,36.29,-5.97,-63.04,-23.45,-20.62,30.5,-14.83,9.13,-17.86,29.97,2.39,31.0
19.13,33.74,-3.34,-68.33,-40.58,-21.48,37.44,-17.77,-2.39,-27.73,26.3,-6.6,21.77
19.97,23.44,-4.66,-40.35,-31.95,-23.86,13.94,-0.25,8.59,-10.86,15.99,8.58,24.45
20.21,26.3,-7.16,-56.71,-42.21,-32.35,17.69,-1.99,17.69,-7.98,21.29,-4.1,13.03
19.05,22.9,-6.39,-44.03,-33.47,-22.38,18.76,2.75,11.77,-10.69,13.01,-2.87,9.92
18.16,32.56,-1.9,-53.4,-34.76,-26.37,19.3,-11.6,6.28,-18.51,16.1,-8.03,14.0
18.21,31.66,-1.52,-44.07,-28.58,-20.21,19.9,-7.19,5.35,-19.52,15.16,-3.58,19.16
19.19,25.05,-5.25,-39.45,-26.86,-23.96,7.05,-6.88,7.23,-10.89,6.35,-8.43,8.02
20.47,33.0,-1.52,-47.75,-30.86,-28.26,14.66,-11.62,6.63,-22.02,10.96,-7.03,18.84
19.96,34.95,7.14,-42.76,-31.46,-18.12,28.22,-6.33,-0.51,-24.04,13.9,-11.44,4.68
19.55,30.69,-5.15,-56.72,-36.18,-29.43,19.72,-15.43,-3.77,-41.4,-1.56,-22.42,17.66
19.28,14.33,-13.97,-46.09,-34.26,-23.1,14.84,0.8,2.98,-24.49,-5.34,-8.31,16.13
18.66,18.34,-7.13,-37.9,-31.24,-19.78,17.22,5.43,4.46,-19.9,1.18,0.5,19.73
18.41,22.93,-8.05,-55.72,-41.93,-36.34,11.99,-14.87,-7.13,-44.77,-9.53,-16.2,22.74
17.75,35.17,4.47,-39.44,-27.3,-20.78,18.99,-9.24,1.5,-26.24,6.63,-12.3,12.62
18.04,28.07,2.03,-25.58,-14.19,-10.82,8.14,-11.71,-1.84,-6.82,17.85,7.5,12.92
19.83,37.78,11.16,-22.05,-11.3,-24.66,13.59,1.89,-0.75,-11.05,25.13,6.27,4.02
20.48,31.45,7.51,-18.3,-12.85,-19.33,-3.36,-19.89,-9.61,-20.23,-3.7,-4.63,-0.01
18.22,22.91,4.9,-3.33,-3.34,0.29,2.57,-3.51,-6.46,-6.75,-4.9,-7.98,-10.62
17.6,29.32,2.63,-28.89,-14.16,-8.51,13.38,-15.04,-9.72,-22.46,3.72,-11.46,-3.47
20.12,59.24,20.8,-41.53,-8.4,-21.49,27.0,-36.82,-7.76,-23.18,27.89,-12.77,8.21
19.62,34.19,7.36,-27.47,-18.96,-21.4,3.67,-16.45,-5.54,-23.41,-2.05,-12.09,3.71
20.28,54.37,19.47,-48.4,-18.38,-9.52,37.98,-31.59,-11.03,-32.37,21.97,-16.63,11.91
18.0,43.23,14.65,-28.37,-3.61,4.31,38.67,-7.62,0.58,-17.86,22.41,-2.36,11.93
17.09,39.75,8.76,-24.95,9.64,2.52,29.64,-11.43,-0.6,-21.72,10.94,-0.35,19.46
16.79,28.27,5.87,-18.07,-8.87,-5.86,11.86,-9.61,-10.25,-25.8,-6.31,-11.49,-2.15
17.68,40.96,12.03,-29.65,-9.87,-12.7,22.86,-7.22,4.14,-26.94,3.72,-7.42,20.88
18.84,38.78,7.08,-44.19,-24.11,-20.22,29.98,-2.31,14.16,-19.36,16.19,-9.8,13.95
18.12,36.16,5.98,-33.03,-15.3,-7.63,29.68,-2.1,2.46,-28.42,3.06,-16.58,8.62
18.33,24.24,1.69,-21.18,-12.98,-4.6,19.64,8.87,11.09,-5.63,2.07,-10.27,-2.28
18.31,27.42,5.02,-23.24,-14.78,-5.33,26.86,10.76,9.59,-16.0,1.27,-6.45,8.44
18.26,35.7,6.83,-36.85,-20.86,-13.71,26.02,-2.59,8.26,-18.65,7.7,-15.91,2.25
19.31,29.4,-4.4,-49.53,-32.83,-23.51,21.26,-4.94,8.84,-20.08,9.73,-11.93,11.21
19.35,50.32,3.1,-72.43,-24.62,-16.76,39.5,-35.82,-1.22,-35.35,14.22,-27.74,4.58
19.07,34.91,-9.7,-61.48,-27.88,-28.31,22.14,-12.11,18.18,-13.82,20.3,-14.51,12.65
18.31,41.21,4.74,-59.05,-31.05,-15.59,39.57,-14.86,2.25,-24.13,26.0,-12.4,11.09
18.1,30.8,-2.17,-40.1,-23.34,-15.22,22.46,-1.2,11.83,-12.55,14.41,-4.69,15.1
18.14,17.33,-7.7,-30.49,-17.4,-4.71,19.65,1.62,-0.93,-16.05,1.49,-3.91,5.03
18.1,34.11,0.85,-42.7,-16.78,-7.55,29.53,-8.26,6.23,-14.35,21.28,-7.56,2.36
18.46,36.18,0.72,-53.14,-24.82,-17.57,31.06,-12.49,2.58,-30.25,7.94,-17.14,9.98
19.77,33.75,8.87,-28.81,-18.83,-12.75,23.78,-3.44,-3.23,-34.26,-5.54,-14.21,10.01
19.74,32.26,2.36,-34.95,-9.76,-3.94,33.29,0.81,6.79,-24.93,3.84,-7.67,19.01
19.01,37.68,-2.01,-57.27,-28.03,-23.15,25.63,-22.04,-8.78,-41.51,3.85,-25.71,-1.97
18.82,25.62,-5.65,-41.19,-15.11,-3.03,30.64,-3.84,-0.17,-25.32,3.15,-13.96,3.93
18.52,30.85,-9.29,-45.58,-11.05,3.54,43.17,-0.08,13.23,-21.41,15.32,-13.9,17.19
18.41,28.32,-5.16,-50.71,-24.81,-11.8,31.64,-6.27,1.27,-29.03,6.94,-11.84,12.84
18.01,31.11,-0.87,-42.01,-21.15,-8.88,30.01,-3.25,4.53,-19.62,16.87,-1.68,17.13
17.44,30.98,-8.63,-54.04,-19.5,-16.55,21.0,-19.99,1.23,-22.08,15.57,-4.38,19.54
18.82,32.67,-4.91,-52.12,-16.43,-10.03,33.27,-13.15,0.03,-29.73,11.03,-10.68,16.03
19.19,33.04,-7.2,-52.68,-11.62,-9.18,36.23,-10.7,5.5,-25.31,12.96,-6.61,22.57
17.94,32.65,-5.12,-52.8,-16.71,-11.88,31.47,-13.93,0.28,-27.44,12.14,-10.23,13.12
18.76,34.9,-1.21,-52.57,-12.24,-3.95,45.07,-8.02,3.05,-34.73,10.11,-10.92,25.3
18.3,21.87,-6.97,-31.77,-13.48,-3.49,25.36,4.82,7.24,-18.72,0.59,-6.26,17.24
18.18,34.69,-6.51,-55.39,-13.24,-10.16,33.4,-18.26,0.96,-27.85,15.47,-8.68,15.84
19.06,39.23,-9.67,-76.69,-27.99,-18.35,44.85,-26.64,4.95,-22.69,29.67,-14.52,14.5
18.25,14.8,-14.79,-42.59,-24.35,-8.63,24.91,10.55,17.02,0.0,16.03,0.1,5.79
18.44,25.83,-5.96,-42.58,-26.13,-15.29,17.36,-8.86,2.12,-14.79,16.67,-0.5,14.41
18.29,16.85,-16.79,-54.85,-42.98,-36.32,-4.93,-26.31,-18.16,-35.74,-8.48,-17.41,-0.78
17.96,27.94,-2.14,-53.22,-31.59,-11.74,37.72,-3.41,0.85,-24.6,17.86,-4.08,15.49
17.12,34.59,-2.36,-43.43,-12.3,-16.89,24.03,-9.33,7.8,-21.13,9.5,-5.68,17.74
17.81,20.57,-11.46,-39.7,-14.64,-3.03,23.13,-7.58,-1.47,-18.3,10.77,-2.35,13.77
17.91,16.29,-11.54,-39.0,-26.83,-17.17,6.39,-15.7,-16.18,-29.55,-5.11,-10.18,-0.81
18.02,34.49,-2.05,-41.94,-16.33,-5.96,28.64,-9.84,4.32,-21.79,12.75,-13.52,12.46
17.29,30.02,0.88,-42.53,-27.9,-17.15,21.25,-9.6,-3.64,-27.25,3.97,-13.12,3.84
16.8,19.03,-5.34,-24.27,-15.1,-6.41,12.7,-2.7,-5.82,-22.34,-7.88,-9.58,4.82
18.1,43.88,-5.29,-63.81,-18.32,-39.54,17.81,-43.41,-18.21,-49.11,-0.02,-20.39,7.53
19.19,15.93,-11.69,-30.68,-15.64,-2.14,18.32,1.99,3.97,-6.02,11.59,2.76,8.92
19.38,39.1,-14.93,-59.05,6.54,-26.8,49.56,-29.66,-0.14,-24.16,7.24,3.38,11.98
18.69,46.18,-2.4,-70.77,-19.16,-13.95,45.07,-27.45,1.61,-30.24,31.87,-12.72,22.37
18.78,38.86,-4.59,-55.7,-4.36,-2.16,42.43,-15.28,8.72,-18.39,29.79,-4.54,16.21
18.64,22.36,-11.37,-42.65,-16.86,-3.02,24.91,-11.35,-5.05,-23.17,11.78,-4.87,12.92
17.58,45.5,0.3,-60.53,-13.61,-21.84,44.44,-15.84,5.01,-24.02,27.9,-1.69,17.04
21.5,15.74,-14.23,-48.03,-33.94,-16.89,27.12,13.1,16.88,-11.19,7.79,-6.68,10.04
20.45,34.43,-8.18,-56.91,-15.32,-14.95,32.17,-13.76,7.95,-21.58,12.6,-19.2,-0.43
20.99,24.38,-7.62,-58.11,-33.56,-16.92,39.83,4.27,9.53,-29.6,8.31,-11.86,16.5
20.15,27.13,-4.96,-48.68,-24.28,-9.11,34.41,-1.26,5.36,-22.13,10.84,-10.99,8.33
21.18,26.25,-9.96,-57.05,-28.2,-19.51,36.58,3.87,19.14,-32.17,-5.33,-31.31,10.14
20.31,18.36,-10.39,-42.53,-20.98,-7.54,30.11,2.59,0.58,-30.61,-6.79,-13.81,12.35
20.57,25.23,-6.08,-45.46,-18.84,-1.41,45.16,10.05,12.42,-26.99,0.88,-21.2,7.85
19.99,14.75,-8.82,-29.68,-9.5,5.34,36.23,14.09,3.95,-30.46,-19.64,-23.65,0.6
19.39,28.43,-8.81,-52.05,-16.57,-7.94,38.38,0.21,9.5,-26.2,2.32,-23.21,-5.32
18.89,26.86,-9.75,-55.34,-22.34,-9.2,31.91,-13.3,-3.26,-33.75,-1.18,-26.34,-1.88
18.9,28.54,-1.77,-34.36,-13.18,-6.42,27.55,1.98,7.83,-20.01,2.66,-9.94,10.92
19.1,26.76,-3.95,-43.64,-22.89,-10.02,26.56,-8.08,-5.74,-32.51,-3.32,-20.72,-1.37
18.76,27.68,-2.14,-44.02,-23.36,-8.29,30.06,-8.12,-6.7,-30.32,5.7,-11.58,7.16
18.61,17.83,-10.0,-38.85,-21.95,-12.85,17.02,-6.94,-9.3,-35.97,-14.62,-16.47,8.8
18.63,22.78,-8.98,-36.73,-14.22,-3.1,21.64,-10.17,-5.52,-24.71,4.61,-6.7,15.53
18.43,24.56,-5.72,-42.35,-23.4,-14.23,17.89,-12.82,-8.33,-31.13,-1.88,-11.32,11.71
18.48,31.36,-7.89,-51.43,-19.64,-19.25,18.36,-24.92,-9.37,-32.81,8.55,-8.88,14.88
18.79,40.91,-9.03,-61.78,-9.95,-43.51,40.5,-25.85,-0.28,-40.15,-3.73,-0.99,22.97
18.04,29.81,-11.31,-53.03,-16.4,-12.3,27.9,-18.54,-2.76,-32.11,8.4,-14.12,13.75
17.9,20.93,-9.13,-41.55,-24.27,-15.52,14.03,-11.67,-8.68,-28.8,-4.13,-13.02,3.99
18.22,32.79,2.1,-52.24,-33.81,-21.63,26.68,-13.04,-6.09,-37.23,2.93,-17.39,14.03
18.41,50.08,1.16,-68.72,-18.32,-26.99,41.99,-25.46,11.07,-34.42,7.61,-23.16,16.59
18.74,50.99,11.3,-43.66,-7.53,-10.88,37.62,-15.52,5.88,-33.64,8.88,-23.73,8.63
17.74,52.11,8.66,-39.85,11.26,-11.52,48.67,-13.24,5.06,-25.85,7.79,-15.28,5.37
16.82,39.51,6.91,-40.1,-14.41,-13.65,21.46,-20.72,-11.3,-38.17,-3.21,-23.19,1.87
17.64,43.48,-6.95,-62.77,-5.82,-26.31,38.43,-29.52,-3.67,-35.33,9.75,-6.3,23.14
18.01,37.32,3.19,-38.06,-8.42,-0.27,36.15,-7.15,1.54,-26.96,9.95,-15.45,6.92
17.88,32.08,6.74,-34.46,-21.19,-10.56,30.21,-3.85,-8.03,-39.65,-6.85,-19.54,-0.94
17.99,27.73,-8.97,-49.72,-25.56,-20.82,13.7,-22.79,-9.5,-35.56,2.56,-11.39,13.15
17.49,33.44,-8.54,-49.62,-8.13,-19.48,28.3,-20.52,-0.77,-29.9,-0.79,-10.8,0.93
17.59,43.16,4.47,-36.74,-9.97,-0.84,33.62,-20.83,1.67,-24.41,4.34,-4.38,12.11
19.88,20.61,-2.01,-21.04,-7.83,0.88,16.26,-6.18,-9.53,-20.62,-2.49,-7.94,-1.94
20.66,26.3,3.32,-17.49,-9.14,-11.52,7.77,-9.39,-4.99,-18.27,-1.17,1.16,6.01
19.46,23.38,0.2,-19.42,-9.81,-4.76,9.25,-4.65,2.59,-0.36,13.89,2.88,4.18
18.03,24.2,2.95,-15.01,-1.37,10.69,28.71,7.24,4.49,-7.06,10.05,-0.64,1.64
17.02,33.76,14.93,-11.14,0.53,10.54,34.49,-0.34,-8.14,-22.1,5.04,-0.68,4.38
19.15,48.13,20.13,-25.96,-0.44,2.07,30.22,-26.0,-17.04,-34.43,12.45,-9.74,12.25
17.25,41.43,19.89,-24.99,-10.12,9.59,44.39,-10.14,-14.79,-23.73,29.16,4.44,13.22
17.27,39.51,16.53,-28.7,-10.5,1.98,36.2,-13.0,-14.04,-29.87,16.64,-4.0,6.78
17.25,41.03,8.82,-34.97,-0.91,9.21,49.61,7.97,21.21,-6.25,26.77,-1.35,19.42
16.48,26.79,6.87,-13.86,-7.77,1.51,22.54,8.64,4.15,-10.05,3.81,0.39,8.54
17.64,41.99,6.07,-33.14,3.43,-3.67,31.16,-10.34,3.48,-25.1,1.25,-21.98,0.33
17.41,25.47,0.08,-20.58,-0.48,10.26,30.27,0.6,-2.96,-25.16,-4.83,-13.67,5.22
18.19,29.65,4.55,-29.44,-15.05,-4.52,28.1,-1.51,-5.83,-30.93,-1.62,-10.24,6.87
18.22,30.42,2.36,-25.15,-4.86,5.7,31.43,2.24,7.42,-12.21,13.24,-2.27,13.85
17.6,36.81,0.54,-40.19,0.01,-0.99,47.71,7.51,17.67,-20.58,8.23,-11.52,18.3
18.11,30.52,6.56,-22.37,-11.35,-1.98,28.04,7.72,7.27,-15.93,3.14,-4.64,14.11
17.85,40.16,7.35,-34.35,-6.07,-6.05,30.21,-5.49,8.38,-16.16,14.95,-5.24,16.98
19.15,25.41,-0.98,-35.5,-28.25,-20.61,16.67,3.93,11.44,-13.48,5.3,-5.85,17.27
19.34,22.41,-0.19,-28.96,-23.78,-16.15,18.54,9.3,10.76,-15.04,-2.06,-9.58,7.59
20.1,28.41,0.65,-33.62,-22.6,-15.3,19.49,0.9,6.92,-15.29,8.73,-4.51,8.21
20.56,40.94,4.91,-52.67,-25.42,-17.11,26.99,-22.67,-2.89,-28.88,16.53,-13.11,13.33
18.74,30.72,3.72,-33.48,-23.17,-14.54,21.14,-2.64,3.18,-16.48,12.65,-0.45,15.4
18.03,36.57,3.82,-44.09,-22.56,-15.03,23.04,-14.56,-0.03,-23.84,16.2,-1.87,21.37
18.33,45.8,12.78,-50.91,-24.88,-11.03,36.33,-22.87,-5.63,-22.39,32.81,-6.14,11.84
17.36,52.8,9.14,-54.12,-5.05,-11.04,42.86,-21.59,-0.34,-33.5,21.11,-17.04,15.53
17.98,30.55,1.53,-34.22,-22.59,-14.38,14.43,-10.62,-2.92,-20.32,4.6,-14.58,-3.31
17.96,35.13,6.66,-27.08,-7.3,-6.19,28.89,6.88,17.78,-10.13,6.02,-15.19,0.43
17.59,37.35,9.66,-34.37,-15.71,-5.23,31.59,-5.08,2.94,-14.95,19.68,-7.45,0.29
17.38,34.34,6.08,-31.81,-13.77,-7.2,26.56,-1.88,6.75,-16.91,8.53,-8.47,9.23
17.87,27.09,1.49,-30.58,-19.1,-9.88,25.46,5.99,6.42,-21.77,-3.42,-13.4,5.96
17.91,18.16,-7.67,-31.0,-13.29,0.13,27.27,7.32,4.03,-20.34,-9.0,-17.84,-1.63
17.29,26.12,-1.38,-37.02,-22.71,-11.33,23.36,-4.94,-6.32,-32.3,-5.4,-15.89,4.1
16.73,31.77,0.07,-42.85,-19.15,-8.82,25.35,-15.51,-10.41,-34.94,-0.61,-20.42,-0.46
17.04,33.91,0.72,-46.74,-17.98,-10.93,27.05,-11.24,4.44,-21.87,7.04,-17.1,1.92
17.04,26.9,-1.66,-34.66,-14.85,-5.29,20.13,-14.6,-12.69,-29.4,1.47,-10.28,3.97
16.7,25.6,-5.23,-38.8,-24.19,-16.42,7.2,-25.58,-22.93,-38.88,-8.22,-20.33,-5.84
16.32,33.93,2.26,-41.25,-14.16,-2.09,36.39,-6.13,0.39,-26.24,10.87,-10.12,9.34
16.76,35.96,-2.06,-49.98,-15.88,-12.36,28.06,-21.43,-6.22,-30.49,15.44,-7.38,14.2
16.01,37.71,3.32,-41.88,-14.86,-12.72,23.9,-15.74,-0.29,-21.3,12.86,-9.07,8.96
15.58,19.33,-4.37,-20.94,-13.55,-2.49,15.99,7.33,5.62,-7.64,-1.12,-7.67,0.37
16.38,36.58,5.71,-36.65,-11.23,-3.46,40.32,3.17,10.47,-24.73,4.79,-16.04,7.42
16.46,22.97,-5.02,-30.49,-19.71,-11.02,10.4,-9.71,-6.93,-21.0,-0.54,-10.19,3.21
17.31,33.31,-6.12,-56.46,-15.45,-5.25,38.13,-15.85,-0.86,-29.9,12.62,-11.91,16.32
17.51,24.27,-8.96,-44.05,-20.61,-8.34,28.61,-3.03,1.14,-28.61,2.32,-12.47,12.62
17.5,16.14,-11.3,-38.0,-19.08,-7.22,20.74,-5.13,-7.97,-30.37,-6.98,-11.02,6.66
16.77,26.32,-3.76,-43.11,-18.35,-0.72,36.95,-4.16,-3.67,-26.5,10.82,-7.39,8.53
16.19,17.11,-12.66,-40.81,-17.81,-5.16,21.29,-9.83,-11.66,-33.12,-8.08,-15.48,4.61
16.17,16.86,-11.87,-29.84,-9.27,3.79,20.54,-5.89,-7.02,-20.74,0.59,-5.52,9.62
16.73,51.23,10.48,-63.98,-13.58,-1.39,49.4,-35.99,-9.08,-26.03,30.98,-9.79,15.84
16.76,42.66,-0.56,-57.63,-11.3,-12.7,35.44,-29.98,-5.99,-33.95,18.85,-10.61,15.62
18.5,23.62,-11.6,-49.21,-12.66,-7.44,23.64,-23.07,-11.4,-31.27,13.37,0.69,23.3
17.89,18.54,-16.31,-44.24,-18.33,-14.35,10.77,-19.74,-9.2,-27.33,8.46,3.91,27.26
17.32,31.97,-7.84,-45.24,-2.03,-14.6,24.36,-23.6,-6.93,-31.11,11.89,4.1,26.81
17.43,27.36,-5.9,-47.45,-14.57,-5.04,22.67,-35.83,-30.11,-46.04,11.43,-1.83,27.33
16.56,23.87,-4.74,-34.7,-11.6,-5.14,19.5,-14.8,-12.54,-32.83,-1.48,-4.69,18.94
16.62,19.87,-6.17,-26.31,-8.73,-2.74,8.36,-24.8,-24.14,-30.14,3.58,1.85,16.64
16.54,20.87,-5.17,-31.37,-13.29,-8.51,8.16,-26.3,-24.18,-33.18,2.88,1.12,16.1
16.86,28.92,-2.35,-44.61,-20.04,-6.44,29.52,-12.8,-8.32,-32.91,4.22,-15.08,8.73
16.43,26.86,-1.0,-31.78,-11.9,-2.65,24.6,-5.31,-3.91,-22.44,4.3,-8.71,3.61
16.45,22.35,-4.44,-26.91,-14.39,-4.92,13.12,-8.12,-6.62,-16.14,5.27,-1.56,9.14
15.72,41.5,3.6,-43.7,-14.22,-27.62,12.53,-26.7,-3.89,-30.73,3.95,-10.02,11.04
15.2,38.75,3.9,-34.97,-5.46,-10.93,20.25,-17.85,-2.2,-23.14,10.52,-5.74,12.08
14.97,25.47,-0.13,-28.78,-15.31,-8.6,11.51,-19.14,-17.32,-27.76,5.14,1.22,13.2
15.38,30.1,4.83,-29.12,-15.0,-5.15,22.74,-5.39,-3.54,-19.95,11.81,2.74,16.42
15.68,41.97,12.25,-39.02,-12.19,-1.54,30.81,-23.33,-14.33,-28.46,18.67,-10.64,2.24
15.59,37.84,9.33,-20.79,-4.63,0.58,20.66,-11.86,-4.55,-21.73,4.83,-11.97,3.58
15.76,25.66,4.92,-15.88,-4.82,4.18,20.95,-4.56,-12.77,-27.65,-7.8,-11.49,-1.4
15.68,35.99,13.47,-17.25,-3.28,-0.56,20.25,-12.24,-10.81,-28.72,1.04,-6.7,9.18
17.02,40.06,17.08,-18.98,-9.2,-7.54,16.78,-16.05,-10.37,-23.57,13.14,3.34,15.71
17.38,47.99,23.5,-32.43,-16.12,-9.78,27.65,-26.11,-14.93,-27.47,24.79,-2.13,11.9
17.82,25.99,7.81,-11.43,-13.69,-16.02,-2.25,-6.98,1.19,-1.73,11.99,7.78,9.73
17.77,44.69,15.35,-34.08,-19.53,-25.99,7.65,-31.87,-10.68,-22.41,23.72,-2.51,10.37
17.65,23.57,5.64,-15.19,-19.26,-28.03,-16.25,-20.84,-3.77,-1.16,16.65,7.68,8.13
17.09,35.99,13.97,-22.51,-22.81,-31.35,-2.31,-15.89,3.76,-10.81,13.71,-3.12,10.14
17.13,18.44,-4.1,-22.85,-15.06,-6.28,13.68,3.6,3.92,-7.2,4.32,-0.34,6.61
17.3,30.4,4.07,-34.55,-28.02,-23.68,15.1,-2.82,5.76,-21.38,4.56,-6.06,18.28
17.35,23.61,-5.69,-44.99,-38.76,-35.42,0.27,-16.24,-9.48,-36.11,-15.7,-26.97,-6.28
16.8,17.86,-4.01,-20.32,-12.79,-2.96,18.11,8.53,2.69,-18.74,-14.72,-18.22,-4.18
16.06,47.61,6.05,-44.4,-3.8,-25.83,24.52,-24.77,-2.0,-30.24,8.18,-6.77,17.08
16.77,41.26,6.42,-53.75,-30.79,-21.94,30.16,-17.99,-2.39,-31.15,16.66,-12.7,13.82
16.18,23.81,-5.06,-39.25,-26.8,-20.14,13.41,-5.1,1.25,-22.4,-2.96,-11.78,6.05
16.51,23.71,-1.44,-29.84,-26.67,-22.17,6.49,-2.61,3.95,-17.07,-5.51,-16.56,-0.53
16.42,32.18,2.2,-36.71,-17.77,-12.79,24.79,-0.78,7.91,-18.34,7.28,-8.93,8.43
16.02,32.31,-4.01,-52.4,-27.06,-23.3,26.57,-4.23,8.69,-25.75,6.89,-13.51,7.92
16.49,21.54,-7.32,-44.67,-29.48,-17.66,19.87,-6.06,-5.03,-32.94,-6.98,-17.87,5.7
16.82,21.07,-8.6,-38.53,-22.29,-9.12,21.86,0.49,4.46,-17.97,-0.3,-17.47,-0.84
16.07,32.08,-3.63,-49.99,-19.73,-13.54,27.02,-11.71,-0.77,-31.4,4.55,-17.12,8.55
15.94,21.96,-12.14,-50.57,-24.8,-12.04,25.67,-9.31,-6.98,-37.05,-7.0,-24.44,-2.15
15.78,34.78,-3.88,-59.09,-26.77,-22.25,19.87,-25.6,-8.76,-39.4,-0.83,-24.46,7.66
16.32,34.07,0.18,-56.54,-28.96,-13.34,29.13,-28.48,-22.46,-48.89,0.3,-28.28,-0.31
16.6,20.52,-8.49,-37.55,-16.89,-8.28,21.8,-2.01,0.98,-23.17,-1.1,-6.37,17.9
16.24,23.63,-3.08,-40.0,-30.17,-21.03,21.07,1.03,3.24,-29.75,-5.35,-11.72,16.46
16.02,23.94,-7.56,-44.46,-23.91,-13.68,21.27,-6.54,-1.35,-26.16,-1.43,-14.69,6.05
15.5,26.67,-3.11,-42.46,-27.15,-18.45,19.55,-10.65,-8.14,-31.5,5.57,-1.4,16.07
15.19,31.25,-5.42,-57.76,-29.46,-18.88,23.91,-22.21,-6.93,-29.65,11.02,-8.64,17.23
15.13,26.28,-7.68,-44.31,-25.09,-12.76,22.24,-4.87,6.18,-15.07,14.08,-8.2,8.42
15.3,30.59,-12.59,-54.77,-10.05,-18.96,29.51,-8.81,11.46,-15.89,15.46,-1.7,18.24
16.18,8.18,-26.26,-52.59,-29.33,-15.44,9.16,-21.76,-16.84,-31.86,1.02,-8.97,6.92
15.89,14.88,-14.87,-45.31,-26.95,-14.41,17.11,-6.02,-2.72,-20.81,6.92,2.72,21.93
16.17,34.37,-0.13,-53.82,-17.9,3.31,45.3,-14.39,-6.13,-32.89,16.04,-16.7,10.02
16.14,43.41,-0.17,-45.09,14.05,1.45,50.42,-16.39,-3.6,-42.33,-9.14,-27.76,2.04
16.18,26.34,-1.48,-25.85,2.93,19.08,44.01,3.54,-2.68,-30.42,-2.86,-17.03,5.04
16.16,29.68,2.8,-33.84,-14.15,-2.28,27.43,-14.0,-17.47,-41.86,-9.66,-23.19,-2.19
16.09,33.58,5.1,-26.65,-5.25,2.63,27.05,-15.08,-12.26,-34.09,4.4,-6.78,14.04
