18.18,-4.16,-16.9,-20.83,-24.66,-2.97,0.28,-2.62,-11.68,-2.23,13.21,20.92,14.3
17.86,18.5,-9.76,-27.96,-8.44,1.48,14.59,-12.41,-6.32,-8.45,22.38,15.06,22.45
17.4,23.56,-4.24,-29.48,-11.02,-4.88,13.05,-10.32,0.23,-5.79,15.87,-0.22,3.05
17.29,37.13,0.07,-52.03,-13.81,-12.22,25.17,-31.4,-16.91,-34.69,23.93,2.71,21.63
17.37,23.08,-1.73,-27.2,-5.49,3.03,19.84,-18.09,-15.47,-21.47,15.12,3.39,8.9
18.05,29.07,-6.9,-42.52,-7.08,1.86,28.48,-20.79,-5.32,-20.32,27.02,3.65,24.73
17.54,29.67,-0.47,-39.1,-14.67,-6.29,23.66,-15.19,-3.88,-17.8,23.55,4.96,16.46
17.39,35.23,2.39,-40.01,-5.53,1.67,34.15,-14.71,-4.42,-23.4,18.64,-4.79,11.15
17.8,45.6,4.34,-53.41,-11.73,-13.85,34.73,-23.04,0.38,-22.32,30.39,0.86,25.85
17.28,25.23,1.21,-22.03,-11.21,-5.02,17.89,2.4,6.16,-10.93,3.84,-5.72,5.95
18.01,22.59,-5.31,-33.02,-14.21,-3.67,21.32,-3.26,1.4,-11.88,12.47,2.23,14.24
18.1,31.91,-4.39,-41.74,-14.31,-3.47,28.43,-11.54,-0.14,-24.34,13.67,-7.61,20.5
17.81,35.82,1.47,-48.76,-17.16,-3.59,35.52,-20.45,-7.16,-21.86,30.1,-0.84,13.0
17.85,37.62,-1.98,-51.37,-14.02,-2.85,30.59,-28.98,-3.16,-19.53,37.18,-1.95,18.11
17.36,26.22,-2.68,-32.76,-12.21,-4.22,19.56,-7.92,1.02,-9.27,19.51,7.51,17.96
16.84,35.73,4.43,-35.34,-10.34,1.76,32.99,-8.05,2.24,-15.95,24.48,1.93,16.11
18.1,32.26,-0.59,-43.79,-9.48,3.26,35.14,-17.17,-4.43,-21.38,23.92,-4.61,12.15
17.18,30.94,-3.27,-34.62,-11.73,-3.87,19.71,-13.49,-0.2,-16.37,13.03,-11.26,7.76
17.44,30.79,2.91,-36.78,-15.96,-0.9,34.97,-1.08,5.69,-12.4,20.75,-4.46,6.23
17.03,43.51,3.33,-50.82,-11.77,-13.18,27.86,-26.41,-2.19,-20.18,31.22,-0.15,19.07
17.33,52.15,1.51,-66.0,1.17,-9.05,39.81,-46.12,-6.42,-27.43,38.74,-0.86,20.74
17.66,16.53,-13.37,-33.31,-8.4,2.32,15.84,-18.77,-13.52,-17.51,18.11,9.09,20.33
17.39,32.99,-2.22,-52.68,-17.5,-5.91,29.55,-32.07,-15.56,-27.57,32.43,1.78,16.95
17.35,21.83,-5.49,-32.93,-18.91,-12.4,5.83,-23.15,-16.14,-21.41,11.92,1.88,8.88
17.62,41.72,-1.19,-51.39,-9.42,-20.9,26.36,-21.5,0.23,-29.99,12.76,-8.73,18.98
17.67,20.39,-6.45,-28.1,-16.91,-8.29,8.21,-9.65,-4.99,-10.41,10.92,3.85,10.46
17.31,32.93,-3.46,-45.52,-17.98,-18.02,19.44,-13.23,3.6,-17.32,18.12,2.29,22.18
17.3,32.24,3.16,-38.18,-21.11,-10.99,25.42,-7.07,2.82,-15.61,24.61,7.31,22.57
17.05,20.02,-4.99,-26.69,-6.43,4.98,26.19,0.79,1.51,-11.8,8.89,-2.02,4.68
17.52,24.71,-6.37,-31.05,-8.33,-2.37,13.26,-19.78,-7.34,-13.24,21.15,4.88,16.0
17.28,32.29,4.02,-34.77,-12.45,-0.52,30.39,-10.12,-3.85,-19.33,20.46,1.27,13.19
16.95,36.66,3.51,-41.47,-13.97,-13.73,24.44,-17.51,-8.52,-33.07,9.48,-7.56,7.27
16.81,51.21,3.93,-45.75,14.84,-15.14,42.89,-31.37,-5.9,-27.83,9.31,-6.91,6.5
16.74,36.4,3.6,-34.37,-7.18,-3.94,20.68,-24.87,-10.91,-23.79,22.86,6.53,25.07
17.08,29.77,2.81,-26.57,-7.24,-2.43,15.39,-17.91,-8.79,-13.15,20.23,6.49,13.56
16.85,36.38,4.68,-38.32,-17.51,-8.14,24.66,-16.34,-6.65,-24.38,16.45,-5.81,12.36
17.11,28.82,3.47,-30.82,-18.86,-7.3,23.8,-5.48,-7.32,-26.32,3.69,-9.01,1.03
17.11,27.12,0.36,-22.82,-6.32,1.31,19.22,-4.75,-0.25,-10.85,10.8,-1.04,8.53
16.96,29.73,3.01,-32.41,-11.06,-0.19,30.97,-6.22,-4.34,-25.1,11.63,-0.79,15.78
17.25,29.84,-0.26,-38.28,-16.05,-5.14,27.24,-11.69,-4.24,-23.11,17.37,1.37,19.45
17.83,26.49,-0.83,-32.83,-11.9,-5.98,17.34,-18.18,-10.27,-20.74,17.11,6.14,18.16
17.81,35.09,-0.56,-38.68,-1.69,-3.87,27.18,-19.07,-5.26,-26.74,15.61,-2.01,19.75
18.14,27.35,-2.2,-36.82,-13.25,-6.91,18.91,-18.77,-10.13,-24.13,13.45,0.12,14.88
17.21,36.68,5.1,-29.47,-7.76,-7.42,20.02,-10.87,3.08,-15.57,17.76,3.55,22.21
17.26,51.29,12.98,-41.66,-2.74,-2.14,42.39,-11.26,14.51,-16.59,23.88,-15.84,5.93
16.65,40.97,4.39,-38.75,-10.72,-6.19,30.26,-12.7,6.24,-14.98,25.47,-4.46,15.19
16.75,43.85,9.27,-44.69,-9.63,-1.36,35.31,-20.33,-5.36,-24.99,25.73,-5.31,18.59
17.5,36.62,7.49,-35.95,-20.92,-12.59,21.94,-13.47,-5.02,-24.04,15.34,-0.45,16.68
17.11,29.24,3.02,-29.31,-18.7,-13.07,12.56,-9.3,-2.61,-14.4,11.81,5.01,21.34
17.41,32.7,3.21,-31.44,-17.43,-8.64,22.98,-1.32,8.75,-9.44,18.41,0.55,13.36
16.63,25.78,0.74,-26.95,-14.07,-5.96,15.75,-9.04,-7.7,-19.71,6.08,-1.11,9.32
16.55,39.84,10.48,-44.25,-21.66,-4.01,42.09,-6.42,2.92,-20.85,22.95,-11.29,2.99
16.82,42.28,-1.32,-52.71,-11.1,-20.16,21.75,-26.03,1.52,-26.5,12.48,-12.65,15.24
17.25,34.57,1.48,-45.09,-20.65,-7.96,32.47,-7.88,5.45,-14.44,26.41,-1.42,13.88
17.68,38.64,-3.78,-64.06,-26.02,-20.45,28.38,-27.72,-4.62,-27.28,27.97,-4.36,18.68
17.04,29.62,2.83,-38.6,-20.69,-5.7,29.91,-7.49,-4.41,-21.09,14.21,-6.68,1.76
17.47,26.36,-6.49,-48.74,-27.82,-16.76,18.05,-17.22,-7.33,-22.81,14.1,-8.64,-0.74
17.5,39.69,-5.3,-63.85,-27.31,-20.0,20.24,-39.36,-10.44,-25.84,35.14,-6.11,19.2
17.35,29.77,0.69,-40.66,-23.4,-10.1,25.6,-8.74,-1.75,-16.55,19.96,-0.11,8.87
17.78,23.93,-6.08,-34.42,-22.48,-14.36,8.46,-10.02,0.91,-8.05,12.86,-4.74,2.2
17.37,27.06,-2.79,-39.2,-19.2,-10.46,16.29,-20.17,-11.95,-21.72,14.86,-2.4,6.17
17.23,30.06,-0.83,-35.63,-16.51,-7.4,19.0,-14.61,-4.86,-19.09,13.39,-6.41,8.81
16.99,38.36,4.56,-47.38,-23.29,-13.49,21.79,-25.0,-7.84,-21.42,25.13,-7.37,6.59
16.73,33.83,-1.54,-44.7,-22.21,-13.44,20.08,-18.38,-3.05,-19.56,22.94,-4.16,11.74
17.14,52.79,8.14,-61.88,-18.11,-19.33,31.63,-37.66,-8.52,-29.19,24.26,-17.5,13.5
16.81,24.46,-3.79,-29.16,-20.0,-12.44,8.11,-8.16,-1.64,-10.58,12.39,6.37,18.02
16.59,43.18,-4.32,-51.84,-1.34,-29.58,28.65,-32.0,-9.06,-36.87,2.02,-8.19,10.98
17.78,27.76,-6.26,-41.78,-18.9,-8.76,21.39,-12.14,1.76,-14.56,23.77,4.75,24.27
17.59,32.82,1.29,-45.66,-27.18,-17.52,20.6,-15.58,-3.98,-23.22,17.56,-2.23,15.56
17.06,23.19,-4.09,-28.05,-13.44,-2.48,19.05,-2.53,1.27,-7.61,18.49,9.12,15.51
17.45,31.01,4.07,-37.82,-23.65,-11.22,29.15,-2.96,2.16,-14.41,28.13,16.34,31.08
17.46,35.55,-3.45,-48.13,-15.0,-17.2,12.92,-41.24,-23.42,-38.58,12.83,-10.53,5.67
17.11,44.86,-0.53,-53.8,-5.39,-21.22,27.81,-38.3,-9.9,-25.2,26.4,0.32,14.13
17.57,38.99,4.49,-47.84,-19.14,-7.23,31.96,-19.79,-3.18,-18.32,33.95,4.99,24.36
17.63,34.07,-5.48,-48.15,-8.45,-12.74,25.35,-17.89,3.19,-14.11,30.6,7.65,21.2
17.45,28.55,1.45,-37.55,-17.04,-3.78,28.46,-12.26,-3.99,-10.55,37.34,18.61,22.22
17.27,28.09,-0.03,-33.85,-17.69,-8.1,20.61,-5.75,2.25,-9.57,20.87,7.26,17.13
17.31,34.13,3.67,-35.15,-15.79,-5.83,25.84,-8.91,-0.08,-20.11,13.41,-7.94,7.18
17.73,28.14,0.45,-29.84,-10.5,-3.65,22.01,-7.42,-4.01,-23.45,1.89,-5.59,14.97
17.58,24.85,-4.2,-29.41,-14.09,-3.83,17.22,-4.52,2.46,-9.51,10.64,-5.63,5.02
17.76,22.45,-7.8,-37.93,-16.09,-5.07,22.37,-4.45,3.36,-9.59,19.21,9.5,25.49
17.83,17.56,-10.11,-29.28,-11.9,-0.53,16.73,-7.64,-8.32,-20.89,2.64,-0.74,15.29
17.29,32.19,5.92,-30.57,-8.84,2.31,34.65,-5.6,-6.41,-30.53,6.21,-2.9,18.92
17.33,38.71,7.55,-41.46,-23.18,-16.55,26.52,-11.03,-2.12,-29.35,13.09,-4.86,27.65
17.24,52.93,5.14,-53.7,4.73,-13.18,48.43,-22.95,3.45,-22.33,21.12,-6.74,13.67
17.26,24.05,-2.82,-24.11,-11.08,-2.55,12.21,-10.17,-7.08,-14.84,5.55,-5.42,1.32
17.33,21.52,-4.05,-28.51,-17.0,-9.53,10.06,-8.91,-6.86,-18.0,-0.03,-9.48,-3.26
17.88,32.78,0.57,-46.89,-16.2,-7.29,30.9,-8.49,4.95,-16.8,19.79,0.58,22.15
17.97,28.83,0.75,-29.25,-4.84,2.67,25.95,-7.33,2.93,-6.78,25.68,6.92,11.88
16.79,34.42,5.21,-33.94,-14.16,-3.27,28.32,-8.85,-0.13,-16.49,22.75,3.9,19.4
17.18,40.33,10.48,-36.55,-16.42,-7.56,26.79,-14.6,-1.01,-14.39,32.77,8.99,18.75
17.58,36.79,8.0,-28.69,-5.04,2.03,26.77,-17.12,-4.15,-14.98,31.05,10.04,20.47
17.49,35.52,7.33,-32.6,-15.89,-7.58,25.83,-5.34,4.62,-12.47,18.9,-0.4,14.2
16.93,43.63,12.01,-41.8,-24.05,-17.39,24.59,-17.48,1.27,-19.7,23.92,-5.28,13.61
16.99,23.67,-5.57,-40.37,-24.51,-17.89,5.86,-27.96,-22.24,-31.35,6.12,-6.87,-1.97
17.85,50.83,10.52,-58.26,-14.59,1.73,47.9,-27.24,6.53,-12.48,48.24,-3.29,18.02
17.39,41.51,2.31,-52.14,-11.06,-5.54,31.87,-25.18,-1.95,-22.39,25.47,-9.07,13.13
17.52,28.88,-0.01,-33.56,-18.49,-11.27,14.36,-15.77,-8.75,-21.88,12.83,2.39,18.76
17.48,43.52,0.19,-47.86,0.76,-12.92,40.07,-18.73,4.41,-29.49,16.43,-1.09,22.27
17.66,34.36,4.38,-35.54,-8.24,-0.36,32.37,-15.42,-7.45,-30.02,19.27,3.76,28.31
17.09,39.94,10.16,-40.48,-17.39,-0.91,40.04,-8.19,1.73,-17.14,24.25,-4.78,13.26
17.07,47.28,6.66,-50.41,-4.18,-7.02,39.83,-17.53,5.38,-26.18,23.27,-2.28,25.98
17.51,30.51,-5.55,-43.77,-13.78,-15.64,16.87,-21.34,-8.06,-28.39,5.63,-10.33,6.24
17.37,19.6,-9.44,-33.14,-19.18,-12.42,2.62,-23.11,-17.13,-20.53,11.49,7.43,19.94
17.68,31.89,-4.41,-43.37,-4.05,-0.07,33.76,-11.74,5.35,-17.14,20.61,-3.92,12.84
17.4,18.42,-8.18,-26.1,-11.62,-2.01,11.87,-10.08,-10.91,-20.18,1.49,-1.34,10.18
16.98,43.07,-0.5,-55.87,-8.61,-8.85,33.56,-29.43,-0.01,-25.92,31.18,-0.57,24.79
17.17,28.46,0.6,-30.81,-12.58,-5.22,22.68,-6.98,-0.5,-21.33,7.44,-6.13,8.78
17.52,40.86,0.37,-52.67,-8.98,-7.35,36.87,-15.15,8.54,-18.82,23.72,-11.2,9.3
16.96,17.84,-11.24,-29.56,-13.54,-3.41,11.73,-6.48,-1.07,-7.14,11.83,1.81,9.55
18.67,23.83,-11.39,-48.43,-12.57,-5.77,26.77,-15.59,0.31,-15.89,25.87,7.78,22.26
18.67,16.64,-12.45,-36.35,-7.77,3.15,23.39,-15.47,-6.39,-14.72,25.21,7.49,13.69
17.03,28.19,-2.3,-43.95,-21.28,-9.04,24.82,-18.63,-14.08,-30.4,13.03,-1.76,14.29
17.61,22.46,-9.1,-41.28,-24.74,-14.28,11.51,-16.7,-9.0,-19.11,14.99,3.11,16.45
17.91,43.37,-5.36,-53.26,1.66,-22.2,43.36,-20.79,7.89,-15.81,21.66,4.99,12.71
17.55,32.97,2.48,-54.68,-25.8,-8.89,28.5,-32.71,-19.09,-27.1,28.6,0.44,16.39
17.18,31.09,-5.25,-46.43,-17.09,-15.31,16.89,-20.01,-2.22,-15.75,26.99,8.65,22.31
17.62,17.19,-14.48,-41.98,-23.97,-14.13,9.73,-15.39,-10.02,-25.44,0.48,-9.15,5.23
17.99,22.15,-10.25,-45.05,-17.96,-7.54,21.08,-16.1,-6.67,-22.56,11.92,-4.26,12.04
17.3,21.43,-7.78,-30.09,-16.58,-8.3,8.37,-10.67,-1.82,-8.46,10.13,-5.83,-0.19
17.34,44.35,1.55,-57.03,-11.82,-10.75,31.95,-28.07,-1.51,-30.13,24.37,-7.96,20.21
17.43,34.91,0.07,-51.08,-25.27,-15.08,21.18,-28.0,-11.2,-23.88,23.6,-7.01,6.8
16.89,35.55,1.36,-50.73,-29.42,-19.48,18.71,-25.53,-12.64,-34.11,8.42,-20.22,-5.7
16.96,48.18,-1.79,-60.12,-4.29,-7.54,39.58,-32.21,2.95,-30.48,26.67,-17.2,11.35
17.4,34.09,1.08,-45.28,-23.17,-14.85,21.48,-16.07,-0.32,-15.12,24.41,-1.5,10.97
16.67,34.32,1.17,-34.67,-9.68,-16.88,9.03,-23.11,-8.3,-24.17,9.28,0.28,20.31
16.91,31.88,3.6,-36.95,-21.79,-13.38,13.87,-23.17,-14.33,-21.49,19.95,2.75,10.98
17.41,33.47,0.81,-58.35,-34.1,-20.63,14.27,-43.85,-31.51,-38.13,16.95,-10.13,4.53
16.56,21.76,-6.34,-38.25,-26.67,-19.6,8.38,-12.41,-8.37,-23.79,3.95,-0.41,14.16
16.88,41.11,-0.15,-71.3,-23.83,-7.01,34.9,-41.83,-19.55,-40.75,19.33,-16.05,18.88
17.25,35.62,-1.18,-51.42,-23.02,-17.52,18.91,-26.85,-6.79,-22.71,24.68,1.27,20.8
16.64,24.9,-6.65,-35.59,-20.1,-16.5,5.84,-14.51,-0.01,-10.13,12.32,-1.69,11.54
16.96,28.26,-1.19,-36.64,-18.97,-13.37,12.53,-20.37,-10.75,-18.93,19.15,4.74,10.94
17.28,30.52,-11.55,-51.01,-21.52,-15.09,13.01,-28.56,-7.24,-24.77,16.41,-15.0,10.05
16.35,28.05,-4.26,-45.88,-25.09,-15.56,19.58,-12.9,-0.58,-17.23,18.62,-6.46,4.4
16.48,31.0,-2.23,-39.93,-21.36,-12.98,16.22,-18.97,-10.0,-31.3,0.5,-19.15,1.18
16.49,22.45,-1.72,-35.89,-34.23,-25.34,6.2,-11.64,-13.38,-28.64,2.37,3.57,17.31
17.4,35.47,-3.84,-53.57,-23.75,-25.33,19.27,-20.31,-0.64,-26.24,15.91,-3.9,21.66
17.17,18.54,-7.56,-31.21,-17.49,-9.86,9.02,-12.18,-9.89,-18.65,5.89,4.74,17.3
16.99,35.95,-3.98,-48.51,-28.04,-24.6,6.13,-33.2,-14.12,-31.0,16.49,-6.65,19.07
16.78,27.12,-5.41,-46.31,-24.14,-13.27,20.65,-14.2,-3.74,-18.57,16.49,-4.88,6.57
17.1,22.72,-7.59,-39.87,-23.95,-14.14,11.03,-17.14,-9.93,-20.97,10.77,-0.89,15.28
16.79,20.81,-9.4,-39.81,-20.23,-9.95,14.57,-12.31,-5.18,-16.52,10.3,-2.17,9.41
16.68,28.96,-3.45,-34.92,-5.65,-1.56,20.76,-21.21,-8.78,-21.72,18.24,-0.79,14.16
17.55,17.45,-10.48,-33.62,-10.55,-2.56,13.39,-18.03,-12.73,-19.62,8.84,-0.35,9.64
17.88,30.16,-1.95,-40.84,-11.85,-0.62,27.02,-22.28,-9.05,-19.64,28.88,1.96,12.93
17.66,42.45,-8.82,-57.57,7.97,-18.16,49.39,-30.82,3.49,-19.42,25.95,6.54,11.08
17.9,20.64,-11.32,-34.76,-10.64,0.47,19.46,-10.81,-0.8,-9.3,20.59,3.36,13.04
17.67,26.58,-5.57,-47.8,-16.67,-2.31,28.21,-24.2,-12.83,-25.5,20.28,-8.88,2.69
16.82,21.07,-8.92,-39.19,-25.27,-16.24,8.33,-15.12,-11.15,-24.39,1.21,-8.96,2.12
16.84,18.43,-5.48,-25.14,-16.51,-10.65,4.66,-9.11,-4.55,-7.74,10.5,4.46,4.65
17.36,46.34,3.38,-60.78,-18.58,-16.54,36.27,-25.95,0.64,-25.32,29.35,-8.75,13.61
17.25,24.62,-5.61,-41.62,-21.69,-10.92,18.9,-13.15,-3.38,-14.97,19.75,2.29,11.34
16.98,29.53,-3.6,-41.56,-19.53,-10.78,17.6,-17.07,-0.73,-9.8,27.92,1.95,10.27
17.04,40.35,0.62,-51.91,-17.27,-14.03,25.08,-24.94,1.67,-15.29,31.45,2.61,22.21
17.44,26.94,-2.52,-34.52,-14.11,-3.54,24.45,-8.08,-3.23,-18.84,14.91,0.5,12.69
17.57,42.34,1.72,-52.76,-8.97,-8.01,38.68,-20.44,-1.2,-29.92,17.59,-12.45,16.89
17.07,29.47,-0.61,-33.57,-14.58,-4.54,23.71,-8.17,-3.13,-22.34,8.58,-5.59,11.23
17.02,39.66,6.26,-50.09,-26.26,-15.78,30.06,-16.34,-2.62,-24.17,24.73,-2.19,22.12
17.33,25.84,-1.25,-35.9,-24.1,-15.48,18.42,-0.85,4.18,-16.57,6.68,-4.04,11.78
16.84,52.64,7.12,-60.59,-8.5,-16.06,38.12,-24.34,4.84,-27.62,18.61,-15.84,13.45
17.02,44.06,4.38,-53.78,-22.39,-19.97,31.67,-20.31,2.26,-30.36,15.35,-13.57,13.47
17.24,52.59,9.88,-67.67,-18.39,-4.72,50.19,-29.26,0.74,-26.87,23.67,-20.37,15.83
17.57,32.06,-4.4,-43.1,-17.27,-7.7,27.39,-12.47,-3.91,-36.81,-1.64,-22.94,9.3
17.44,33.27,4.0,-35.35,-14.94,-6.75,27.32,-7.16,-0.45,-23.28,10.22,-4.67,16.0
17.2,41.65,4.31,-46.22,-6.15,1.14,43.47,-10.6,7.08,-28.92,14.9,-11.03,19.61
17.08,47.35,11.44,-46.6,-10.76,-0.17,45.38,-10.65,5.11,-21.81,26.47,-12.75,11.49
17.06,29.47,-3.7,-37.04,-6.05,-0.37,27.85,-12.29,-5.28,-29.36,3.12,-11.94,7.07
17.51,51.69,4.78,-66.3,-4.14,-0.59,49.11,-31.56,0.19,-27.88,33.47,-5.28,31.34
16.94,36.7,-0.34,-44.89,-5.71,4.32,38.22,-20.65,-5.54,-30.36,19.16,-7.85,18.48
17.3,39.89,3.84,-43.41,-5.88,0.18,40.36,-8.33,6.67,-20.03,24.82,-2.85,19.46
17.18,41.88,6.23,-41.1,-8.77,-2.19,36.79,-10.97,6.31,-16.88,29.63,-2.1,13.05
16.58,30.29,5.19,-32.44,-13.53,1.89,37.48,-1.87,-5.68,-30.73,7.64,-2.05,17.19
16.88,47.76,4.64,-55.86,-5.72,-4.78,43.4,-23.28,0.22,-32.31,23.77,-16.18,12.48
17.56,32.59,2.36,-41.51,-17.34,-5.37,33.33,-8.65,-2.28,-27.31,11.94,-3.56,21.38
17.42,25.33,-6.09,-37.67,-19.29,-7.1,22.56,-6.0,-1.34,-21.85,4.95,-13.78,1.26
17.26,52.72,4.58,-57.37,0.01,-18.41,46.95,-17.94,6.87,-15.75,23.3,-18.57,6.81
17.14,39.07,8.43,-43.96,-17.5,0.47,48.12,0.16,9.74,-18.3,25.12,-4.1,18.06
16.83,27.72,0.62,-33.94,-16.25,-2.08,34.96,10.16,14.27,-8.73,17.94,3.84,17.71
17.2,33.94,6.46,-34.34,-14.96,-3.54,33.98,1.27,8.47,-11.06,26.06,10.53,22.4
17.33,26.6,0.25,-27.76,-13.54,-5.14,19.64,1.42,9.42,-2.04,16.17,-0.3,3.74
17.33,42.94,3.66,-54.06,-23.78,-13.34,34.76,-18.27,1.82,-19.17,30.84,-13.32,5.92
16.98,40.5,-6.13,-43.4,3.08,-30.13,33.74,-11.25,19.41,-2.11,14.41,6.2,9.15
17.47,25.89,0.22,-24.5,-14.71,-5.4,18.51,3.21,6.74,-9.53,6.44,-0.61,13.84
17.56,28.17,-0.58,-35.11,-12.56,-1.56,28.7,-4.92,2.44,-14.36,18.88,5.29,20.98
17.26,39.01,5.42,-43.85,-10.3,2.56,35.66,-19.32,-1.93,-16.08,34.34,-2.33,11.13
17.45,24.26,-3.41,-30.71,-11.68,-2.43,19.15,-7.21,0.9,-5.7,23.27,11.92,19.33
17.12,31.66,2.44,-27.24,-9.62,-4.13,20.38,-7.95,2.82,-9.39,21.31,4.68,13.84
17.74,22.69,-5.21,-33.36,-14.49,-1.67,25.9,2.71,8.81,-3.13,19.96,4.41,9.66
18.43,29.01,-4.86,-43.63,-14.55,-0.41,34.06,-7.47,4.75,-15.53,24.97,0.97,17.42
17.89,22.3,-6.95,-37.09,-16.93,-3.77,25.39,1.84,9.65,-4.06,18.7,0.58,6.94
17.56,26.73,-1.3,-32.27,-14.67,-3.31,24.42,-4.53,2.52,-11.95,15.41,-5.84,1.09
18.1,22.1,-6.47,-34.3,-13.46,-3.92,19.58,-6.69,1.77,-9.86,12.93,-4.84,1.24
17.87,27.97,-6.16,-37.1,-12.21,-7.66,13.22,-22.83,-6.6,-17.77,18.54,-2.87,11.56
17.76,53.59,13.01,-65.68,-21.74,-2.02,44.45,-30.92,12.1,-7.83,37.47,-13.82,9.37
17.62,30.22,-1.78,-37.11,-18.34,-11.75,21.1,-4.49,7.46,-11.51,19.55,4.19,21.54
17.46,37.98,1.77,-39.15,-7.54,-11.68,20.24,-19.73,0.87,-15.34,20.72,0.04,15.6
17.99,36.2,-0.21,-42.2,-14.84,-6.53,30.29,-11.41,6.57,-15.03,22.95,-5.96,13.44
18.13,22.11,-5.7,-33.21,-14.35,-6.82,18.01,-7.0,-2.91,-18.99,6.85,-0.87,12.34
18.08,31.2,5.38,-32.25,-22.45,-16.41,22.73,6.32,16.15,-5.11,20.93,6.19,15.16
17.85,36.38,3.26,-38.58,-12.43,-7.68,26.75,-6.14,11.14,-8.34,22.25,-1.17,15.7
17.92,24.04,-2.95,-30.77,-21.99,-14.72,8.49,-9.3,-4.44,-16.0,7.63,0.07,11.37
17.33,23.25,-2.47,-24.46,-9.2,-2.87,14.63,-3.79,3.26,-4.13,13.33,2.99,9.75
17.83,28.01,0.09,-33.32,-19.8,-11.53,21.71,0.0,7.55,-14.5,10.32,-1.89,14.8
17.85,27.31,1.78,-28.96,-17.36,-8.2,22.52,5.6,11.07,-8.05,12.03,0.87,13.06
17.71,26.0,-3.52,-31.4,-14.32,-7.13,20.33,1.15,11.19,-3.9,17.11,2.19,12.64
17.94,42.86,9.84,-48.01,-20.62,-2.77,44.49,-2.67,15.24,-13.3,23.15,-18.92,5.03
17.54,30.56,3.63,-35.16,-23.66,-13.7,23.58,-1.73,2.75,-20.7,10.04,-1.81,16.42
17.51,31.68,0.19,-39.5,-17.53,-8.76,26.82,-3.88,7.34,-16.61,10.12,-10.04,10.23
17.65,36.14,-0.85,-41.9,-7.36,-10.18,35.65,2.9,20.23,-11.97,15.06,-6.35,15.57
18.13,56.03,6.47,-67.86,-6.15,-13.16,59.43,-28.99,4.69,-20.94,26.99,-7.64,22.42
17.83,42.37,3.88,-45.53,-9.71,-15.85,24.5,-13.98,11.93,-14.54,15.75,-12.64,9.86
18.66,30.68,-2.36,-43.64,-14.15,-7.17,24.88,-17.75,-4.43,-20.26,25.18,9.13,28.27
18.62,31.66,0.37,-33.17,-6.95,1.79,32.94,-1.29,8.24,-15.04,13.68,-7.64,7.64
18.56,34.52,0.05,-44.33,-14.61,-5.97,31.22,-10.09,2.75,-19.0,19.3,-4.59,14.1
18.24,25.18,-4.91,-33.05,-7.68,5.66,30.54,-5.52,-1.13,-16.51,17.24,0.47,12.6
18.64,36.71,2.24,-44.97,-6.97,1.29,36.85,-19.26,-4.75,-29.03,20.15,-3.56,21.61
18.48,24.38,-7.85,-41.35,-19.14,-9.21,19.07,-12.42,-4.05,-19.11,13.28,-3.58,8.05
18.83,30.6,-3.24,-45.7,-13.32,-4.31,28.91,-20.31,-8.6,-23.78,23.65,1.76,18.3
18.68,33.53,-1.11,-42.98,-5.57,4.85,39.02,-15.8,-3.62,-23.82,24.53,-2.13,17.37
18.6,16.05,-10.47,-30.81,-6.25,4.17,21.39,-9.97,-8.73,-17.32,12.86,8.37,18.38
18.86,25.83,-4.96,-33.56,-4.88,7.34,31.77,-11.39,-11.66,-33.13,4.92,-5.14,19.26
18.85,31.92,-3.95,-44.91,-4.85,-1.9,28.46,-26.3,-10.79,-27.35,23.38,0.61,15.54
18.52,22.69,-8.55,-31.57,-7.14,3.42,22.46,-8.54,-3.42,-17.71,8.95,-4.21,12.37
17.86,55.4,8.22,-67.92,-6.74,4.32,63.15,-35.67,5.51,-19.98,31.23,-10.83,16.86
17.91,21.69,-9.26,-36.62,-16.41,-6.0,19.33,-9.75,-4.21,-20.04,14.58,8.71,27.47
17.84,35.39,3.2,-35.5,-3.58,0.08,34.29,-7.38,2.94,-21.54,15.24,-4.75,14.91
17.94,22.66,-5.92,-31.16,-10.97,-0.94,19.08,-11.45,-6.11,-16.73,13.45,-0.17,9.0
17.57,31.22,1.01,-33.53,-3.1,4.83,33.1,-9.11,-4.04,-27.22,5.58,-8.51,16.88
17.7,31.38,-1.86,-38.63,-12.15,-9.63,21.53,-13.37,-6.12,-30.6,-2.12,-19.97,-2.03
17.66,33.9,4.59,-35.56,-14.76,-4.9,29.26,-5.97,-1.15,-26.38,4.68,-12.98,8.48
17.94,41.04,1.34,-44.35,-3.39,-4.31,36.73,-13.03,3.03,-26.59,12.61,-17.28,4.4
17.83,37.5,-2.19,-48.61,-11.29,-10.49,27.98,-18.79,2.58,-23.23,12.6,-17.92,2.42
17.76,47.62,1.36,-51.19,-10.56,-8.86,34.7,-20.34,7.73,-25.62,21.45,-20.18,15.31
16.99,33.2,3.11,-36.71,-17.29,-9.14,26.1,-3.92,6.01,-15.01,13.22,-6.95,10.16
18.42,43.32,8.29,-41.98,-18.13,-17.2,28.05,-12.36,6.66,-19.61,21.57,-5.81,13.06
17.6,33.06,2.59,-39.87,-20.53,-10.75,28.76,-1.05,12.56,-5.27,24.9,-0.6,11.94
18.13,29.41,-1.3,-40.96,-23.44,-15.05,26.14,1.14,10.83,-17.96,9.74,-7.5,13.51
18.02,29.83,4.25,-36.86,-26.06,-13.29,26.19,-4.4,-4.34,-28.38,4.24,-9.69,7.71
17.91,32.96,1.94,-39.21,-20.4,-9.44,26.26,-4.47,9.67,-9.41,22.61,0.06,15.56
17.31,30.81,2.8,-29.69,-7.18,0.72,28.22,-3.43,4.48,-12.24,15.24,-0.89,15.0
16.67,34.83,9.76,-28.65,-9.35,1.89,30.95,-10.81,-4.27,-16.27,22.17,1.92,10.57
16.81,36.17,6.1,-35.08,-10.67,-1.39,31.38,-9.31,-0.16,-17.76,22.37,2.64,19.5
16.67,53.1,15.34,-46.27,-5.31,-3.1,43.33,-14.3,13.4,-18.6,23.8,-6.52,11.1
16.92,43.61,10.94,-38.05,-12.65,-5.6,32.41,-10.18,6.99,-12.31,29.16,0.03,19.42
17.25,22.97,-0.9,-19.27,-8.53,-0.07,16.1,1.42,5.96,-0.89,13.98,3.24,9.62
16.61,26.26,2.17,-22.31,-8.57,-0.46,21.56,1.21,2.95,-11.71,5.25,-3.77,7.79
17.22,37.73,-0.55,-46.77,-11.55,-12.87,28.59,-10.4,11.11,-16.83,19.12,-4.47,21.93
16.83,43.34,4.34,-47.61,-7.83,-3.41,35.71,-14.51,10.22,-15.36,25.79,-7.18,21.81
16.66,32.44,4.0,-25.32,-5.18,3.78,25.57,-10.37,-4.3,-17.49,16.22,-1.08,10.96
16.97,33.43,3.71,-38.45,-11.14,2.62,38.11,-7.31,1.34,-17.65,27.43,6.71,21.35
17.1,38.82,7.27,-42.73,-14.82,1.17,39.81,-9.28,3.57,-14.99,30.28,-0.98,15.42
17.14,47.14,7.87,-39.65,3.56,-6.01,41.18,-13.52,7.18,-19.62,24.73,2.83,23.75
16.89,38.94,8.26,-34.28,-7.39,-4.3,35.43,-2.71,8.08,-23.23,12.71,-2.6,23.94
16.97,36.29,9.43,-34.31,-17.8,-2.74,33.34,-5.82,1.34,-13.73,29.68,10.0,24.17
17.28,34.24,9.31,-26.89,-17.86,-15.48,17.38,-0.24,9.56,-9.87,14.26,1.55,16.79
17.69,35.67,5.39,-42.32,-20.29,-4.97,35.98,-6.84,3.64,-14.31,28.76,3.16,16.93
17.37,33.13,7.3,-24.77,-7.98,0.93,28.18,-5.09,0.52,-13.35,22.42,8.11,18.54
17.53,27.97,0.66,-29.17,-12.58,-4.15,20.87,-2.16,6.12,-5.95,19.11,8.62,21.51
17.72,33.52,4.64,-26.97,-7.08,2.3,26.81,-6.32,1.29,-12.54,19.51,1.11,15.16
17.89,27.71,-2.43,-37.54,-13.85,-6.23,21.23,-14.55,-3.92,-13.7,27.37,12.74,22.2
17.61,20.56,-6.73,-22.25,-2.88,8.04,20.87,-1.64,1.63,-6.24,12.53,3.9,15.7
17.95,23.18,-1.0,-23.49,-8.05,0.74,20.5,-1.67,0.74,-11.03,7.68,-0.72,9.72
17.96,50.63,8.23,-55.25,-8.31,-7.2,51.51,-14.88,11.49,-16.51,36.89,-3.66,13.01
17.75,37.24,3.59,-42.34,-7.46,5.94,45.65,1.37,16.4,-9.13,29.1,-3.41,16.87
17.83,42.96,-4.59,-44.95,-6.34,-1.7,31.19,-25.33,6.86,-16.35,40.47,1.25,34.09
17.6,23.85,-5.78,-33.42,-9.36,0.02,25.49,-1.92,4.96,-8.03,17.84,4.64,16.84
18.06,27.21,-2.34,-40.27,-18.87,-5.35,28.44,-8.16,-1.78,-16.42,25.41,10.28,21.82
17.38,27.82,1.16,-30.78,-14.16,-1.54,29.46,4.87,11.24,-3.11,22.67,6.69,14.79
17.53,31.92,6.12,-31.69,-13.87,0.51,38.81,6.53,7.25,-18.44,14.85,3.11,23.34
17.61,39.94,10.6,-33.04,-11.55,-7.12,34.81,-0.03,10.19,-11.92,31.43,14.53,25.28
17.68,34.22,9.74,-29.49,-13.62,-2.01,34.67,4.55,8.34,-10.85,21.24,3.22,12.65
17.35,24.47,-0.39,-23.64,-9.3,-3.69,14.35,-6.63,0.4,-6.89,15.45,8.19,18.84
17.39,48.26,2.65,-58.79,-5.6,-3.81,38.58,-36.36,1.31,-23.65,34.51,-8.7,18.36
17.55,18.45,-10.27,-36.14,-12.66,-3.11,17.07,-14.7,-9.59,-20.02,7.04,-6.57,4.56
17.62,19.76,-5.28,-22.04,-0.75,8.1,18.7,-15.13,-15.55,-21.68,10.47,6.46,18.24
17.53,43.04,5.3,-50.3,-13.01,-4.27,34.89,-22.82,-2.27,-23.48,33.8,5.17,26.62
17.74,33.07,-0.3,-37.69,-3.95,8.34,37.57,-11.36,2.51,-15.25,27.75,-1.42,16.15
18.02,28.76,-2.11,-36.59,-4.78,3.53,28.72,-15.1,-2.53,-15.61,23.23,4.46,20.97
17.52,34.26,0.73,-33.2,-7.5,-1.55,21.72,-18.19,-1.84,-14.58,25.33,0.15,15.78
17.44,25.85,-2.27,-32.12,-10.79,-4.0,15.95,-18.02,-9.3,-15.64,19.23,4.4,9.98
17.09,34.97,-0.79,-43.65,-14.55,-5.69,27.11,-18.95,-4.58,-27.56,15.28,-12.07,7.78
17.29,23.05,-5.1,-35.1,-7.98,3.69,29.72,-7.22,-0.44,-13.91,19.36,0.77,8.97
16.96,39.05,1.51,-39.75,-0.2,-5.33,31.06,-13.85,5.74,-17.02,21.44,-2.11,15.89
17.36,39.93,8.29,-47.85,-18.32,1.74,46.45,-12.42,-0.49,-21.92,29.89,-4.42,16.97
17.61,22.14,-7.0,-31.42,-12.29,-2.88,16.71,-11.65,-4.86,-16.31,10.36,-4.28,7.29
17.32,40.16,-1.52,-50.44,-8.15,-15.79,27.63,-26.38,-5.14,-30.38,20.85,-0.27,21.32
17.23,39.48,-0.8,-48.47,-12.95,-11.36,25.81,-23.02,-1.23,-19.61,29.68,-2.51,16.76
16.86,31.79,1.29,-37.78,-13.67,-6.58,19.23,-23.94,-13.57,-26.08,13.88,-5.45,9.1
16.87,29.96,1.33,-34.9,-17.72,-8.11,20.88,-13.98,-6.88,-21.04,14.78,-2.39,8.68
16.77,22.54,-5.17,-32.5,-14.9,-10.9,5.36,-25.73,-18.82,-24.41,7.07,-2.29,5.36
17.53,32.21,2.16,-34.83,-14.55,-9.32,18.83,-14.98,-4.14,-17.77,21.3,7.17,22.99
17.77,28.35,-1.39,-36.98,-15.37,-8.61,18.1,-15.65,-3.35,-12.4,26.95,11.69,21.34
17.56,37.63,1.54,-40.78,-2.73,1.09,36.48,-13.46,4.51,-19.5,24.95,-2.15,20.48
17.52,39.83,10.64,-39.0,-12.04,4.96,37.86,-17.43,-5.15,-16.09,34.98,1.89,14.7
16.81,30.21,4.22,-19.26,-6.53,1.63,19.16,-3.76,-1.99,-15.09,4.64,-5.87,4.02
17.2,39.98,7.9,-39.79,-10.55,-0.52,36.2,-12.75,2.06,-14.67,29.81,1.33,13.87
17.01,35.87,4.13,-31.14,-5.93,-5.54,22.16,-15.49,-4.2,-19.21,19.49,3.65,16.03
17.18,31.65,0.09,-31.98,-0.07,4.37,26.14,-15.25,-2.76,-14.99,18.95,-0.3,12.21
17.15,39.71,2.44,-44.57,-7.17,3.16,38.41,-15.89,3.47,-19.95,27.52,-4.82,15.56
16.72,30.9,4.63,-26.33,-9.69,-3.17,21.7,-6.64,-2.45,-19.21,5.99,-4.32,11.81
16.98,32.48,0.44,-39.56,-3.23,5.73,36.29,-12.11,-2.98,-23.36,17.83,-3.44,17.7
16.89,32.36,4.18,-30.62,-10.01,-3.97,23.28,-11.27,-4.13,-21.28,11.52,0.8,19.5
16.99,27.56,-1.99,-32.11,-12.83,-1.01,25.18,-3.23,6.63,-4.99,25.2,6.61,16.5
17.18,33.44,-0.73,-41.38,-8.04,-1.16,28.96,-17.08,-3.89,-22.49,18.45,-6.47,5.73
17.64,20.12,-7.14,-22.52,-6.84,1.49,12.17,-5.67,3.15,0.17,14.39,-3.4,-0.94
17.81,53.03,4.23,-64.08,3.88,-0.26,42.98,-38.41,0.98,-26.1,27.67,-10.47,19.52
17.04,26.54,-0.79,-31.38,-16.11,-6.04,19.18,-10.98,-10.05,-23.37,9.29,1.61,14.16
17.28,30.68,0.91,-36.33,-13.39,-2.94,25.73,-11.45,-3.16,-18.68,14.05,-7.95,3.65
17.39,37.73,-4.44,-47.33,-8.39,-4.86,21.84,-38.91,-11.51,-28.09,30.05,-3.86,19.36
16.73,35.71,1.04,-36.8,-2.66,-2.47,26.64,-16.33,-4.9,-28.28,7.09,-10.07,9.33
17.37,35.93,-0.7,-38.66,-1.07,-2.4,30.05,-17.08,-2.26,-25.94,10.64,-11.06,9.1
17.74,35.09,-0.57,-43.14,-6.89,-1.73,29.84,-18.23,-0.65,-19.22,22.21,-3.69,14.33
18.14,29.01,-0.8,-30.44,-7.22,2.86,28.5,-6.59,-0.55,-16.62,19.04,6.17,21.68
18.45,40.15,-1.37,-47.6,0.88,-7.53,43.23,-11.24,7.27,-27.76,12.01,-10.54,13.85
19.02,28.3,-1.06,-32.24,-8.11,2.59,28.46,-13.01,-10.97,-32.26,4.89,-8.35,12.96
18.81,49.59,1.42,-56.16,4.45,-8.31,55.91,-23.91,3.35,-25.54,25.88,-6.92,14.26
