18.43,20.1,-4.68,-46.58,-34.0,-10.42,12.44,-33.19,-31.46,-37.51,9.98,-8.44,3.03
17.91,17.11,-11.36,-33.72,-14.5,-6.17,10.92,-20.88,-20.16,-31.66,0.19,-2.65,14.04
19.46,22.7,-12.45,-52.25,-16.43,-9.96,20.25,-32.08,-24.24,-48.89,-4.84,-18.71,8.9
19.32,18.0,-11.79,-33.32,-6.98,5.04,25.73,-11.39,-13.99,-35.85,-5.96,-11.53,13.51
19.06,16.03,-12.71,-39.57,-12.7,-3.27,18.12,-23.04,-25.48,-43.63,-7.02,-8.52,13.65
18.13,31.87,-5.0,-50.2,-10.35,-13.44,18.73,-37.84,-25.31,-47.81,1.07,-11.42,16.04
17.73,22.17,-4.42,-31.86,-8.84,-1.42,21.44,-15.16,-16.06,-35.9,-2.28,-4.03,17.78
17.69,22.75,-9.26,-36.39,-12.36,-6.03,8.46,-33.06,-25.79,-34.0,5.46,-8.5,9.61
17.59,34.09,-2.14,-45.53,-2.72,4.82,39.03,-23.51,-13.92,-38.42,14.08,-7.26,15.68
17.43,34.25,-4.59,-54.2,-8.18,-6.4,32.03,-34.5,-21.71,-46.98,8.56,-11.36,14.0
18.6,34.13,-4.95,-58.42,-10.37,-0.84,35.71,-40.47,-23.15,-37.55,30.74,-0.67,21.06
18.59,15.78,-14.15,-34.14,-6.34,2.39,15.16,-26.49,-21.54,-28.4,10.79,-0.76,12.71
18.62,37.89,-14.24,-68.78,-0.03,-17.48,32.78,-54.43,-23.32,-52.47,7.9,-11.74,14.4
18.33,14.79,-15.13,-33.08,-9.58,-0.74,12.43,-17.28,-11.81,-16.73,14.05,7.08,17.36
18.53,49.43,7.16,-70.88,-17.24,0.22,50.21,-57.07,-25.97,-38.01,35.22,-5.48,20.83
17.8,29.94,-13.1,-61.98,-17.22,-15.15,20.19,-38.07,-19.72,-39.82,13.58,-5.11,21.41
17.8,39.66,-5.44,-55.59,3.39,-2.7,41.59,-32.8,-12.28,-35.95,20.27,-9.57,16.75
17.85,49.34,5.65,-64.03,-16.85,-12.87,34.66,-51.73,-24.61,-39.81,23.87,-9.62,19.66
17.91,16.3,-12.26,-38.7,-19.52,-11.87,5.65,-26.59,-23.49,-29.29,6.65,5.6,20.38
18.98,24.59,-10.97,-55.21,-19.87,-8.61,15.48,-52.23,-41.5,-49.51,13.29,-9.41,9.94
19.26,19.31,-10.78,-36.27,0.65,7.83,26.11,-22.66,-18.55,-30.94,12.64,5.17,22.5
18.71,26.27,-12.17,-50.75,-6.36,-7.99,19.67,-35.49,-17.81,-31.87,21.12,6.74,25.62
18.56,32.87,-11.97,-55.79,6.51,-2.38,43.11,-29.62,-5.39,-24.93,32.82,6.72,24.81
18.88,19.93,-12.74,-41.61,-5.82,-1.69,15.62,-37.37,-26.3,-32.96,21.84,10.21,25.26
18.65,16.55,-10.65,-29.89,-0.59,6.87,17.88,-21.19,-17.62,-21.61,12.98,5.73,15.23
19.69,31.1,-14.62,-66.24,-3.28,-2.66,29.49,-54.54,-18.73,-35.21,36.42,-0.5,21.88
19.73,22.96,-16.84,-60.66,-14.12,-9.22,20.62,-44.59,-27.04,-41.69,14.67,-10.63,9.08
18.56,26.85,-10.84,-47.24,-7.73,-5.58,19.9,-36.42,-22.83,-36.36,15.92,-1.51,19.01
18.06,22.79,-7.5,-34.78,-2.36,3.71,23.46,-21.08,-18.59,-34.45,2.06,-6.14,13.18
17.95,18.69,-15.55,-44.61,-14.74,-1.62,20.24,-25.7,-19.89,-33.2,10.59,-1.64,21.27
17.94,50.12,-0.89,-69.67,5.11,-6.17,41.8,-59.93,-17.41,-33.41,29.22,-0.4,17.91
18.15,38.38,-7.24,-50.87,-7.16,-7.14,26.19,-38.59,-14.89,-41.52,19.4,-7.74,26.18
17.86,25.78,-4.78,-44.77,-20.22,-8.83,20.09,-26.85,-22.28,-37.02,10.82,-3.69,12.48
18.68,9.36,-23.04,-43.52,-17.25,-5.89,9.41,-25.84,-20.56,-28.19,8.07,1.86,21.37
18.66,25.14,-7.5,-41.82,-6.98,-2.94,18.57,-32.0,-19.54,-28.49,20.56,6.26,22.86
18.57,33.73,-7.11,-55.46,-7.57,-6.69,21.94,-46.01,-19.51,-36.36,24.04,-4.1,18.92
18.94,26.53,-7.72,-46.2,-4.9,-0.99,23.49,-38.8,-25.3,-36.4,20.12,-1.68,15.81
18.14,42.23,-5.79,-63.47,-5.31,-8.54,33.39,-45.3,-16.17,-46.56,15.51,-11.61,25.05
17.69,41.6,1.81,-57.97,-6.45,6.96,41.9,-43.4,-18.97,-36.03,29.59,-10.38,16.7
17.92,35.27,-8.13,-56.19,-13.75,-8.88,23.83,-39.97,-14.41,-32.75,23.91,-11.4,11.7
17.33,40.56,3.71,-54.86,-19.94,-8.27,30.88,-30.35,-11.32,-29.92,26.0,-9.79,6.08
17.85,21.53,-9.6,-34.96,-7.55,-2.11,16.63,-18.58,-10.66,-20.96,13.54,4.73,19.38
18.35,22.02,-8.83,-38.06,-6.63,-6.25,8.92,-36.97,-24.37,-28.51,17.79,7.1,19.69
18.38,26.22,-6.95,-48.93,-14.29,-1.78,25.3,-34.95,-22.92,-33.67,19.29,-8.51,7.2
17.03,38.92,-8.07,-55.35,-0.88,-18.56,35.83,-24.64,-0.89,-26.59,16.21,-8.07,7.85
17.02,36.65,3.91,-46.18,-21.23,-9.37,26.85,-25.66,-18.09,-38.06,8.5,-18.62,1.65
17.75,38.85,-1.04,-49.74,-5.59,-4.93,31.5,-31.36,-14.21,-37.2,15.63,-10.06,15.83
18.04,20.83,-11.15,-31.69,3.19,8.6,20.91,-23.83,-11.61,-18.11,20.06,-0.46,9.59
18.43,17.54,-11.59,-41.63,-7.71,0.01,19.56,-31.15,-19.3,-24.05,22.67,-1.07,6.21
17.55,31.83,-5.55,-41.87,0.77,-3.97,22.76,-29.47,-14.86,-35.83,4.13,-15.68,1.85
18.08,22.56,-5.76,-33.09,-3.54,2.78,19.4,-25.38,-18.23,-25.06,14.42,-1.89,6.04
18.35,25.37,-9.76,-41.58,-13.12,-7.52,12.6,-32.87,-13.47,-18.35,29.72,-1.62,2.83
19.04,23.8,-8.37,-39.06,1.65,0.52,19.88,-32.85,-15.11,-21.63,30.09,8.32,13.71
19.06,19.75,-11.17,-32.87,2.89,7.46,17.03,-35.75,-21.35,-24.81,25.21,3.81,15.96
17.88,21.38,-7.69,-31.65,-6.55,-5.21,5.82,-30.4,-21.33,-24.29,10.38,2.14,12.12
17.98,21.77,-13.74,-46.0,-17.12,-8.03,12.8,-31.07,-18.09,-27.35,17.95,-2.69,13.03
18.02,21.2,-8.86,-38.4,-16.82,-8.0,15.64,-13.82,-6.71,-19.53,7.49,-6.34,3.86
18.12,24.92,-7.82,-41.26,-20.35,-10.35,15.54,-18.11,-5.71,-16.36,18.3,-5.94,1.85
18.92,21.81,-8.48,-37.6,-7.53,0.06,20.6,-18.87,-6.46,-14.62,18.89,-2.99,3.2
18.16,17.65,-13.54,-40.77,-12.2,-3.35,15.52,-28.79,-22.34,-28.81,18.12,5.41,15.4
17.49,21.99,-3.93,-33.18,-13.67,-6.26,12.93,-28.31,-28.39,-35.73,9.65,9.42,24.04
17.61,23.37,-7.03,-35.0,-14.76,-6.31,13.48,-20.07,-13.98,-24.88,8.66,-4.56,7.87
17.89,36.09,-4.83,-56.78,-7.7,-3.83,36.27,-30.08,-9.5,-29.62,28.4,-4.18,14.23
17.75,43.14,1.26,-55.24,-8.76,-7.01,40.33,-25.24,-4.03,-27.2,28.44,-8.83,13.45
19.11,40.57,-10.95,-70.55,-0.89,-10.94,36.47,-51.0,-10.37,-31.98,32.9,-5.69,9.88
19.37,25.57,-15.44,-67.93,-23.56,-11.17,19.83,-53.4,-30.08,-38.59,29.73,-4.39,19.34
18.61,17.33,-11.82,-39.91,-5.27,5.29,25.88,-25.4,-21.43,-30.86,18.07,6.35,18.39
17.57,21.84,-12.05,-34.48,-10.88,-5.85,8.53,-21.45,-7.84,-13.6,17.59,2.57,13.24
16.96,19.43,-7.62,-29.27,-7.99,-1.3,11.58,-19.42,-15.28,-20.34,6.7,-1.85,6.41
17.41,24.73,-5.18,-42.71,-21.85,-11.66,16.86,-25.47,-20.22,-33.99,11.69,1.67,20.51
18.08,37.08,-11.49,-57.43,2.14,-15.61,37.62,-29.78,-7.61,-35.09,10.46,-7.98,11.32
17.97,40.93,-6.26,-62.83,-10.88,-2.25,35.55,-41.96,-15.5,-39.97,28.54,-10.08,22.94
18.37,10.58,-16.27,-32.86,-9.51,-2.26,7.8,-20.47,-12.83,-11.35,15.77,6.22,8.56
18.07,27.59,-10.57,-45.64,3.42,2.43,32.84,-23.96,-11.19,-33.46,14.17,-0.44,22.34
18.78,15.1,-16.22,-46.03,-14.05,-6.52,9.77,-41.79,-35.56,-41.37,7.4,-2.58,12.93
17.92,24.33,-10.43,-47.16,-18.18,-10.74,11.23,-39.31,-26.16,-36.41,15.34,-1.41,20.49
17.43,34.19,-1.18,-50.32,-20.43,-12.72,22.5,-29.9,-17.22,-34.32,19.09,-1.77,18.65
17.42,38.91,-5.62,-62.37,-14.63,-12.65,29.01,-38.62,-12.52,-39.34,14.4,-17.04,11.78
17.52,34.31,-1.23,-46.25,-13.05,-11.06,18.48,-35.67,-18.96,-36.03,13.01,-7.35,13.54
18.58,23.64,-13.59,-50.72,-11.84,-1.38,24.72,-32.12,-16.83,-31.24,19.78,-9.42,7.33
17.87,15.84,-11.41,-33.56,-3.49,4.41,19.59,-19.83,-11.36,-16.52,17.0,-2.36,-1.05
18.16,41.36,-2.45,-59.31,-10.36,-11.11,35.05,-34.17,-10.12,-31.59,27.87,-8.42,12.8
18.16,13.85,-14.85,-36.87,-8.24,-2.1,10.29,-29.14,-21.74,-25.58,9.0,-1.84,8.58
17.84,17.09,-13.18,-33.96,-11.15,-1.85,14.49,-14.66,-3.89,-7.66,24.68,10.19,16.99
17.75,17.89,-14.77,-47.1,-16.91,-9.38,12.99,-27.09,-9.46,-11.45,30.81,8.55,11.89
17.71,24.57,-10.54,-51.13,-24.36,-13.69,15.89,-29.34,-14.58,-23.44,25.3,2.03,14.48
17.93,27.69,-9.9,-53.3,-10.49,-3.14,24.84,-36.31,-20.62,-35.31,17.53,-7.92,12.77
17.3,31.98,-5.31,-51.48,-18.12,-13.34,19.85,-32.0,-17.42,-34.94,15.77,-7.3,10.68
17.42,24.69,-7.14,-46.62,-17.6,-6.81,19.54,-32.95,-26.25,-35.13,17.63,4.82,23.54
18.06,11.61,-19.66,-43.85,-20.06,-7.74,11.48,-23.38,-19.88,-27.73,9.18,2.15,16.36
18.55,25.04,-12.39,-53.12,-13.47,-7.79,19.87,-35.83,-22.55,-38.4,10.95,-8.16,12.4
18.96,27.61,-11.7,-51.6,-9.08,-9.93,20.66,-34.26,-19.6,-38.9,12.99,0.11,24.94
18.04,41.9,-9.64,-53.88,11.5,-22.98,39.34,-46.39,-19.46,-38.45,4.77,2.65,19.41
17.8,33.67,-4.53,-55.24,-14.73,-2.89,31.68,-40.43,-22.07,-40.63,22.3,-12.05,8.75
18.25,27.85,-7.21,-42.04,-3.31,-2.76,21.26,-30.41,-18.98,-33.13,15.54,2.81,20.51
18.08,32.94,-6.21,-48.88,-0.45,-3.9,22.77,-44.27,-22.49,-32.65,28.2,2.12,18.94
17.98,16.95,-12.05,-33.13,-6.12,-0.64,11.82,-22.7,-17.13,-23.02,6.93,0.2,12.99
18.02,19.08,-10.84,-32.64,-13.03,-6.24,4.94,-28.08,-21.18,-23.95,9.17,-3.41,4.58
18.91,28.47,-4.31,-43.82,-5.39,-0.72,26.6,-32.65,-19.11,-31.64,22.64,-5.16,3.27
18.63,18.17,-9.19,-25.08,-0.69,5.74,15.39,-17.82,-13.66,-20.37,9.76,2.08,12.27
17.64,30.94,-3.11,-45.23,-16.96,-12.79,15.24,-31.64,-21.53,-37.97,8.24,-7.79,9.09
18.31,19.32,-12.48,-39.88,-8.03,3.65,24.12,-21.17,-15.07,-27.01,13.14,-3.02,12.11
17.96,28.89,-5.86,-47.54,-11.67,-5.97,20.95,-35.62,-24.29,-40.62,9.81,-9.13,13.45
18.25,33.77,-4.83,-57.87,-15.12,-0.43,34.31,-37.5,-18.17,-34.59,28.05,-8.55,16.66
18.43,41.47,-4.11,-58.08,3.31,-4.1,32.92,-48.61,-16.55,-36.85,26.17,-7.19,15.13
17.5,29.71,-2.73,-35.82,-6.67,-1.93,17.58,-31.6,-16.07,-25.34,21.68,-3.95,6.48
17.89,13.33,-16.24,-38.14,-18.01,-13.36,-2.38,-32.61,-29.23,-34.41,-6.76,-8.48,5.4
18.4,20.48,-11.62,-39.97,-9.91,-0.58,18.11,-28.41,-18.92,-27.73,18.23,2.68,20.43
17.97,33.97,-3.6,-46.45,-1.93,-2.84,26.51,-35.62,-17.98,-33.84,20.95,-1.0,17.97
17.93,26.08,-8.22,-43.22,-12.09,-3.14,23.04,-23.89,-12.18,-25.14,21.64,3.38,19.78
18.86,25.24,-8.88,-47.66,-8.26,-4.14,16.87,-42.41,-24.32,-30.85,25.08,4.24,21.31
18.21,32.68,-9.58,-54.51,-7.45,-15.11,16.35,-46.88,-26.1,-42.94,14.96,-2.71,19.86
17.85,25.98,-5.59,-45.05,-18.04,-11.01,14.19,-35.04,-26.27,-38.49,11.21,0.7,21.62
18.05,26.8,-10.9,-49.83,-19.36,-11.72,12.98,-38.29,-21.76,-31.18,24.0,4.16,25.18
17.67,22.86,-8.55,-37.84,-8.29,-5.31,15.49,-23.35,-15.31,-27.66,11.88,6.87,26.18
17.08,27.73,-3.02,-33.5,-10.75,-5.1,16.69,-21.25,-12.67,-26.99,12.35,0.26,17.59
17.39,18.14,-8.49,-27.67,0.62,8.58,20.63,-17.92,-17.15,-25.78,4.34,-2.69,8.6
17.75,28.84,-6.74,-36.92,5.08,-3.93,18.84,-30.5,-13.08,-24.51,18.35,4.81,22.11
18.6,34.9,-7.02,-59.33,-4.08,-3.09,28.64,-47.3,-17.02,-31.18,39.52,1.55,23.15
18.34,23.71,-12.95,-47.92,-10.42,-6.99,16.27,-35.33,-20.7,-32.65,19.58,5.91,27.07
18.02,16.24,-12.12,-36.47,-12.0,-2.29,17.04,-16.72,-14.04,-24.17,8.73,4.49,18.59
17.28,28.47,-10.97,-60.6,-30.57,-26.51,14.54,-28.11,-8.16,-23.63,22.52,-1.26,13.01
17.65,21.09,-9.56,-39.59,-14.54,-8.06,14.5,-19.65,-11.84,-24.22,9.97,2.35,17.85
18.09,25.63,-11.26,-49.4,-17.28,-9.9,18.73,-27.15,-7.71,-18.99,30.25,4.94,19.14
16.97,30.11,-6.49,-49.42,-13.5,-5.76,30.36,-15.88,-1.97,-21.99,22.31,-4.63,7.3
17.13,29.2,-8.78,-49.56,-16.75,-11.31,18.86,-32.35,-15.51,-29.69,22.83,-0.66,19.12
17.76,24.62,-7.21,-42.63,-12.16,-6.86,18.8,-25.72,-13.46,-23.37,23.83,9.15,21.88
18.34,11.82,-23.06,-49.98,-24.06,-14.41,3.56,-34.9,-26.29,-36.3,0.52,-14.67,2.08
17.7,50.75,-0.9,-83.11,-20.22,-16.57,31.24,-65.84,-13.28,-23.0,37.73,-4.18,19.01
17.94,20.26,-14.88,-46.44,-25.63,-16.45,9.92,-21.13,-10.59,-24.34,11.18,-3.68,11.28
18.38,16.57,-12.01,-37.8,-17.83,-10.83,9.69,-17.63,-11.52,-21.17,8.63,3.77,16.95
18.32,31.61,-8.92,-54.48,-15.98,-9.19,24.06,-36.09,-19.86,-40.91,13.14,-15.19,7.67
17.62,17.44,-12.76,-42.18,-19.39,-11.48,7.94,-29.96,-28.17,-40.47,-5.91,-13.23,1.52
18.24,26.07,-9.16,-39.26,-3.79,-2.94,23.24,-16.64,-4.1,-19.78,15.21,0.43,14.31
18.6,19.69,-13.67,-46.34,-8.69,-2.78,16.86,-35.15,-19.04,-26.09,20.51,-0.19,11.84
17.32,33.56,-5.87,-61.63,-19.84,-10.82,22.22,-45.58,-20.82,-34.99,24.83,-6.92,14.8
18.07,15.59,-14.8,-42.77,-14.16,-8.3,6.61,-39.98,-35.07,-41.81,2.2,-4.82,11.81
17.51,21.1,-10.78,-36.82,-8.09,2.91,23.39,-17.3,-11.06,-23.31,15.74,1.09,14.86
17.78,16.74,-16.97,-49.53,-24.51,-16.53,7.95,-25.86,-17.08,-27.91,7.3,-4.19,8.79
17.59,29.54,-6.3,-39.55,1.83,-5.44,21.13,-29.91,-14.97,-30.59,14.14,2.49,21.87
17.17,24.3,-5.44,-42.54,-16.27,-0.61,29.97,-17.82,-18.29,-34.41,9.98,-4.09,11.38
17.31,25.04,-7.31,-46.54,-18.79,-11.86,13.67,-30.64,-22.61,-36.99,2.86,-9.47,9.45
17.57,17.22,-10.92,-38.41,-19.4,-9.89,11.84,-19.43,-18.76,-32.0,-0.12,-1.01,18.14
17.74,30.6,-5.8,-39.98,-0.45,-2.1,24.65,-26.92,-15.29,-35.18,7.49,-5.37,19.94
17.96,41.96,-2.16,-65.57,-9.59,-3.79,35.31,-49.27,-21.2,-39.44,29.39,-8.77,17.76
18.96,22.11,-11.88,-45.23,-3.85,9.01,34.57,-22.89,-10.74,-24.33,28.72,5.0,22.41
18.43,18.27,-11.13,-35.78,-7.55,-2.33,12.09,-28.67,-23.45,-29.27,11.09,7.94,23.73
17.98,38.11,-7.0,-66.03,-9.0,-7.03,31.21,-47.54,-19.08,-40.3,26.98,-3.3,20.67
18.48,32.73,-6.72,-62.99,-14.69,-0.4,32.63,-44.63,-20.88,-34.03,31.86,-4.56,19.57
18.66,27.46,-8.88,-47.4,-4.95,0.87,26.15,-37.25,-17.93,-26.79,33.09,5.93,21.65
18.35,23.84,-11.91,-49.17,-5.43,-3.53,15.93,-48.22,-34.42,-46.44,10.62,-6.33,17.61
18.49,28.26,-4.84,-41.36,-3.55,7.51,32.6,-27.73,-14.0,-26.32,27.47,-1.66,12.71
18.03,23.14,-7.83,-38.83,-8.2,-2.25,17.69,-26.72,-18.62,-30.4,11.16,0.43,15.41
18.11,35.96,-3.34,-47.08,-0.49,-1.33,26.78,-42.34,-23.52,-42.29,18.4,-5.76,20.97
18.61,39.81,-11.45,-50.67,19.71,-16.52,47.24,-37.12,-5.4,-25.23,10.8,4.15,7.9
18.07,27.79,-8.12,-40.53,-3.01,-6.93,21.59,-23.19,-9.75,-24.87,17.95,4.21,18.17
17.68,21.51,-7.1,-38.16,-16.25,-6.99,17.65,-19.72,-19.26,-34.29,5.08,1.87,19.39
17.63,19.91,-8.87,-36.76,-13.58,-3.95,17.07,-24.41,-24.1,-36.94,3.99,-3.57,11.19
17.92,18.95,-10.52,-36.42,-10.02,-3.74,12.27,-26.82,-21.68,-30.48,5.49,-0.6,15.0
17.96,23.96,-6.0,-39.3,-18.08,-8.17,16.75,-23.37,-18.17,-29.71,14.4,4.63,19.75
18.49,29.91,-9.28,-45.67,-0.18,-8.67,22.33,-31.01,-12.89,-30.28,18.85,5.23,23.3
18.81,21.28,-14.86,-47.33,-10.5,-5.68,18.7,-29.62,-17.35,-32.67,13.33,-2.56,16.31
18.37,16.45,-13.69,-41.61,-16.03,-7.37,12.02,-27.15,-24.97,-36.58,0.87,-2.21,16.83
17.97,11.66,-16.99,-36.74,-18.2,-7.9,7.46,-20.69,-19.49,-26.56,3.69,-0.09,11.48
18.03,27.75,-6.64,-42.31,-0.8,1.91,27.94,-27.7,-14.59,-29.75,17.49,-2.51,13.21
18.25,19.03,-13.59,-38.32,-5.36,3.79,17.88,-31.68,-23.91,-31.98,13.84,-2.39,13.54
18.94,31.98,-6.8,-57.05,-3.67,1.92,30.06,-49.14,-22.46,-35.99,32.45,-2.11,18.38
18.59,15.1,-14.55,-34.93,-11.28,-3.63,8.76,-26.83,-20.76,-26.98,7.53,-3.0,9.94
17.83,25.31,-8.59,-40.04,-3.32,-4.53,15.74,-34.16,-22.98,-33.16,14.87,5.6,20.92
17.97,22.27,-7.8,-30.04,1.23,7.48,25.02,-18.2,-16.03,-32.13,5.72,-0.96,16.75
18.18,14.19,-14.11,-36.32,-6.86,-0.84,10.56,-33.7,-30.76,-35.7,6.43,4.31,19.99
17.95,19.85,-9.35,-30.26,-5.12,4.38,16.41,-24.2,-21.9,-28.79,8.51,-0.73,13.88
17.72,18.1,-10.18,-32.55,-8.08,-3.31,7.75,-30.15,-27.31,-33.5,-1.58,-8.24,3.83
18.3,32.68,-4.65,-56.75,-11.33,5.66,41.82,-30.73,-13.81,-29.67,32.31,-5.96,10.67
17.82,19.84,-11.33,-41.44,-18.04,-9.68,14.37,-16.94,-10.77,-24.33,7.15,0.49,17.97
18.15,21.23,-10.82,-44.97,-23.79,-13.46,10.4,-28.55,-23.97,-35.55,5.98,-1.98,18.3
17.92,19.74,-7.33,-30.15,-8.41,-3.12,11.06,-22.58,-22.25,-32.22,0.07,0.06,16.86
18.14,34.67,-5.6,-67.3,-19.27,-13.43,14.25,-52.76,-24.18,-36.16,18.66,-12.53,14.17
17.43,28.67,-4.48,-47.72,-20.12,-8.96,19.96,-29.78,-20.27,-32.84,14.26,-7.63,7.82
17.74,36.33,-4.5,-51.17,-13.56,-7.13,25.47,-34.61,-10.86,-27.16,29.07,-4.84,16.53
18.18,21.16,-10.15,-45.06,-14.95,-4.96,16.77,-34.54,-29.37,-40.95,5.88,-6.03,14.58
17.82,24.17,-9.62,-40.3,-12.06,-3.33,17.53,-26.01,-16.54,-27.04,20.47,8.85,30.36
17.78,24.45,-6.32,-36.79,-7.72,-2.06,17.76,-24.18,-15.67,-25.19,14.61,3.06,17.09
17.75,29.21,-7.34,-47.21,-11.43,-6.03,17.44,-36.23,-15.06,-26.06,24.91,-3.49,13.11
17.63,15.78,-10.78,-30.49,-9.78,-2.14,11.04,-16.96,-12.0,-13.85,13.66,4.49,8.23
17.57,23.09,-10.27,-41.9,-16.64,-10.12,8.19,-36.89,-25.17,-32.27,15.42,1.08,17.99
17.91,35.08,-7.57,-62.82,-8.82,-2.94,32.86,-41.05,-13.24,-30.53,36.41,-4.92,14.14
17.74,22.87,-9.19,-35.24,-5.54,1.62,19.33,-25.18,-16.7,-28.39,12.94,-1.32,15.84
18.07,16.47,-14.96,-42.63,-15.58,-8.5,7.8,-30.98,-22.57,-27.28,10.47,0.65,12.68
18.18,27.52,-10.49,-47.13,-0.93,-2.28,25.77,-33.74,-11.07,-22.18,32.29,5.73,19.13
17.99,20.6,-11.0,-41.55,-6.12,1.62,21.17,-28.96,-20.94,-32.55,8.38,-10.88,1.41
17.57,36.52,-3.54,-51.11,-9.97,-5.73,28.03,-31.02,-4.81,-21.56,36.38,3.38,18.97
17.84,27.82,-9.71,-50.15,-12.85,-9.45,15.72,-32.42,-9.69,-19.19,26.15,-1.88,9.06
18.11,18.25,-13.27,-42.61,-16.74,-7.66,11.65,-33.42,-25.91,-31.68,16.92,2.29,11.28
18.1,20.1,-14.65,-51.45,-18.22,-11.51,8.91,-43.47,-31.27,-38.15,11.61,-4.84,10.57
17.59,21.94,-14.27,-46.06,-19.67,-10.65,10.52,-30.73,-19.43,-31.14,10.39,-5.76,14.2
18.08,25.79,-11.33,-53.26,-17.31,-12.08,15.66,-38.86,-24.5,-34.9,19.79,3.76,23.58
18.25,28.53,-11.91,-61.86,-19.38,-8.7,24.79,-42.66,-21.87,-32.78,33.27,1.99,23.44
17.96,25.56,-7.93,-46.91,-16.5,-7.34,21.87,-24.57,-16.98,-35.13,8.12,-4.36,19.74
17.65,30.65,-7.04,-54.72,-16.84,-6.46,32.62,-24.97,-12.04,-30.83,22.26,-5.22,14.91
18.03,28.93,-8.7,-55.34,-14.28,0.03,35.35,-22.64,-9.77,-31.04,13.55,-18.68,2.92
17.34,23.5,-16.23,-54.02,-5.83,-3.04,30.04,-21.57,-3.07,-21.67,21.03,-5.1,8.31
18.58,39.96,-7.82,-55.37,7.67,-9.99,40.72,-38.26,-9.24,-29.43,26.24,-3.0,11.33
17.97,20.94,-14.89,-54.29,-25.39,-17.94,10.6,-31.74,-18.66,-30.43,14.1,-1.96,15.96
17.93,32.96,-12.02,-63.04,-12.14,-13.88,19.91,-44.0,-14.88,-32.0,21.21,-8.0,16.79
17.15,33.74,-3.98,-45.1,-8.12,-11.28,28.93,-15.3,0.69,-15.82,28.72,11.58,24.16
17.48,21.56,-9.27,-43.07,-23.53,-18.46,2.16,-34.6,-24.99,-27.68,15.47,6.85,17.91
18.51,31.7,-10.83,-57.42,-11.78,-3.73,27.32,-46.8,-26.44,-45.78,22.44,-15.85,6.22
18.99,7.63,-20.81,-36.64,-6.95,-1.97,4.0,-32.13,-21.91,-17.34,16.87,8.17,14.4
19.28,23.71,-10.24,-46.22,-8.75,-0.37,18.85,-42.3,-27.09,-32.86,24.66,-2.75,13.47
17.83,40.81,-11.88,-58.4,11.21,-23.1,29.21,-56.72,-14.75,-29.5,18.11,1.19,7.26
17.96,21.18,-7.37,-34.48,-5.33,5.27,23.58,-26.29,-23.55,-31.88,16.84,3.46,16.55
17.35,36.17,-0.33,-44.5,-1.3,1.29,33.85,-27.54,-11.81,-30.02,20.72,-8.73,6.45
18.6,21.74,-11.51,-34.37,2.85,5.88,22.58,-22.97,-7.9,-18.58,20.37,-1.64,11.58
18.95,13.75,-15.53,-38.5,-2.22,4.61,17.42,-31.52,-22.63,-26.52,15.49,-0.32,8.42
17.93,24.94,-6.57,-44.61,-16.11,-6.64,19.84,-27.9,-17.8,-26.29,23.53,6.7,19.54
18.26,26.85,-4.1,-35.93,-1.33,-0.01,18.58,-30.62,-14.31,-21.99,21.85,1.01,11.76
18.4,28.99,-8.19,-45.82,-5.01,1.15,22.98,-39.33,-22.49,-38.24,16.02,-12.01,13.84
18.5,27.56,-9.76,-54.63,-18.64,-14.05,14.22,-42.29,-23.65,-36.09,14.1,-15.6,-1.28
18.48,30.91,-8.84,-51.25,-15.66,-9.21,14.48,-46.3,-27.28,-43.13,11.93,-21.67,0.51
18.44,38.5,-8.63,-57.45,3.39,-8.97,39.52,-30.41,-3.08,-28.82,22.25,-4.47,15.7
19.04,17.21,-11.15,-38.4,-13.6,-1.79,19.06,-23.28,-20.61,-28.66,14.77,2.61,11.09
18.82,9.64,-20.04,-39.83,-13.26,-5.21,5.79,-29.53,-25.98,-28.3,6.97,7.31,24.01
18.75,31.1,-6.56,-50.81,-8.93,-1.14,31.72,-30.36,-13.23,-30.46,26.77,-1.4,18.49
18.04,48.09,-2.48,-73.15,-8.07,-7.99,37.49,-57.3,-8.54,-27.44,34.23,-7.02,12.98
17.36,27.02,-12.01,-49.22,-16.45,-12.28,12.46,-36.75,-19.58,-34.14,13.21,-12.65,1.55
17.03,21.03,-10.94,-41.91,-13.38,-6.0,14.86,-25.32,-15.87,-26.09,9.34,-7.0,6.8
18.35,12.14,-18.28,-39.74,-15.04,-0.16,20.29,-12.55,-11.25,-21.25,12.86,5.15,18.2
19.46,16.93,-18.73,-59.59,-13.6,2.32,31.43,-36.39,-25.57,-39.75,16.91,-12.05,6.36
18.74,20.21,-13.44,-46.4,-9.23,2.38,30.35,-23.18,-13.59,-28.04,27.05,5.77,17.98
18.54,22.9,-10.3,-37.38,-0.17,-1.12,19.51,-22.75,-11.07,-24.36,14.14,2.58,15.81
18.35,34.0,-5.97,-48.68,2.09,-3.79,28.46,-36.54,-13.08,-28.5,30.52,7.65,23.96
18.17,23.43,-14.46,-52.78,-6.22,-2.7,22.21,-38.26,-18.89,-32.02,20.21,-4.64,13.62
18.05,25.86,-12.96,-50.06,-14.53,-10.79,18.43,-28.47,-13.76,-30.84,14.03,-6.71,10.96
18.38,27.56,-7.73,-45.94,-8.78,-7.89,17.73,-34.01,-16.55,-27.65,20.9,1.22,18.86
17.9,16.0,-14.93,-35.41,-17.3,-10.96,-0.4,-29.86,-24.14,-28.88,0.4,-8.46,2.64
17.91,34.36,-4.05,-49.53,-5.1,-2.96,27.72,-33.57,-13.1,-26.93,27.26,-0.13,14.84
18.23,27.18,-6.25,-46.99,-16.68,-10.8,17.99,-32.64,-19.55,-30.39,25.53,7.16,17.53
18.3,23.05,-5.56,-31.15,-1.88,-0.16,12.96,-28.18,-15.35,-18.01,19.97,4.97,13.52
18.12,15.12,-10.09,-24.44,-5.49,-0.14,3.86,-29.43,-27.43,-26.79,4.28,-1.93,4.28
18.0,26.07,-4.52,-37.76,-6.9,-1.14,18.73,-29.63,-18.9,-26.51,17.78,0.81,15.55
17.9,41.81,-2.81,-59.15,-1.1,-2.44,38.07,-30.67,-6.57,-32.12,24.12,-9.32,17.72
18.09,39.15,-8.47,-48.65,13.5,-16.34,38.88,-39.2,-13.5,-29.45,16.21,6.8,17.75
17.78,30.19,-9.47,-48.87,-10.74,-6.96,22.89,-28.46,-13.19,-34.82,13.0,-6.63,19.38
18.4,23.91,-13.98,-48.95,-13.96,-13.32,15.73,-23.59,-7.08,-21.32,15.85,1.87,19.33
18.52,42.77,-3.37,-68.49,-13.8,-8.52,38.21,-48.12,-26.69,-49.49,16.56,-24.49,7.74
18.31,23.07,-8.47,-45.49,-15.39,-1.87,30.1,-14.25,-9.84,-29.95,12.04,-0.48,20.2
18.2,20.06,-11.34,-43.96,-20.26,-6.48,20.0,-19.22,-13.93,-26.44,12.17,-3.42,11.02
17.99,26.94,-1.78,-44.68,-27.26,-10.93,24.6,-16.83,-14.03,-27.57,18.42,1.63,17.02
18.11,29.78,-9.0,-50.55,-21.08,-17.92,17.95,-26.07,-9.91,-32.76,12.62,-5.87,20.89
18.27,24.48,-3.62,-34.73,-17.1,-11.53,12.15,-16.39,-7.47,-17.47,14.32,1.92,10.33
18.08,24.97,-9.36,-52.11,-29.77,-18.24,12.08,-34.27,-28.64,-45.19,3.17,-11.22,10.06
19.18,23.77,-12.98,-59.37,-21.89,-11.37,25.88,-31.01,-23.32,-50.57,2.21,-12.03,19.41
18.22,26.59,-11.15,-46.43,-12.46,-17.04,12.2,-28.5,-12.58,-29.41,12.04,3.75,24.55
18.17,23.81,-9.04,-48.33,-13.79,-4.03,20.62,-37.11,-29.25,-41.5,12.67,-5.37,12.59
19.09,21.61,-9.68,-48.24,-13.2,1.27,28.49,-31.51,-23.58,-32.27,22.73,-1.75,11.09
18.58,33.63,-3.67,-51.39,-13.52,-10.5,22.47,-35.2,-17.41,-33.49,24.98,4.39,23.36
18.54,22.62,-9.64,-47.69,-20.32,-11.24,16.15,-28.19,-18.13,-31.12,15.76,5.41,27.23
19.05,33.73,-12.24,-60.13,-3.34,-16.49,27.22,-44.34,-15.4,-28.17,34.97,8.74,20.92
19.08,25.3,-11.0,-49.81,-11.34,-7.8,16.25,-40.78,-22.75,-33.39,23.12,4.73,25.36
18.5,10.9,-16.35,-33.97,-11.73,-3.07,9.54,-18.31,-15.58,-18.15,11.3,10.02,19.23
18.6,14.0,-19.05,-48.51,-19.26,-10.4,9.35,-33.26,-23.51,-29.16,15.94,4.92,21.09
18.97,25.57,-13.47,-56.21,-11.71,-7.58,18.29,-43.26,-23.83,-37.07,18.57,-2.62,21.4
19.31,28.79,-13.04,-60.49,-9.29,-2.04,31.06,-42.7,-22.93,-41.73,24.18,-6.21,18.56
18.81,30.72,-11.52,-49.16,7.74,-4.43,27.84,-39.65,-21.51,-43.37,9.11,-7.16,15.89
18.86,30.61,-9.3,-48.69,-13.26,-7.39,17.36,-43.94,-23.32,-35.14,32.09,5.39,25.81
18.29,18.97,-10.76,-34.19,-9.57,-8.71,1.8,-30.54,-15.34,-12.9,19.09,5.53,11.25
18.41,26.25,-9.32,-44.64,-14.47,-4.12,21.97,-25.02,-15.25,-30.37,19.07,4.35,29.85
17.65,34.17,-11.69,-57.24,-6.62,-17.81,29.83,-28.34,-5.07,-28.15,19.65,1.29,20.34
18.42,30.87,-10.51,-54.31,-11.14,-11.29,19.68,-42.4,-22.6,-38.19,20.18,-3.11,20.25
18.54,19.7,-10.99,-39.01,-11.61,-4.08,14.16,-24.24,-16.38,-23.38,13.75,3.84,17.32
18.79,16.2,-13.22,-33.56,-0.66,13.62,33.53,-9.48,-10.68,-28.41,5.25,-8.61,5.09
19.03,15.19,-15.41,-40.24,-3.05,5.62,23.06,-24.4,-18.49,-30.81,6.71,-7.39,7.69
18.31,18.28,-11.74,-38.71,-5.27,10.77,35.2,-12.67,-11.88,-28.74,11.72,-4.45,11.29
18.17,44.02,-7.92,-65.28,4.4,-12.08,57.3,-37.83,-7.67,-32.15,20.99,1.06,19.9
18.21,27.53,-10.8,-52.36,-7.36,6.45,37.63,-30.94,-15.2,-33.14,24.85,-8.49,14.8
18.13,49.9,-4.21,-70.69,7.72,-2.68,41.9,-45.9,1.66,-41.21,17.6,-15.8,7.03
18.16,30.05,-10.77,-51.69,0.18,0.7,33.91,-28.38,-9.49,-36.5,10.69,-16.35,7.71
18.05,44.77,4.53,-47.57,3.95,7.9,47.02,-22.79,-1.43,-25.77,25.66,-15.35,3.57
17.54,27.31,-3.81,-27.98,-0.41,4.54,26.25,-8.8,-6.72,-32.54,-6.25,-13.35,13.03
17.21,31.12,4.33,-20.95,6.63,10.6,34.85,1.42,2.95,-19.49,7.72,-1.08,13.92
17.89,34.89,8.79,-23.29,1.8,14.6,42.71,2.83,4.77,-14.04,19.63,-0.33,11.04
17.16,19.9,1.0,-9.77,3.07,9.05,15.08,-7.79,-14.44,-21.77,-6.57,-8.35,-3.95
17.24,48.7,16.61,-42.64,3.56,18.0,58.11,-10.77,6.14,-17.36,31.45,-6.57,11.88
17.04,48.93,8.69,-39.44,5.66,-7.69,39.0,-16.24,5.42,-19.39,19.35,-6.03,8.31
17.16,41.75,14.46,-23.82,-2.86,-2.51,30.67,1.5,11.56,-13.5,13.13,-3.03,17.35
16.32,22.8,-0.99,-24.59,-10.41,0.17,21.75,-0.92,-0.28,-10.99,12.73,8.05,17.36
17.19,39.07,7.44,-31.59,-2.87,9.37,42.36,-4.87,0.84,-28.18,8.62,-17.88,6.82
17.04,52.84,4.67,-52.64,13.74,-3.72,54.46,-23.64,3.28,-25.26,22.92,-7.98,11.46
17.09,22.98,-1.51,-20.49,-3.77,7.19,23.08,-3.01,-3.64,-14.56,5.86,-5.39,1.88
16.84,41.63,15.56,-31.05,-9.53,4.19,46.89,4.72,8.74,-16.45,19.61,-2.94,17.13
16.48,48.05,17.36,-41.46,-10.34,2.75,44.05,-17.67,-7.12,-23.98,26.62,-17.5,-5.47
15.83,25.74,-0.23,-24.22,-6.55,-0.22,19.0,-4.63,-0.41,-14.05,5.11,-4.0,7.77
16.83,45.92,6.79,-47.31,-4.64,9.14,47.32,-19.72,-0.02,-25.5,29.46,-15.24,11.34
16.23,27.61,1.07,-25.17,-0.64,10.69,33.62,1.27,4.06,-12.7,11.01,-4.31,5.09
16.61,35.09,8.8,-31.23,-13.67,-4.39,35.25,1.81,3.92,-23.49,8.81,-6.11,11.72
16.03,37.03,7.03,-34.66,-8.36,0.76,39.26,-2.32,3.5,-23.98,13.77,-3.77,13.46
16.36,39.31,10.33,-31.4,-6.54,7.61,42.1,-1.94,4.94,-17.53,19.17,-12.21,1.01
16.32,31.47,9.43,-16.29,-7.71,-2.87,21.49,8.46,13.53,-3.1,8.22,-3.75,4.51
16.93,22.43,-1.77,-24.53,-10.52,-1.35,20.06,-4.59,-5.69,-20.14,7.52,4.28,17.27
17.34,32.18,6.74,-30.89,-8.03,-2.53,33.35,-4.03,0.93,-29.92,4.28,-10.59,16.71
16.4,37.09,-1.78,-46.57,-7.21,-6.68,37.93,-7.84,11.71,-12.33,29.09,2.33,17.94
16.63,35.0,8.97,-38.39,-22.21,-10.51,33.08,-6.23,-2.11,-31.5,6.46,-12.47,8.26
15.68,19.7,-1.94,-21.77,-10.98,-3.02,13.36,-11.73,-17.45,-27.73,-0.23,1.74,12.89
16.08,27.73,-0.3,-29.24,-4.31,0.65,17.06,-25.0,-19.85,-29.81,6.51,-2.74,13.54
16.53,42.8,12.75,-48.2,-14.34,3.23,40.98,-31.86,-23.56,-35.66,23.16,-14.17,3.35
16.16,41.9,7.38,-42.22,-2.02,7.71,42.4,-21.13,-6.24,-31.22,18.96,-8.0,14.8
16.5,32.61,5.86,-36.31,-23.8,-13.61,22.35,-12.43,-7.6,-24.87,11.49,-6.9,4.05
16.38,38.71,2.81,-43.55,-6.86,-1.75,33.07,-16.59,2.12,-18.98,22.0,-5.19,14.45
17.03,48.82,-4.12,-69.96,-14.71,-16.47,29.58,-41.65,1.79,-29.27,28.55,-19.7,8.61
16.7,33.89,4.58,-43.63,-27.27,-12.05,29.52,-8.36,0.88,-16.16,26.42,1.84,11.08
16.92,21.95,-7.35,-32.61,-18.85,-10.85,10.67,-9.51,-3.06,-16.55,2.11,-12.88,-3.2
17.01,19.98,-4.77,-29.03,-16.87,-8.55,12.81,-9.16,-10.62,-24.14,-0.73,-1.92,11.03
16.69,37.06,-0.23,-46.47,-10.25,-9.24,28.5,-23.47,-8.5,-30.68,16.72,-6.57,14.06
16.9,16.07,-10.09,-29.62,-9.5,-0.2,15.13,-12.11,-12.82,-22.48,0.64,-3.77,6.51
16.98,37.98,2.32,-48.41,-16.62,-2.22,41.08,-8.34,4.92,-20.59,22.09,-10.83,11.92
17.35,47.34,4.32,-68.46,-20.95,-18.5,35.57,-28.18,-6.29,-43.39,9.73,-20.18,22.54
16.42,19.75,-8.01,-35.05,-21.93,-11.78,13.18,-9.78,-9.84,-25.21,1.01,-2.31,11.81
16.55,34.73,-0.01,-50.77,-21.97,-6.89,38.3,-6.55,5.41,-22.88,15.82,-15.46,3.78
16.05,33.11,2.26,-44.95,-18.61,-6.69,29.59,-13.87,-6.96,-31.35,5.15,-17.08,3.41
16.14,20.04,-5.65,-29.08,-14.16,-7.6,13.03,-9.25,-9.87,-24.24,-1.14,-0.11,16.62
16.24,24.78,-1.22,-29.98,-14.89,-4.83,20.06,-11.95,-17.67,-39.32,-9.19,-11.75,11.8
16.22,36.37,7.56,-38.29,-17.8,-12.26,26.18,-14.64,-12.81,-45.18,-11.21,-24.15,9.25
16.27,24.34,-3.42,-26.72,-10.67,-1.38,17.86,-6.21,-3.72,-16.32,5.84,-4.73,5.49
16.41,48.23,2.58,-58.02,-4.27,-8.82,40.21,-31.69,-6.07,-41.54,11.02,-21.47,2.42
16.02,31.59,3.45,-30.72,-17.02,-11.32,9.99,-21.68,-16.16,-27.81,4.44,-7.81,6.9
16.24,32.36,5.37,-34.2,-20.81,-12.75,15.84,-20.69,-16.53,-27.25,11.51,-4.89,2.5
17.22,43.26,12.57,-52.14,-31.32,-14.24,33.29,-20.96,-6.77,-21.64,29.61,-17.6,-7.91
17.3,35.11,12.15,-25.46,-13.98,-0.25,35.75,6.65,7.16,-12.68,15.55,-6.23,-1.34
16.98,40.92,15.4,-36.84,-8.14,5.94,37.46,-14.35,-3.5,-13.4,25.69,-3.62,6.92
17.38,35.15,9.78,-25.39,-6.02,5.21,35.5,1.51,7.23,-9.24,21.68,0.72,9.4
17.16,56.94,17.59,-50.03,-8.94,-1.14,54.49,-17.51,9.96,-4.97,44.01,-7.29,13.41
16.22,30.95,6.08,-24.9,-17.85,-16.3,9.64,-5.89,3.43,-12.57,5.32,-5.45,4.42
16.87,24.92,2.08,-17.76,-10.53,-3.54,14.17,1.85,6.86,-1.18,11.81,-2.73,-3.35
17.02,41.11,9.19,-38.0,-11.11,-1.9,36.42,-6.2,9.27,-13.84,26.13,-0.44,18.57
17.04,38.71,7.29,-29.68,-4.2,4.13,34.08,-5.76,5.83,-15.85,17.77,-7.48,8.93
16.28,43.94,12.17,-40.7,-11.57,1.28,31.71,-18.62,-2.89,-29.65,10.73,-19.97,5.12
16.34,26.9,1.79,-21.12,-7.76,1.77,22.12,0.39,2.49,-11.25,4.96,-9.88,-2.01
16.07,39.17,12.18,-32.01,-13.65,0.68,37.56,-0.78,6.71,-14.98,20.35,-4.15,9.29
16.36,38.11,5.28,-30.71,-3.13,-8.08,30.41,-0.23,12.93,-13.51,10.55,-5.63,11.0
16.89,40.05,9.15,-38.06,-10.71,-1.97,43.38,1.9,14.11,-20.68,14.84,-4.35,24.33
16.52,25.57,0.37,-25.35,-14.05,-3.02,24.67,7.29,6.46,-14.44,1.26,-8.48,6.7
16.47,19.36,-4.94,-24.02,-11.92,-4.85,11.84,-1.72,3.71,-5.76,1.67,-14.81,-14.7
16.91,25.05,0.91,-24.06,-13.82,-4.06,22.57,5.77,8.39,-7.32,13.0,3.86,12.91
17.06,35.28,6.2,-36.47,-15.09,-3.1,38.33,3.69,10.69,-14.85,17.37,-6.88,6.59
15.96,23.84,-4.04,-22.73,-5.86,4.16,22.15,3.09,8.18,-5.13,7.78,-8.2,2.09
16.41,35.92,6.91,-35.11,-14.27,-4.46,31.59,-1.48,6.37,-19.34,10.92,-12.22,4.48
16.62,28.27,0.18,-35.11,-20.77,-11.0,22.97,-6.43,-3.9,-30.56,1.3,-8.48,15.75
16.18,28.59,1.75,-31.37,-17.09,-7.01,23.65,2.69,10.35,-8.77,10.18,-8.35,2.55
16.75,40.71,4.03,-38.11,-13.87,-6.7,34.73,-4.39,10.95,-29.4,3.78,-28.83,4.98
16.33,28.85,1.02,-31.24,-16.09,-9.35,19.89,-0.08,9.64,-8.36,11.07,-4.98,6.18
16.33,27.35,1.94,-24.49,-14.95,-6.0,19.79,3.81,6.96,-9.45,7.7,-5.56,2.15
16.27,39.04,7.51,-42.49,-23.37,-16.51,23.5,-12.18,4.08,-18.08,19.15,-10.19,6.48
16.68,37.45,3.69,-43.38,-15.89,-16.49,27.93,-6.85,5.92,-27.56,5.23,-13.07,10.06
16.19,41.36,-0.35,-40.64,3.35,-20.45,33.37,-16.27,0.95,-30.24,2.8,-5.74,16.16
16.25,30.97,3.34,-30.34,-14.54,-4.6,27.96,-0.1,2.27,-24.56,2.1,-11.99,8.63
16.4,19.93,-2.34,-20.48,-14.91,-9.83,5.21,-5.21,-4.97,-15.62,-8.14,-12.24,-3.42
16.48,22.88,-2.48,-34.61,-28.03,-20.56,9.04,-14.34,-18.58,-42.26,-15.92,-16.63,5.21
16.85,50.64,11.77,-51.46,-11.56,-19.96,43.68,-11.96,7.25,-32.63,12.04,-19.67,20.05
16.96,26.91,-1.08,-38.18,-25.93,-16.85,19.82,-1.98,3.24,-20.99,2.68,-10.96,5.87
16.41,29.08,0.03,-39.71,-25.82,-21.69,16.84,-4.87,3.48,-26.13,-0.47,-14.72,7.19
16.49,30.88,-1.98,-45.09,-20.89,-12.19,31.89,-2.53,10.46,-26.31,2.78,-21.26,0.66
16.57,24.05,-6.05,-41.45,-18.95,-4.81,31.07,1.51,5.97,-18.46,6.74,-12.52,2.43
16.44,35.25,4.38,-47.7,-27.94,-15.67,21.58,-25.0,-11.83,-23.64,26.12,-1.52,11.7
16.49,21.37,-1.31,-25.55,-17.56,-9.45,9.77,-15.46,-24.54,-40.33,-16.41,-14.48,-0.36
16.75,27.53,-0.58,-36.07,-20.34,-8.14,23.86,-6.66,-5.78,-24.21,9.76,-2.29,11.88
16.2,52.7,16.55,-65.72,-23.94,6.86,47.13,-38.25,-3.45,-28.74,25.88,-12.82,24.2
16.24,30.78,-0.77,-37.67,-14.68,-5.7,22.94,-18.61,-11.58,-29.16,9.67,-9.86,5.02
16.48,47.74,-0.14,-62.65,-5.31,-8.89,39.35,-26.45,8.79,-29.66,20.82,-11.3,17.16
16.9,27.32,-0.41,-34.16,-22.54,-14.49,16.66,-5.47,3.11,-15.42,12.41,-0.41,11.55
