16.67,10.26,-2.95,-16.51,-20.51,5.33,19.21,11.69,-4.06,-12.15,-1.63,3.15,9.89
16.97,40.79,2.03,-45.87,-5.2,-8.08,34.26,-16.22,7.57,-12.65,30.8,-0.97,9.39
16.89,22.31,-4.87,-33.13,-15.97,-4.53,22.53,-1.03,0.8,-17.02,3.1,-7.5,6.14
17.39,26.26,0.43,-29.47,-17.17,-5.85,27.93,9.99,11.29,-13.47,6.35,-4.24,12.08
17.39,49.3,0.64,-62.25,-8.09,-28.85,39.12,-23.38,6.79,-23.27,12.75,-15.65,17.04
17.29,21.49,-3.73,-33.5,-26.21,-15.72,16.61,3.9,4.38,-16.8,0.74,-4.58,14.42
17.57,32.11,2.63,-42.98,-31.87,-24.34,13.81,-16.14,-5.83,-23.69,10.49,-9.51,2.05
16.92,26.54,-2.28,-39.54,-22.63,-12.35,20.78,-4.95,1.0,-19.05,7.14,-8.67,3.96
17.23,31.57,3.98,-38.13,-21.75,-9.35,30.85,0.3,6.38,-19.38,5.81,-19.5,-5.0
17.43,31.22,1.49,-39.4,-23.91,-15.28,19.25,-8.32,5.49,-10.62,20.8,-4.03,6.1
17.91,32.41,-1.29,-48.71,-30.1,-26.67,15.75,-9.26,10.74,-13.85,15.48,-11.69,4.15
18.07,20.12,-8.05,-33.58,-24.5,-18.99,3.24,-9.81,2.34,-7.81,7.03,-12.3,-5.92
17.27,27.21,-0.92,-36.21,-24.82,-17.03,12.72,-8.67,3.52,-9.14,13.29,-8.85,-4.54
17.53,22.27,-5.66,-35.49,-27.31,-21.77,5.56,-7.58,2.3,-10.49,9.74,-2.14,7.63
17.15,27.99,-7.15,-47.01,-17.94,-13.4,22.66,-12.54,1.76,-20.62,13.22,-5.32,11.41
17.14,30.84,0.93,-37.72,-20.16,-10.76,25.05,-6.03,0.04,-22.05,11.85,-5.52,8.12
17.24,23.3,-1.82,-34.05,-26.01,-16.35,16.29,-1.25,1.38,-17.71,4.08,-7.31,2.7
17.64,23.82,0.58,-27.13,-24.82,-21.81,6.66,-0.69,8.89,-6.95,6.12,-8.97,-1.19
17.89,24.52,-3.17,-37.25,-28.18,-24.35,11.3,2.87,17.08,-2.12,13.58,-3.9,7.02
17.31,21.32,-3.94,-30.77,-27.75,-20.5,5.01,-4.14,0.96,-10.23,6.3,-1.08,7.58
16.8,22.1,-3.83,-29.12,-18.09,-11.4,9.46,-6.86,1.53,-4.97,11.84,-3.98,-3.28
17.08,35.45,0.83,-54.24,-25.05,-13.55,26.11,-24.03,-6.35,-25.68,22.34,-8.08,7.2
17.46,34.54,-2.23,-42.85,-13.21,-19.93,16.31,-16.33,6.65,-9.39,21.52,-4.07,4.78
16.96,23.63,-4.33,-29.07,-11.72,-4.55,14.9,-14.26,-10.33,-21.11,9.97,3.33,17.33
16.89,52.42,5.22,-57.26,-0.11,-18.21,45.18,-21.14,-3.02,-33.4,4.59,-30.0,3.57
16.28,29.69,1.68,-25.41,-10.51,-3.78,15.77,-11.3,-7.0,-20.3,3.5,-11.81,0.9
16.54,45.96,9.08,-36.89,-1.22,-13.67,35.66,-9.03,6.8,-23.75,11.69,-5.85,15.77
17.38,39.24,9.17,-36.19,-17.74,-9.91,32.92,-1.84,15.15,-7.1,26.71,-9.24,0.88
16.7,26.03,2.17,-24.59,-14.91,-5.43,20.2,2.56,5.17,-8.17,10.73,-0.57,5.27
17.27,37.87,5.75,-42.82,-20.93,-9.46,35.59,0.37,15.41,-9.23,23.28,-11.69,0.21
16.88,27.83,-4.1,-44.61,-25.14,-16.82,13.26,-20.62,-12.29,-33.44,-4.91,-25.44,-11.94
16.92,29.03,0.54,-31.46,-15.31,-3.4,27.61,0.95,5.25,-14.88,13.49,-2.25,10.65
16.65,38.97,9.92,-38.48,-20.27,-6.58,31.81,-9.42,1.52,-19.14,21.38,-9.46,3.68
17.9,50.35,12.11,-48.98,-13.51,-22.01,36.81,-10.54,15.01,-16.88,20.25,-16.1,8.27
17.79,36.13,2.29,-37.96,-9.47,-20.16,24.0,-4.09,17.73,-11.53,11.24,-16.98,-3.89
17.71,21.54,-4.7,-27.78,-20.02,-10.01,13.57,4.75,9.79,-1.8,10.14,-2.7,0.64
16.92,30.41,1.22,-35.12,-15.03,-5.48,27.39,-4.51,0.17,-22.87,4.91,-11.85,4.5
17.47,20.9,-2.76,-28.3,-22.16,-16.44,9.15,-2.05,6.01,-7.95,5.99,-9.98,-3.68
16.79,18.9,-5.58,-26.93,-16.9,-11.03,5.97,-8.45,-0.46,-4.04,12.49,-1.08,-1.48
16.36,38.44,1.48,-46.24,-16.65,-18.04,27.69,-7.87,8.11,-24.94,10.46,-11.41,11.17
17.55,29.4,-0.9,-46.56,-36.75,-34.35,7.75,-10.88,6.68,-15.17,13.52,-7.39,9.06
18.23,17.92,-5.61,-29.31,-30.31,-27.66,-2.19,0.53,13.32,1.31,5.44,-9.16,-2.66
18.27,19.56,-4.14,-29.69,-25.6,-22.61,4.35,2.02,16.41,5.62,15.13,-2.21,0.66
17.16,33.34,2.96,-38.22,-25.2,-21.41,12.17,-12.44,0.67,-20.43,5.43,-20.4,-7.37
17.35,29.23,1.53,-37.76,-19.47,-4.42,34.73,6.48,14.26,-7.21,18.5,-9.93,-1.51
17.14,20.35,-4.06,-23.38,-14.3,-3.36,17.38,6.59,7.95,-3.56,7.83,-1.99,2.7
16.79,33.03,1.03,-38.67,-15.7,-14.17,20.49,-8.37,7.65,-8.57,23.96,1.99,11.11
16.58,33.38,0.96,-29.88,-9.64,-3.32,22.52,-4.65,10.84,-4.51,23.4,0.6,13.64
16.63,25.09,2.1,-23.69,-12.54,-0.48,27.19,10.51,12.56,-2.04,16.0,3.37,8.11
16.96,29.85,3.36,-28.25,-14.23,-3.96,25.66,3.25,9.9,-5.51,20.18,3.54,13.15
16.82,44.24,7.36,-50.42,-13.16,-1.37,43.49,-14.0,5.43,-18.52,32.58,-7.36,11.62
17.44,41.81,6.22,-38.79,-8.26,-14.51,28.45,-7.64,12.62,-11.44,22.15,-3.48,15.37
17.75,36.07,9.43,-28.43,-11.43,-5.3,26.77,-2.87,7.83,-10.0,21.18,-0.33,8.35
18.19,27.94,8.45,-12.27,-2.91,5.46,23.99,3.36,-0.37,-13.1,4.9,-2.72,1.26
17.17,34.25,5.98,-20.81,7.75,5.02,28.24,-7.13,-2.19,-23.11,3.47,-8.19,4.31
18.3,51.75,16.24,-34.19,5.42,-0.07,41.11,-16.87,4.25,-16.91,29.65,-5.91,5.75
18.52,34.61,11.19,-15.01,-1.44,-4.57,11.24,-10.99,4.96,-3.03,12.22,-14.37,-17.49
17.99,41.76,17.5,-20.09,-6.18,-2.52,28.21,-0.5,11.27,-8.49,16.16,-8.88,-0.68
18.0,42.42,8.71,-34.45,-7.64,-15.07,18.65,-19.96,-0.83,-20.4,11.95,-16.44,-5.04
18.1,41.21,11.49,-30.49,-8.9,-4.81,36.29,6.86,23.07,-2.56,27.58,-5.79,2.99
17.35,24.64,1.4,-22.17,-6.39,3.75,24.76,-0.23,0.92,-9.82,13.26,0.53,3.9
17.44,33.49,9.67,-22.97,-9.57,-1.72,27.43,-3.73,-2.5,-21.87,4.18,-18.24,-15.2
17.61,44.5,10.99,-31.08,-2.04,-12.9,27.92,-4.72,17.62,-12.53,11.73,-17.7,-0.73
17.17,39.54,7.98,-25.31,0.82,-5.61,24.29,-7.47,6.88,-11.08,15.33,-4.05,6.61
17.24,39.08,9.85,-34.05,-12.42,-6.11,29.33,-6.65,6.89,-18.58,10.52,-19.68,-6.19
18.23,34.13,11.03,-36.28,-23.85,-11.88,33.22,-1.68,2.4,-20.48,14.79,-10.58,-0.39
17.78,27.94,2.54,-29.13,-16.53,-6.93,24.07,3.26,8.5,-9.52,10.32,-7.2,2.4
16.81,38.83,6.13,-35.78,-8.19,-3.53,28.63,-13.09,0.51,-19.04,15.14,-10.01,8.29
17.73,32.76,8.42,-28.75,-13.64,-0.75,36.73,9.68,16.08,-5.81,21.13,-3.14,3.96
17.03,37.47,4.42,-32.68,-11.02,-7.45,22.82,-9.23,6.71,-12.72,15.77,-8.42,6.98
17.68,52.23,8.46,-68.49,-18.24,-7.14,51.3,-33.24,0.39,-21.05,27.47,-24.05,-1.85
16.96,30.18,2.14,-30.55,-17.4,-9.78,17.92,-5.74,3.94,-8.8,17.96,-1.35,5.41
17.61,33.42,12.23,-20.37,-13.81,-9.63,26.41,13.1,21.14,-6.71,6.76,-10.55,2.3
17.17,31.85,4.82,-39.04,-26.82,-14.61,25.92,-3.85,0.15,-22.19,10.07,-8.08,7.62
17.77,38.97,6.6,-44.81,-17.56,-4.3,43.31,1.24,14.99,-11.81,29.8,-3.06,11.75
16.41,28.96,1.83,-24.86,-8.04,3.88,31.39,9.17,12.51,-7.25,12.98,-1.85,12.06
17.17,33.57,7.99,-31.91,-14.1,-1.25,39.43,3.52,3.07,-26.34,8.06,-5.28,15.44
16.65,29.45,3.21,-24.19,-7.95,1.28,29.25,3.95,2.91,-20.43,2.96,-6.91,8.18
16.65,32.07,5.9,-28.55,-7.92,2.11,34.02,-2.01,0.62,-22.39,9.13,-5.96,8.67
16.73,39.49,3.3,-38.72,-5.09,-1.47,35.21,-8.72,6.76,-15.65,19.84,-10.73,7.48
17.0,32.66,3.31,-30.48,-5.94,0.3,27.74,-5.66,6.35,-10.12,21.03,2.09,13.3
16.96,33.22,-2.4,-44.45,-14.24,-2.5,36.42,-3.43,11.81,-10.23,30.21,2.02,15.33
16.74,50.65,7.56,-55.06,-3.47,-1.23,41.84,-29.88,-0.51,-27.28,23.58,-16.08,13.24
16.85,26.26,-2.19,-29.57,-8.04,-0.36,17.81,-18.38,-10.64,-17.73,19.85,5.73,14.67
17.07,27.68,-1.26,-28.13,-4.26,1.0,20.36,-9.96,-1.87,-14.78,6.79,-9.82,0.49
17.06,33.25,5.5,-36.34,-6.39,8.98,39.5,-16.38,-9.08,-22.19,25.9,-0.02,10.41
17.66,25.17,-0.92,-30.8,-3.1,6.37,29.59,-15.55,-11.03,-21.35,21.27,3.05,7.45
18.45,23.22,-7.25,-34.75,-8.37,2.77,25.44,-11.57,-0.35,-9.12,28.31,6.01,12.49
18.58,19.19,-7.02,-33.28,-10.7,0.0,25.51,-6.44,-6.17,-22.54,10.75,5.64,19.02
18.82,33.76,-6.85,-53.94,-2.96,7.87,44.01,-26.73,-6.49,-29.16,27.26,-7.92,16.07
18.53,37.97,-10.71,-55.27,13.61,-5.99,54.36,-26.98,4.79,-14.59,32.41,5.14,9.85
18.34,22.99,-7.07,-41.05,-9.39,1.28,30.6,-16.57,-12.58,-28.34,18.89,7.48,20.56
19.28,21.91,-10.33,-44.61,-6.5,3.02,29.95,-20.3,-5.55,-13.82,37.27,18.02,29.12
18.98,15.48,-15.64,-36.69,-9.32,1.13,17.65,-17.99,-8.52,-13.99,23.35,9.2,19.31
18.66,28.91,-9.13,-46.79,-3.45,-5.91,28.61,-23.4,-7.12,-26.72,18.71,0.57,15.96
19.3,20.56,-10.28,-35.61,-1.22,8.39,26.64,-25.53,-18.68,-31.01,20.16,9.1,29.52
19.3,32.19,-8.72,-52.03,10.08,11.97,51.19,-27.49,-14.56,-41.36,22.07,0.23,27.17
19.35,11.42,-17.77,-33.18,-2.42,10.19,21.74,-19.77,-18.22,-25.0,13.64,6.67,20.37
18.72,21.78,-10.9,-43.46,-10.54,0.72,26.81,-15.7,-7.55,-21.85,15.3,-1.93,12.4
19.48,25.45,-11.26,-51.01,-9.91,1.51,32.62,-23.55,-8.39,-24.82,27.65,3.62,24.14
19.19,28.01,-6.27,-50.87,-8.56,4.67,39.37,-27.84,-20.01,-39.66,18.76,-6.72,11.97
19.77,10.7,-22.35,-45.13,-14.81,-4.09,12.97,-27.24,-18.57,-24.66,17.17,5.27,16.8
19.44,24.34,-17.35,-63.98,-18.04,-12.0,25.62,-31.98,-10.05,-24.92,31.83,8.93,30.61
19.48,28.76,-9.69,-52.38,-6.75,2.28,31.66,-33.89,-15.1,-30.72,27.9,-1.25,23.03
19.57,31.19,-7.95,-54.85,-4.45,4.91,40.93,-27.76,-11.75,-34.09,21.86,-6.92,18.72
18.92,14.7,-14.1,-32.77,-5.17,8.5,26.39,-8.41,-7.96,-20.12,11.6,2.09,14.08
19.06,17.26,-12.39,-43.04,-9.68,4.92,30.91,-18.4,-17.47,-31.95,14.53,2.17,14.6
19.41,14.54,-16.29,-37.17,-11.02,1.16,17.06,-18.86,-13.83,-21.82,10.62,-5.76,1.57
19.05,11.67,-15.35,-32.11,-7.14,1.53,12.79,-16.69,-10.56,-11.49,14.63,3.52,5.98
18.91,33.04,-7.52,-54.76,-8.67,5.35,37.86,-29.11,-6.5,-25.44,28.01,-18.08,0.61
18.49,30.29,-1.17,-41.48,-6.48,4.06,34.48,-21.48,-11.12,-24.42,27.12,4.23,17.35
19.46,29.4,-7.18,-48.06,-4.24,4.17,29.43,-40.83,-25.38,-38.1,24.44,-7.76,9.6
19.06,27.4,-6.63,-42.69,-4.57,0.26,22.7,-29.71,-15.05,-28.94,12.5,-13.37,0.59
19.07,27.6,-5.91,-38.71,-9.67,-2.29,18.32,-30.57,-21.82,-37.31,5.12,-17.1,-0.3
18.58,26.91,-3.11,-36.38,-3.21,7.3,31.47,-18.85,-14.43,-29.33,14.09,-3.13,12.07
19.19,20.23,-10.7,-32.35,-2.64,9.33,26.94,-12.62,-6.54,-18.39,17.18,2.19,18.49
19.14,31.58,-8.19,-48.81,0.95,4.27,42.15,-11.7,7.38,-14.95,29.34,1.22,15.73
18.64,16.68,-14.21,-33.94,-11.97,-3.15,10.43,-19.62,-13.7,-20.71,10.38,2.61,16.44
19.28,22.23,-8.37,-37.97,0.48,8.41,27.5,-26.26,-18.91,-30.83,14.49,-2.18,12.37
19.19,27.93,-6.15,-43.17,-5.25,-3.64,25.21,-29.8,-16.68,-30.72,25.65,5.56,14.29
18.85,21.73,-9.9,-38.46,-6.75,0.74,20.94,-19.82,-10.02,-18.92,16.63,0.28,10.37
19.24,24.27,-4.78,-33.77,-4.54,4.52,24.52,-24.76,-20.61,-33.45,12.57,-2.37,12.2
18.89,28.51,-1.9,-35.4,-4.08,0.51,22.01,-25.69,-15.19,-25.57,17.66,-2.44,7.11
18.35,39.75,7.8,-49.08,-13.75,4.33,41.52,-31.28,-14.12,-23.03,39.16,-1.64,9.88
18.93,28.52,-2.6,-35.72,-6.21,0.04,21.48,-20.94,-8.27,-17.05,20.75,2.18,14.34
18.4,27.72,0.36,-32.91,-3.05,11.02,35.75,-13.61,-9.46,-23.09,18.72,-3.11,9.05
18.79,30.91,-0.77,-40.64,-6.33,3.26,30.13,-25.67,-14.49,-25.12,27.72,4.68,16.97
18.55,35.5,-4.14,-43.73,6.06,0.44,31.7,-25.19,-3.08,-21.63,22.09,-8.57,6.7
18.33,26.19,-1.59,-34.41,-7.97,2.93,27.4,-14.64,-5.64,-13.59,27.35,6.79,12.96
18.42,53.09,4.08,-56.57,0.36,-0.45,46.68,-33.41,1.82,-23.21,35.79,-9.21,17.63
18.4,31.66,-4.96,-39.43,9.02,7.28,39.49,-15.55,-4.74,-32.07,10.61,-4.78,19.24
18.52,23.76,-5.61,-27.52,0.39,8.52,23.33,-18.02,-10.41,-19.14,19.94,6.28,21.75
18.03,25.98,-2.86,-32.85,-2.55,7.01,33.01,-8.27,-3.28,-19.71,19.37,10.6,29.77
18.68,27.67,0.25,-29.54,-3.21,1.53,30.72,-7.44,-5.21,-31.5,5.19,0.5,24.02
19.23,38.3,-4.78,-48.64,2.32,-11.58,32.06,-29.71,-8.16,-29.67,19.45,0.13,21.54
18.73,42.39,-4.22,-60.38,-6.28,-6.99,33.15,-38.48,-6.29,-26.89,38.58,-0.38,28.02
18.7,24.39,-6.1,-35.22,-5.79,1.57,27.31,-7.59,0.29,-14.41,19.61,6.51,16.73
19.62,23.03,-8.22,-38.92,-2.81,9.72,31.95,-21.36,-9.5,-18.32,32.73,10.83,24.68
18.94,24.13,-6.06,-35.29,-1.47,7.05,27.68,-17.14,-6.39,-16.32,19.84,-1.6,9.11
18.82,28.53,2.6,-40.54,-14.03,5.46,41.55,-11.23,-5.67,-11.87,38.72,6.72,6.38
19.49,30.54,-1.43,-42.14,-3.55,6.52,36.21,-21.46,-6.54,-18.61,34.67,6.61,16.46
18.72,22.59,-6.18,-28.84,-3.99,4.6,18.78,-19.3,-11.55,-15.79,21.83,6.36,13.47
18.22,31.48,-2.17,-38.93,-1.54,1.76,24.59,-28.01,-12.46,-23.66,25.09,10.04,30.36
19.11,23.36,-1.74,-29.28,-2.89,8.89,27.02,-23.2,-24.48,-32.91,14.53,6.49,21.54
18.95,28.57,-2.57,-32.77,0.09,1.1,23.4,-20.77,-15.25,-35.3,1.39,-8.76,11.15
19.16,27.31,-0.89,-37.27,-11.91,-1.36,28.23,-14.89,-8.79,-22.81,22.93,9.25,22.2
18.68,26.18,-2.43,-34.51,-7.73,2.8,29.97,-8.91,-4.96,-23.18,12.56,2.55,21.86
18.79,47.21,8.77,-52.19,-2.37,8.56,44.22,-34.84,-8.38,-27.8,34.94,-7.12,14.78
19.0,29.18,-1.28,-36.93,-5.67,2.29,27.19,-19.09,-6.21,-15.81,28.12,5.22,13.72
18.66,25.74,-2.27,-36.64,-10.25,4.48,31.59,-13.14,-8.89,-19.32,23.06,4.04,14.6
18.93,31.8,-1.4,-35.89,-5.92,-5.45,21.05,-16.82,-3.33,-20.13,12.03,-4.99,10.29
19.59,39.16,-3.29,-54.6,-1.58,1.59,40.48,-35.03,-9.22,-28.71,30.6,-10.33,13.05
18.77,25.51,2.1,-20.98,-1.08,5.58,20.21,-15.16,-13.49,-20.04,10.28,-3.01,-1.51
18.95,18.12,-7.52,-25.24,-4.1,5.0,15.95,-19.26,-18.34,-22.6,11.88,4.93,12.2
18.77,38.98,4.69,-39.55,0.43,4.29,35.32,-24.63,-12.91,-37.52,9.39,-15.2,5.63
18.65,35.13,0.41,-34.82,3.98,0.26,27.61,-20.14,-6.44,-24.48,14.03,-6.91,7.26
19.62,27.48,-1.03,-33.41,-3.23,5.19,27.35,-19.37,-9.99,-21.05,18.44,-2.16,9.27
19.14,27.88,2.31,-22.51,-7.54,0.73,20.64,-7.33,-8.46,-24.46,0.88,-5.36,10.44
19.17,40.75,4.67,-42.65,-0.15,6.26,47.26,-12.4,1.43,-26.29,20.61,-5.59,18.25
19.0,43.7,7.67,-52.72,-9.8,2.56,48.37,-28.81,-16.25,-35.17,29.13,-10.65,9.28
19.57,34.4,-1.39,-43.71,0.89,2.34,28.75,-33.06,-10.45,-23.35,29.27,-0.63,15.34
19.0,37.72,-2.73,-48.92,-2.15,-6.51,27.92,-27.57,-0.62,-20.32,25.77,-4.2,11.47
19.09,52.09,4.9,-62.27,-1.82,-1.33,51.31,-38.73,-6.11,-26.8,39.7,-6.06,20.81
18.89,42.3,3.37,-56.83,-14.82,-2.85,42.61,-27.57,-5.03,-20.82,45.1,5.69,24.84
18.19,28.78,-4.03,-40.63,-17.94,-16.52,10.45,-22.07,-8.07,-20.07,17.93,7.32,21.59
18.5,24.94,-7.7,-41.24,-13.87,-12.38,8.86,-31.85,-17.1,-23.85,19.39,5.75,17.87
19.29,28.54,-2.77,-45.78,-12.3,2.74,30.49,-31.97,-23.98,-32.53,27.13,3.57,18.92
18.45,25.9,-4.0,-36.33,-13.23,-2.46,20.26,-23.01,-21.77,-38.9,-2.35,-16.69,1.03
18.51,28.82,0.38,-36.23,-7.61,5.49,33.03,-17.98,-14.52,-29.43,15.34,-4.21,10.17
18.93,19.81,-8.24,-29.12,-4.65,4.61,18.84,-18.01,-12.89,-20.96,12.03,-2.21,9.24
18.78,32.47,-0.75,-38.83,-6.96,-2.39,23.56,-23.5,-13.61,-32.37,7.03,-8.32,14.83
18.6,29.86,-1.23,-38.07,-11.02,-1.01,24.13,-25.72,-19.05,-36.31,5.69,-17.68,-1.37
18.88,20.86,-6.88,-32.49,-10.13,0.25,20.62,-11.68,-11.13,-24.76,1.46,-8.56,3.61
18.8,16.9,-13.46,-30.81,-5.34,4.93,20.53,-5.98,1.89,-6.86,12.68,-5.98,0.96
19.51,22.54,-13.55,-56.66,-16.25,-9.71,15.6,-45.67,-22.99,-26.32,36.54,9.55,23.93
19.19,23.18,-9.37,-33.43,-1.94,9.4,28.75,-12.6,-3.32,-17.35,19.68,0.49,18.07
18.95,28.02,-4.07,-42.11,-10.46,-1.47,24.95,-25.66,-19.96,-41.03,-3.0,-24.2,-5.6
18.86,31.9,-6.81,-53.43,-16.33,-15.2,19.86,-33.78,-19.24,-41.4,3.82,-21.68,-8.08
18.79,26.46,-0.69,-35.75,-11.02,6.42,38.45,-3.61,-4.33,-23.62,10.61,-10.41,2.4
18.88,35.59,7.51,-43.17,-25.38,-10.32,31.68,-11.44,-5.6,-22.83,17.87,-10.69,3.1
19.12,27.53,-1.61,-37.07,-17.39,-7.76,20.47,-14.25,-10.25,-27.57,3.98,-11.43,0.94
19.62,50.75,11.0,-54.89,-12.57,-1.06,46.92,-23.11,-0.98,-26.71,26.17,-25.17,-2.16
18.94,34.69,6.82,-36.38,-16.36,-2.2,40.75,4.09,7.29,-20.94,10.4,-14.51,-1.23
19.36,25.06,-9.93,-38.59,-3.92,8.75,39.39,4.86,16.04,-5.24,22.28,-0.74,14.4
19.96,45.0,0.83,-60.44,-0.87,2.07,46.42,-40.88,-5.74,-22.9,43.92,-6.47,10.08
19.9,26.2,-2.74,-32.84,0.81,9.22,28.08,-26.28,-16.16,-24.65,25.09,3.74,17.45
20.03,24.2,-3.99,-34.32,-4.02,3.95,23.02,-24.74,-16.17,-24.68,17.05,-1.05,9.35
19.66,26.22,-10.53,-40.05,-10.79,-5.17,12.92,-32.84,-22.63,-40.21,0.92,-18.47,3.08
19.16,32.67,-2.31,-42.37,-7.0,-5.63,21.42,-29.44,-14.66,-30.44,14.05,-8.15,6.65
19.06,42.08,4.39,-38.8,6.45,0.22,35.27,-19.92,-3.3,-33.44,9.81,-10.06,15.61
18.98,34.79,3.32,-38.64,-6.33,5.78,38.91,-10.75,-0.55,-19.4,24.52,0.89,17.37
18.97,51.61,12.67,-60.29,0.46,15.49,47.49,-42.81,-0.91,-27.38,21.7,-20.06,9.64
19.87,30.12,0.09,-35.41,2.28,13.13,39.36,-14.97,-5.54,-21.75,20.75,-8.03,3.75
18.95,25.29,-2.43,-30.64,-4.53,5.08,25.71,-17.98,-15.7,-29.42,8.2,-7.58,4.25
18.88,30.88,0.39,-34.47,0.3,8.52,30.55,-24.7,-20.31,-37.31,6.25,-10.66,9.93
19.25,23.2,-3.5,-21.23,-0.41,6.77,15.12,-20.21,-18.33,-23.56,8.61,0.07,9.87
19.74,26.08,0.37,-27.89,7.84,14.97,32.46,-23.0,-14.92,-25.26,17.66,-8.31,-0.47
19.6,24.95,0.1,-33.36,3.5,14.06,34.7,-32.45,-24.85,-30.41,27.87,-2.57,-0.19
19.93,18.8,-9.42,-34.17,3.45,8.49,20.7,-32.92,-22.68,-27.12,18.51,-0.08,8.23
19.35,42.7,10.58,-50.1,5.04,20.87,50.4,-35.74,-13.45,-28.24,24.33,-23.65,-6.56
19.19,29.36,1.9,-24.77,8.73,15.2,31.88,-17.95,-16.74,-33.81,2.42,-6.85,15.53
19.08,38.46,4.51,-37.12,2.95,10.31,36.53,-30.64,-22.63,-44.35,9.13,-16.23,9.21
18.75,44.45,-2.04,-53.71,7.71,-5.38,47.65,-30.7,-8.31,-39.91,15.82,-9.0,14.96
18.11,39.7,9.23,-44.11,-3.96,8.06,41.58,-34.86,-23.62,-36.89,27.99,-2.42,14.73
18.46,32.39,6.88,-28.38,-2.81,7.27,36.43,-11.95,-12.74,-31.26,14.24,1.15,13.24
19.44,36.07,6.15,-33.94,-0.45,9.32,39.36,-20.21,-13.65,-33.91,18.55,-5.66,11.67
19.4,29.05,0.77,-35.68,-13.25,0.13,34.31,0.74,7.88,-11.23,20.0,0.28,11.54
19.63,13.25,-13.71,-32.68,-20.57,-12.45,2.28,-14.19,-6.12,-7.03,12.77,-1.13,-3.37
19.46,38.88,3.06,-49.07,-13.32,-1.43,37.25,-15.93,7.85,-10.7,31.87,-13.14,-1.71
19.06,40.96,-0.65,-48.57,1.47,-2.28,38.94,-14.47,16.1,-8.35,35.2,-2.66,8.81
18.87,40.12,11.43,-36.19,-11.1,4.12,32.58,-21.57,-4.3,-8.37,39.02,-2.35,2.42
19.46,30.81,-0.88,-34.55,2.27,2.69,26.64,-19.25,2.03,-7.61,35.59,10.18,16.57
19.59,40.4,-4.24,-50.35,12.26,-7.91,29.83,-51.02,-13.84,-24.65,39.02,8.1,21.14
19.12,30.61,1.8,-30.68,-2.01,4.61,25.14,-20.44,-1.88,-4.33,43.38,15.13,18.09
18.99,35.34,8.64,-27.9,0.62,6.33,24.19,-30.97,-19.08,-24.3,26.76,6.27,18.08
18.79,32.24,6.17,-24.83,-5.36,2.28,22.74,-16.52,-9.77,-17.24,21.67,3.29,7.9
18.47,24.73,4.09,-15.73,0.04,4.89,15.09,-18.33,-18.88,-20.69,14.53,10.62,12.2
18.61,37.99,12.67,-21.7,-1.8,7.15,32.44,-5.37,1.1,-10.21,23.83,-0.73,0.84
18.82,31.07,4.09,-23.68,2.27,7.27,26.4,-10.38,-2.19,-13.13,18.91,3.66,12.16
18.86,35.51,2.29,-36.01,-1.79,3.41,34.16,-19.2,-7.85,-23.84,31.15,10.36,26.99
19.31,32.38,3.03,-28.13,3.91,8.84,29.6,-14.75,-3.39,-16.28,18.89,-1.14,12.32
18.74,30.75,2.5,-22.08,3.41,6.07,26.54,-8.76,-3.35,-22.2,10.85,2.94,21.45
18.51,31.22,1.49,-29.54,1.16,7.22,30.35,-9.96,-0.2,-14.86,17.04,-2.19,8.63
18.87,23.05,-0.1,-14.27,5.87,13.31,20.55,-13.36,-16.37,-24.6,3.18,-0.53,12.06
18.81,20.91,0.55,-14.96,-3.67,-1.71,5.95,-17.59,-19.57,-26.13,-4.3,-2.71,6.35
18.6,50.94,9.52,-36.43,9.44,3.49,35.03,-36.35,-10.93,-37.32,25.28,-4.26,27.92
19.25,37.14,10.54,-18.14,3.41,1.43,14.81,-22.73,-12.39,-20.41,9.66,-4.13,7.41
18.87,21.52,-0.56,-12.3,-1.36,3.96,6.41,-17.53,-21.68,-24.85,-7.93,-11.75,-6.59
19.42,47.68,13.13,-36.12,5.06,0.17,32.3,-41.33,-29.95,-49.01,11.91,-12.74,12.98
18.59,32.32,9.03,-20.67,-8.27,-5.59,12.79,-22.83,-26.43,-42.22,-9.95,-12.31,5.5
19.42,43.18,17.33,-21.88,2.01,6.5,30.47,-21.1,-20.33,-42.06,1.27,-10.81,11.43
19.9,25.14,4.06,-9.75,4.97,5.0,3.09,-34.16,-35.74,-35.19,-2.35,-4.44,3.41
19.22,54.7,9.58,-42.05,24.78,-0.7,49.8,-52.1,-28.91,-53.26,6.4,-11.24,12.17
19.25,35.66,12.32,-17.83,4.07,9.58,26.42,-25.96,-29.14,-44.08,-0.18,-13.48,-0.83
19.4,37.46,6.45,-24.72,18.48,10.92,29.34,-32.84,-23.03,-41.56,2.75,-14.88,4.0
19.26,29.23,2.12,-21.58,3.7,9.0,20.57,-25.84,-23.53,-38.58,-6.08,-26.42,-11.94
18.52,26.05,1.49,-22.89,-2.18,2.18,16.43,-18.63,-14.18,-22.38,8.25,-1.53,11.04
18.84,40.93,8.28,-27.1,-0.39,2.95,22.13,-29.46,-20.18,-37.59,6.11,-15.58,6.78
19.18,40.84,13.23,-34.31,-4.34,11.06,42.36,-22.99,-20.83,-38.05,15.83,-13.11,8.73
19.63,44.91,15.58,-42.43,-9.58,7.01,42.47,-34.34,-28.06,-46.64,7.28,-28.13,-3.83
19.24,28.62,3.38,-26.64,-3.0,5.74,24.95,-23.55,-29.04,-44.93,-2.44,-7.16,14.61
18.47,40.93,8.66,-43.41,-5.51,8.51,41.91,-27.97,-15.42,-39.86,11.19,-14.62,16.62
19.14,28.26,2.06,-23.66,1.36,5.72,20.59,-20.95,-20.88,-35.99,-5.27,-15.03,-0.29
19.3,42.61,9.05,-32.2,4.76,11.06,36.17,-30.23,-18.53,-38.7,13.49,-18.34,7.94
19.6,26.41,2.3,-23.83,-4.51,-2.97,6.13,-36.79,-32.35,-34.91,5.34,-3.04,6.81
19.25,37.04,9.66,-31.13,-5.1,-0.21,19.01,-41.59,-31.67,-38.41,14.14,-11.96,0.1
19.16,29.1,7.17,-17.22,1.0,5.19,16.62,-23.36,-22.01,-26.24,11.38,2.47,7.5
19.15,26.79,4.03,-19.89,2.93,9.44,20.28,-28.45,-30.12,-35.41,12.09,8.67,21.77
18.44,35.17,9.51,-20.29,-3.8,-3.61,11.13,-23.19,-15.85,-25.78,5.12,-1.83,15.69
19.41,37.06,0.93,-33.34,5.63,11.63,33.72,-25.37,-7.56,-24.52,26.41,-6.84,12.97
19.53,38.29,10.55,-31.47,2.29,11.32,31.24,-36.29,-24.35,-32.03,25.24,-2.02,15.75
18.51,34.68,10.08,-24.97,-9.77,-3.51,16.07,-28.09,-26.53,-35.73,5.08,-10.25,-1.24
19.13,57.6,20.36,-51.24,-3.75,11.13,54.66,-42.05,-12.79,-19.55,44.22,-15.12,7.96
19.79,45.1,8.35,-38.21,0.68,-9.63,18.46,-28.85,-1.31,-18.98,24.08,0.11,16.76
19.63,46.37,12.58,-35.28,-0.35,-1.39,32.71,-21.85,-1.1,-18.49,29.41,-4.23,4.05
19.33,29.46,6.95,-17.86,-10.59,-3.8,16.27,-3.22,-1.94,-12.46,7.87,-3.64,-0.11
19.52,25.59,4.7,-16.18,-9.5,-1.49,19.72,7.89,6.9,-8.83,0.07,-8.34,-1.17
19.41,29.37,2.01,-32.02,-17.5,-10.92,15.33,-11.03,-5.99,-24.38,-1.8,-14.9,2.46
19.94,31.39,6.27,-25.82,-11.48,-4.08,20.79,-8.26,-2.69,-13.81,15.52,-2.94,0.22
19.99,32.52,5.83,-22.53,-7.89,-1.64,18.55,-9.77,-2.11,-13.16,14.16,-2.21,8.46
19.21,45.74,14.33,-38.27,-6.06,6.0,27.46,-37.28,-11.43,-16.49,35.08,-6.53,14.17
19.62,43.0,7.44,-36.54,1.18,-2.45,27.31,-26.37,1.11,-11.7,36.64,3.04,13.39
19.26,30.31,0.76,-36.49,-12.17,-6.23,19.21,-20.25,-2.79,-8.56,32.5,8.89,15.78
19.29,39.36,7.24,-45.12,-14.1,-2.12,34.39,-26.5,-12.03,-23.12,35.42,3.34,16.56
19.38,27.66,4.36,-18.17,0.47,4.32,17.63,-14.65,-11.15,-18.9,8.78,-0.51,6.0
19.14,39.22,15.66,-17.02,-3.65,0.62,22.47,-14.2,-12.74,-27.44,8.72,0.32,18.8
18.91,35.81,7.66,-29.63,-8.57,-2.89,22.39,-18.73,-12.9,-30.72,2.62,-15.67,2.19
18.68,32.37,4.8,-24.94,-4.36,3.2,23.18,-16.03,-11.87,-24.05,12.68,-1.32,13.21
19.0,38.9,8.96,-30.94,-5.78,-1.79,23.86,-20.8,-9.94,-24.77,17.64,2.33,20.95
19.06,41.57,13.72,-37.79,-11.94,1.96,38.96,-14.89,-10.15,-28.81,16.85,-11.67,2.24
18.75,41.63,12.39,-26.78,-1.95,-0.55,28.88,-10.83,-0.1,-19.67,16.53,-3.27,8.1
18.17,40.52,11.44,-34.41,-10.45,-2.95,25.56,-22.3,-10.36,-23.57,20.1,-5.58,8.52
18.83,32.72,4.07,-31.56,-2.8,6.09,30.51,-18.41,-13.56,-31.15,6.59,-14.42,0.66
18.32,23.35,-2.88,-16.84,0.61,8.0,15.08,-10.51,-7.91,-14.34,2.87,-11.07,-4.54
18.82,31.7,1.61,-33.11,-2.35,6.62,33.29,-7.65,5.88,-6.96,29.92,7.44,18.78
18.61,36.29,-2.33,-44.12,-14.5,-8.01,19.12,-30.65,-9.28,-21.89,29.47,-2.67,15.81
17.91,23.48,0.88,-18.79,-4.2,5.91,23.91,3.18,2.06,-9.36,7.26,-1.29,5.26
18.82,50.84,9.02,-49.27,1.57,-2.47,39.65,-34.18,-8.64,-32.95,20.41,-12.07,11.36
18.9,36.18,2.28,-38.54,-4.71,-3.67,22.6,-29.2,-14.96,-31.71,12.39,-10.2,6.96
19.43,37.76,-2.31,-48.17,-7.42,-10.74,27.19,-25.73,-9.7,-36.94,0.63,-28.45,-9.53
19.27,23.16,-4.09,-28.3,-12.4,-8.37,6.64,-17.6,-11.28,-18.05,3.68,-7.2,-0.02
18.95,34.56,3.03,-34.22,-8.05,-0.37,26.0,-19.74,-12.28,-33.48,5.64,-14.27,5.81
19.0,22.27,-1.45,-25.33,-6.43,2.36,18.46,-18.49,-21.22,-29.48,4.7,-3.58,0.91
19.03,44.44,4.93,-51.93,-1.03,-0.99,35.59,-32.68,-10.16,-30.84,26.38,-5.92,17.85
18.97,38.1,5.86,-36.57,1.03,9.16,37.5,-21.12,-10.55,-29.47,17.43,-9.62,6.24
18.55,38.75,0.9,-41.94,-1.77,-7.33,23.99,-28.51,-8.73,-27.44,16.36,-7.93,7.65
18.17,33.69,6.11,-32.1,-11.17,-0.63,24.21,-17.97,-8.51,-17.51,22.06,-0.92,6.97
18.92,40.61,2.65,-49.53,-4.76,-2.16,32.38,-38.48,-17.5,-32.87,25.28,-11.12,10.0
18.57,31.06,-3.45,-41.88,-5.24,-5.98,16.01,-37.15,-21.98,-37.95,7.04,-13.7,4.26
19.08,47.31,6.59,-45.4,-0.35,-4.04,27.77,-44.25,-24.25,-49.99,4.75,-27.28,-1.09
18.76,35.54,10.61,-22.15,-0.68,5.55,24.4,-21.06,-18.27,-29.57,9.28,-5.71,6.56
18.89,42.4,17.27,-37.31,-11.83,4.25,36.8,-33.45,-32.16,-43.49,13.77,-14.54,-0.7
18.93,40.31,5.63,-50.18,-13.18,-1.84,35.78,-36.01,-26.88,-50.13,11.92,-13.6,15.86
18.5,29.96,1.68,-30.95,-3.24,6.39,32.25,-14.78,-14.78,-37.75,-0.85,-15.27,3.47
19.03,39.03,9.38,-39.18,-8.64,5.13,35.53,-31.97,-26.45,-41.6,17.7,-6.35,16.92
17.97,35.21,1.19,-30.72,-1.46,-0.21,25.87,-14.91,-7.72,-33.43,-0.73,-19.06,0.58
18.43,51.59,12.89,-51.87,-6.36,1.87,39.74,-42.96,-17.14,-36.33,31.93,-8.5,19.37
18.85,38.56,-3.16,-44.23,-0.19,-0.14,32.06,-28.08,-3.72,-27.23,23.73,-10.2,13.24
18.52,28.35,-1.19,-31.71,0.15,6.49,31.28,-11.43,-3.44,-18.1,18.44,0.83,11.36
19.28,28.17,-3.36,-36.96,-4.81,6.46,31.11,-22.27,-19.86,-41.24,5.32,-9.17,16.61
19.21,24.99,-1.6,-32.27,-6.51,1.92,22.09,-24.54,-21.39,-30.87,12.26,-3.17,5.64
18.59,31.65,-2.61,-31.95,5.45,1.03,25.61,-16.09,0.53,-16.55,17.82,-1.79,8.71
18.91,23.34,-3.93,-30.41,-2.85,4.87,23.46,-18.14,-15.12,-26.4,11.49,3.53,18.63
18.64,39.07,-0.12,-44.33,-4.95,1.37,32.74,-32.03,-16.77,-49.03,3.76,-25.83,8.25
18.17,39.55,8.38,-34.48,-3.09,1.04,27.28,-30.93,-23.25,-43.73,3.01,-16.3,4.35
18.98,21.88,-3.24,-23.99,0.13,12.41,27.74,-12.45,-16.75,-28.59,5.28,-3.36,7.56
19.22,26.05,-0.17,-28.25,2.03,11.68,30.56,-19.59,-19.61,-32.81,8.72,-3.81,8.91
18.25,27.13,4.37,-24.46,-7.69,2.3,23.67,-14.52,-17.38,-27.76,10.26,0.51,6.73
18.18,30.27,-3.82,-38.94,0.19,4.72,33.21,-16.32,-8.9,-31.65,7.22,-12.78,4.08
18.73,33.67,-1.32,-38.49,-7.86,3.04,33.6,-16.61,-8.54,-33.13,11.86,-12.1,10.96
18.74,38.79,3.81,-42.71,-3.1,3.57,40.63,-17.09,-6.0,-34.64,12.07,-15.44,6.92
18.08,27.83,1.59,-22.04,4.09,10.03,22.97,-24.02,-21.5,-30.86,12.75,5.04,22.61
18.55,40.86,-0.33,-45.19,7.53,-3.23,32.99,-34.74,-12.9,-36.27,18.53,0.05,23.9
18.99,28.97,-7.94,-41.39,4.97,2.69,33.74,-20.2,-10.67,-36.0,6.73,-6.2,15.17
18.91,43.46,-5.51,-46.28,23.62,-10.22,51.52,-37.45,-11.01,-35.88,5.24,3.55,12.8
18.59,24.06,-5.2,-35.04,-5.25,6.68,28.65,-21.46,-20.47,-35.82,8.81,-5.04,11.87
18.89,31.54,-2.27,-40.77,0.84,6.75,37.89,-20.62,-14.74,-41.21,4.77,-14.21,7.1
18.56,38.15,-0.88,-42.07,7.66,7.56,38.72,-29.64,-14.38,-41.68,8.91,-18.54,6.38
19.02,16.82,-11.76,-33.44,-1.93,5.47,23.06,-15.79,-14.09,-26.91,8.55,4.48,19.1
19.07,25.58,-6.29,-40.85,-9.33,2.41,29.65,-22.69,-19.31,-42.53,2.97,-11.69,13.07
18.95,33.58,-4.2,-47.42,-7.74,-6.85,31.37,-20.19,-10.39,-42.55,-0.73,-18.44,9.82
18.85,16.23,-10.49,-29.84,1.81,20.12,43.3,0.76,-7.43,-29.86,3.65,-3.82,14.3
18.95,24.59,-7.05,-44.68,-5.99,9.53,39.48,-19.33,-16.48,-34.99,16.8,-1.88,15.26
18.31,15.93,-12.61,-28.28,-4.89,5.56,15.79,-17.11,-16.45,-25.05,1.41,-7.47,6.06
18.01,27.08,-3.72,-40.47,-12.03,-1.76,25.45,-19.47,-12.17,-29.0,7.31,-15.94,-2.07
17.95,31.34,-2.82,-40.37,-1.17,6.14,38.69,-14.31,-8.09,-32.53,11.14,-7.6,12.29
18.93,22.14,-6.4,-39.81,-11.91,1.47,25.67,-22.3,-19.17,-29.13,17.76,3.79,17.57
18.45,38.51,-3.3,-51.83,-8.96,-9.29,28.0,-36.48,-20.7,-43.52,15.33,-7.96,21.86
17.81,26.61,-2.66,-36.73,-14.8,-8.45,12.58,-29.02,-23.55,-32.42,9.76,0.79,17.9
17.94,21.18,-11.36,-40.81,-14.8,-6.78,11.45,-34.19,-27.22,-37.2,7.79,-6.66,9.6
18.43,33.24,-0.67,-51.84,-16.91,-7.82,22.78,-47.51,-36.92,-49.69,14.65,-11.81,5.85
17.96,22.79,-7.51,-31.08,-11.04,-6.22,8.15,-26.29,-21.23,-33.06,0.37,-7.02,10.54
18.77,26.91,-4.8,-43.31,-10.33,-2.71,25.83,-25.59,-18.91,-40.5,5.14,-6.54,19.36
18.29,17.08,-12.3,-32.03,-5.52,5.56,19.74,-21.31,-23.49,-36.67,0.18,-3.9,16.29
18.14,29.63,-3.27,-39.17,-0.53,7.7,32.6,-22.08,-15.39,-35.86,5.99,-11.14,10.77
18.74,37.61,-8.22,-67.65,-19.55,-11.42,27.61,-57.3,-30.2,-50.44,22.86,-22.23,1.0
18.5,16.58,-10.38,-32.44,-6.47,0.11,13.35,-24.22,-19.07,-25.25,7.44,-4.32,2.48
18.33,26.76,-2.64,-36.18,-14.0,-7.81,14.44,-31.16,-26.62,-36.43,13.95,7.19,25.11
17.98,36.56,-4.75,-55.9,-7.53,-5.95,28.78,-40.16,-21.55,-44.26,15.31,-11.67,14.69
17.69,26.13,-0.43,-29.87,-13.11,-7.25,15.27,-19.99,-18.4,-33.42,7.21,7.71,30.61
18.32,30.37,-2.69,-46.21,-12.07,-1.96,26.47,-33.61,-27.71,-46.15,6.89,-11.59,11.23
17.59,22.48,-12.9,-40.37,-15.81,-8.59,6.85,-31.87,-20.84,-29.55,8.43,-6.92,13.04
17.74,19.16,-6.32,-29.96,-10.03,-3.73,8.73,-31.79,-35.8,-43.26,-5.29,-5.61,8.75
17.7,31.58,-1.04,-41.73,-8.22,6.2,36.66,-23.0,-14.39,-32.36,20.76,-2.8,15.7
18.61,18.28,-17.02,-51.09,-14.1,-5.25,17.47,-35.0,-28.65,-44.14,1.12,-9.17,15.79
18.24,25.69,-5.43,-32.96,-3.62,3.06,23.01,-22.28,-19.68,-38.28,3.91,-3.82,20.47
18.23,43.06,-0.06,-58.22,-5.32,-2.98,34.73,-44.04,-16.86,-40.6,22.67,-4.55,23.19
17.81,35.83,0.28,-47.46,-10.21,-7.45,24.33,-33.5,-17.73,-35.71,20.01,3.35,25.94
17.57,23.85,-5.01,-31.56,-2.59,3.5,18.64,-25.62,-21.37,-30.4,7.1,-2.73,11.41
18.57,24.52,-12.0,-42.42,-3.93,1.0,22.48,-26.9,-14.4,-31.12,11.08,-6.65,14.66
18.78,31.96,-5.86,-53.03,-1.73,2.13,41.6,-32.28,-15.95,-36.41,28.73,-3.34,11.62
17.77,28.63,-5.0,-37.13,-3.37,-0.86,25.84,-19.07,-10.87,-32.8,9.06,-0.3,23.21
18.1,21.28,-8.86,-43.98,-17.16,-6.71,19.26,-28.97,-28.01,-43.09,2.91,-8.58,5.62
18.21,28.96,-0.72,-50.13,-17.04,0.36,30.76,-37.85,-29.8,-34.87,27.28,1.89,19.41
18.8,30.16,-4.48,-43.17,1.95,5.31,27.27,-35.59,-16.73,-29.11,23.84,-1.28,17.52
18.68,35.22,-3.92,-56.02,-12.27,-6.57,36.08,-33.32,-16.63,-35.05,32.16,0.2,17.13
18.01,47.51,14.51,-47.53,-16.0,0.74,38.83,-37.77,-21.97,-34.23,28.52,-12.58,11.86
18.64,31.13,-6.47,-45.56,-3.04,-0.35,29.03,-28.18,-13.56,-32.95,14.77,-6.87,14.51
18.99,28.92,-4.39,-54.98,-9.32,14.06,48.4,-33.5,-21.78,-30.3,35.72,-8.21,4.99
18.7,24.9,-4.26,-49.37,-14.55,2.99,32.46,-33.24,-26.72,-33.9,25.11,2.27,17.36
19.2,15.03,-19.13,-57.13,-23.72,-10.81,15.65,-39.61,-34.29,-44.8,11.91,4.11,27.16
18.48,27.94,-9.36,-52.73,-11.56,-3.15,25.84,-38.43,-27.23,-43.91,14.27,-4.19,20.7
18.35,19.44,-13.72,-49.3,-21.19,-14.3,7.8,-39.2,-33.15,-46.13,-0.91,-8.89,12.77
18.36,28.69,-10.94,-49.28,-9.13,-7.47,20.25,-36.02,-18.08,-34.59,16.59,-2.16,20.97
18.43,37.18,-7.75,-61.22,-2.76,-2.44,35.73,-41.94,-15.21,-38.1,23.93,-9.11,19.87
18.22,30.17,-10.88,-52.35,-6.83,-8.79,26.74,-24.53,-5.22,-27.12,20.8,1.99,25.46
18.26,34.07,-0.33,-47.69,-9.03,2.96,34.3,-30.06,-19.0,-36.47,21.13,-1.53,25.25
17.75,27.91,-10.81,-51.74,-21.38,-14.29,9.94,-43.68,-33.38,-51.39,1.79,-14.57,16.47
17.62,12.6,-16.42,-38.89,-17.66,-11.58,1.27,-30.98,-27.41,-32.97,-2.77,-5.88,6.41
17.36,26.04,-8.75,-46.37,-16.53,-13.23,11.25,-36.74,-22.93,-34.93,16.66,4.53,25.3
