6.5,6.0,-3.37,-28.25,-18.37,12.07,21.72,4.15,-9.68,-8.24,13.67,21.48,19.96
7.93,8.35,0.33,-37.92,-31.95,5.37,15.82,0.86,-16.21,-18.53,7.37,7.61,4.52
8.74,12.11,-8.87,-22.94,2.59,10.56,8.29,-5.99,-1.44,-1.79,6.06,1.7,5.72
14.72,31.39,10.99,-9.6,-4.39,-1.64,7.02,-14.34,-11.72,-14.7,8.18,1.38,2.66
16.06,53.37,26.18,-24.22,-0.86,4.06,35.27,-31.12,-14.91,-23.76,16.2,-13.08,3.7
16.93,36.17,18.39,0.5,0.58,0.4,7.42,-8.85,-9.46,-13.64,0.99,-1.26,4.95
17.12,33.69,20.55,4.96,2.21,0.56,9.63,-2.88,-8.05,-18.74,-7.74,-7.07,-0.18
16.19,38.07,21.1,-3.56,0.04,-3.64,6.79,-18.75,-18.7,-23.6,5.09,-0.99,2.87
16.74,34.17,21.39,2.42,-2.46,-2.51,14.79,6.67,1.17,-16.04,-4.19,0.54,14.42
17.81,26.08,13.13,2.83,-2.41,-4.26,2.08,-0.54,-3.09,-11.31,-12.65,-15.94,-13.87
17.18,34.63,16.6,-3.4,3.66,2.76,13.95,-7.91,-9.56,-22.71,-5.71,-8.6,3.13
17.7,36.09,19.2,-0.11,4.68,5.48,17.25,-3.96,-7.6,-20.55,-1.64,-2.59,11.87
17.92,29.88,16.69,5.28,3.66,1.55,5.33,-6.67,-9.88,-12.95,-1.54,1.98,8.01
17.72,30.79,18.04,4.15,0.6,-2.75,4.29,-6.6,-12.47,-23.73,-16.44,-14.65,-3.89
18.09,28.65,14.84,3.7,3.02,2.79,8.43,-1.66,-4.91,-10.76,-1.67,1.91,8.89
17.54,35.35,17.41,2.02,5.28,3.35,7.35,-9.65,-9.91,-15.25,-0.54,-4.78,1.75
18.5,32.53,20.24,7.97,8.0,9.61,21.85,12.97,6.13,-9.41,-7.55,-9.28,0.18
17.58,44.23,26.51,-3.18,4.67,8.67,29.07,-8.8,-10.44,-28.52,1.17,-9.4,6.12
18.12,30.39,19.37,8.56,3.64,1.47,8.35,0.47,-8.08,-21.76,-18.66,-13.72,-2.4
17.86,32.81,18.93,4.62,11.24,14.34,23.24,-0.28,-8.63,-19.71,0.01,2.88,12.18
18.16,41.97,25.55,-5.87,-0.52,4.05,26.86,-3.14,-9.64,-30.03,-2.27,-10.79,4.24
18.6,27.4,14.42,8.14,8.3,8.56,8.58,-2.13,-7.06,-9.92,-5.44,-6.8,-6.67
18.14,52.79,24.23,-8.97,20.67,-5.84,28.82,-14.95,-6.7,-24.65,5.82,-6.76,9.7
18.01,51.7,30.67,-15.3,-0.34,-0.63,37.54,-8.46,-5.55,-35.65,2.37,-14.77,10.19
18.4,45.08,30.71,-3.02,-1.08,4.04,31.03,0.41,-7.17,-33.05,-3.63,-10.72,5.67
18.73,32.86,15.02,-2.04,6.87,7.89,12.99,-15.71,-22.05,-29.48,-5.47,-7.37,-0.02
18.53,32.19,14.86,-1.3,5.79,4.2,8.47,-13.63,-12.6,-14.42,7.13,7.88,17.77
18.7,24.17,10.32,4.75,1.68,-0.55,-3.78,-10.02,-12.44,-9.85,-5.61,-3.71,-4.26
18.09,49.84,32.13,-10.34,0.91,5.93,29.72,-26.93,-25.99,-29.56,23.19,0.57,10.22
18.32,45.58,25.24,-9.83,1.39,-0.51,22.69,-16.62,-17.75,-36.14,4.17,-1.9,18.75
18.47,29.45,16.23,4.47,2.28,0.44,4.18,-8.55,-13.75,-19.75,-10.08,-5.41,4.22
18.72,38.68,24.52,2.58,4.43,4.99,22.15,1.19,-5.5,-21.61,-4.57,-6.42,4.65
18.98,42.76,20.71,-3.02,13.44,7.75,21.28,-5.4,2.19,-11.33,10.22,-2.82,4.69
18.06,32.21,13.83,-6.48,-1.42,3.21,17.53,-3.54,-8.5,-18.66,1.71,0.16,9.83
18.94,34.33,18.64,5.82,9.84,0.89,10.12,-2.41,-4.02,-19.15,-9.9,-5.61,3.05
18.13,41.82,19.72,-8.68,5.42,2.66,23.41,-8.09,-5.31,-25.29,-4.35,-13.39,5.08
19.56,41.33,19.47,-5.99,5.36,-7.58,22.28,-6.34,-6.86,-28.3,-5.59,0.24,4.07
19.05,53.63,28.97,-12.22,11.64,-2.65,46.74,1.13,11.58,-22.21,-7.27,10.01,0.83
18.87,27.86,15.35,6.22,3.15,1.94,7.08,0.58,-4.16,-12.5,-9.89,-6.85,-0.54
18.57,29.83,16.69,4.52,2.18,3.99,14.23,5.58,-2.83,-17.55,-13.6,-9.37,0.62
18.76,34.89,20.45,2.59,1.93,-0.35,8.64,-9.18,-12.31,-19.54,-3.49,-5.6,2.04
18.73,41.03,22.76,-2.95,0.81,-1.23,14.01,-8.48,-6.95,-21.2,0.96,-4.47,10.48
17.94,35.74,22.7,4.38,4.2,2.4,17.1,-0.47,-8.94,-27.33,-9.91,-3.6,11.2
19.13,35.64,23.25,6.69,1.83,-3.44,3.13,-8.48,-7.31,-12.59,2.1,2.69,6.29
17.99,41.33,23.19,-4.0,0.45,-1.06,18.59,0.14,4.34,-9.12,9.41,-1.74,8.19
18.19,29.49,15.24,0.98,-2.54,-3.76,4.8,-1.73,-4.25,-12.13,-6.88,-7.5,-0.76
18.52,28.08,14.9,4.61,3.89,3.07,6.68,-6.07,-11.5,-16.28,-4.1,2.15,8.99
18.86,36.04,23.86,6.01,2.45,-2.38,7.87,-6.19,-7.68,-20.05,-7.03,-2.71,12.5
18.52,30.25,16.84,4.31,2.4,-0.59,2.91,-11.85,-17.03,-25.11,-16.9,-12.01,-0.94
18.94,39.52,25.63,2.26,1.68,1.87,18.86,1.96,0.19,-15.55,-0.92,-6.7,3.8
19.25,34.28,17.33,3.9,10.46,5.33,15.74,2.03,1.97,-8.72,2.08,0.48,1.87
18.59,39.82,23.81,0.75,3.66,2.57,17.04,-4.08,-5.31,-17.25,2.97,1.28,11.29
18.64,41.25,28.35,5.66,9.12,10.37,25.61,-1.0,-8.05,-22.26,3.47,2.95,9.52
17.58,32.6,16.93,1.23,2.49,1.51,8.34,-7.54,-7.94,-13.84,1.58,2.81,9.61
18.7,33.88,23.56,12.62,8.61,0.11,1.56,-10.17,-8.26,-11.04,-4.61,-10.74,-10.07
18.73,26.2,13.76,7.04,7.62,8.81,12.88,4.11,1.52,-2.03,5.03,6.18,7.97
18.78,32.51,16.76,6.06,13.64,9.04,21.04,8.34,5.3,-12.75,-6.16,-0.99,-4.36
17.97,31.46,16.18,5.86,9.1,11.36,16.22,0.78,-6.99,-14.16,-4.35,-0.08,8.54
17.76,25.65,11.91,2.71,2.44,2.14,5.85,-5.31,-11.64,-18.33,-10.64,-4.36,4.22
18.4,51.39,27.72,-15.25,-0.17,2.22,36.07,-6.73,-2.18,-25.71,8.78,-9.8,9.53
17.69,48.52,19.79,-11.21,11.41,-9.48,17.05,-12.1,5.83,-14.13,5.32,-7.06,12.54
19.16,30.39,18.66,7.18,5.03,4.94,14.02,6.56,2.35,-7.32,-1.35,0.37,8.12
18.42,31.88,16.05,0.72,3.99,6.95,17.65,3.24,1.13,-6.15,6.31,4.78,9.42
18.21,35.07,18.21,-1.08,3.25,3.39,10.01,-15.36,-20.24,-27.66,-5.5,-6.98,2.05
18.65,26.69,13.98,3.96,1.04,1.1,7.36,-0.74,-7.69,-15.71,-8.27,-1.27,7.31
18.89,28.76,14.54,6.1,9.01,12.73,16.88,4.5,-1.51,-6.16,1.05,0.75,3.61
19.23,37.55,24.27,6.36,8.33,8.86,21.28,1.77,-5.35,-19.83,-3.15,-0.29,12.32
17.9,21.26,10.55,3.59,-2.95,-9.04,-5.97,-5.53,-2.28,-3.66,-1.33,-1.31,0.2
19.0,29.16,16.26,8.04,12.65,12.43,12.33,-6.37,-12.95,-17.42,-5.98,-4.13,1.44
18.77,42.58,25.26,0.23,8.99,11.58,29.64,-2.35,-2.28,-17.08,10.78,4.82,18.17
19.04,43.55,28.27,0.87,5.13,4.41,25.51,-1.97,-5.64,-23.08,3.93,0.08,15.31
17.35,33.07,20.48,2.83,-0.91,-2.27,12.8,3.16,-2.83,-18.11,-10.23,-10.59,-0.31
17.75,31.56,17.97,2.23,0.37,2.61,16.04,5.26,-1.36,-17.08,-9.59,-7.85,2.6
18.8,31.71,20.68,10.79,6.9,5.26,10.57,2.8,-3.5,-11.87,-6.03,0.12,8.43
18.22,26.83,14.76,6.61,7.13,11.04,19.79,12.01,5.61,-1.35,5.58,9.27,12.64
18.74,47.88,24.54,-6.76,16.22,4.67,43.28,2.81,7.22,-31.39,-15.31,-28.75,-6.99
18.0,23.76,12.16,8.01,7.39,5.53,4.45,-3.38,-7.36,-9.22,-4.58,-1.94,1.11
17.94,27.36,14.51,7.17,9.71,10.71,12.45,-3.22,-11.63,-17.21,-4.91,2.01,10.45
18.63,25.41,12.76,6.9,8.65,8.92,10.58,1.86,-0.14,-0.69,7.22,10.58,14.28
18.41,27.53,13.81,4.44,5.62,11.49,21.85,14.77,6.94,-2.49,2.5,6.98,12.47
18.43,26.25,13.32,5.39,5.73,8.15,13.97,5.4,-1.27,-9.01,-5.18,-2.87,4.32
18.09,33.66,16.8,-0.81,5.88,10.09,22.95,3.45,-3.61,-19.15,-4.6,-3.47,8.58
18.91,25.41,13.27,8.38,9.21,7.5,7.27,-0.27,-0.29,-0.24,3.04,1.5,3.82
18.71,25.27,13.05,7.68,7.23,7.51,7.67,-3.18,-11.78,-15.91,-6.3,5.51,15.49
18.92,50.48,32.47,-5.45,4.3,1.69,33.96,-5.61,-7.2,-31.96,3.43,-7.55,17.8
18.32,30.32,17.42,4.1,5.34,3.31,8.01,-8.67,-10.87,-13.67,5.27,7.64,11.14
18.82,32.91,19.73,6.9,11.52,13.25,19.61,-0.38,-6.26,-12.36,4.42,5.11,8.36
18.09,31.43,15.01,-1.45,4.78,12.25,26.32,10.46,3.84,-6.08,8.32,8.18,14.38
19.02,39.96,18.56,-8.26,8.33,9.13,38.1,9.69,10.69,-9.81,17.76,11.76,15.82
16.59,23.36,5.03,-8.56,-0.45,5.56,15.89,-1.22,-7.18,-16.17,-1.99,-1.68,7.34
18.08,41.05,24.02,-5.53,2.07,6.0,24.85,-10.15,-12.84,-25.59,7.89,3.62,17.22
18.4,27.89,14.45,6.29,8.12,9.53,12.73,0.3,-4.82,-9.18,0.94,4.23,9.33
18.45,45.16,29.85,0.47,12.57,18.56,40.55,-3.27,-9.54,-23.92,7.15,-1.81,13.41
19.11,31.04,19.63,11.36,12.34,12.76,15.2,0.0,-11.16,-19.95,-10.75,-6.23,-0.05
17.95,27.64,14.82,6.46,4.67,2.87,5.74,-0.76,-2.94,-8.21,-4.93,-4.53,-0.13
17.85,35.21,18.33,-2.18,-1.48,-2.94,7.52,-13.27,-19.07,-32.57,-16.72,-19.79,-11.08
18.86,39.52,24.5,5.22,13.56,11.13,17.97,-13.38,-16.13,-23.97,4.73,5.28,14.33
18.94,31.51,18.45,9.12,12.26,13.8,17.69,2.66,-2.1,-8.45,-0.29,-2.36,1.23
17.92,38.86,22.79,-3.53,-1.32,2.14,22.96,0.73,-3.15,-16.52,9.45,6.23,14.8
18.25,38.38,19.36,-1.09,5.68,5.98,16.38,-5.52,-5.28,-15.77,1.64,-5.13,3.26
18.16,37.49,22.01,-2.38,-1.18,1.19,20.64,2.15,-2.72,-20.04,0.88,2.22,18.25
18.31,25.9,12.11,5.8,9.72,10.97,10.69,-4.85,-10.69,-12.74,-1.86,1.35,5.43
18.74,49.59,30.81,-10.98,-3.11,1.53,36.21,-3.95,-4.25,-18.96,20.85,3.86,17.17
18.59,23.92,9.52,0.9,-3.45,-4.8,-2.45,-5.04,-5.32,-5.58,-2.14,-0.08,3.34
19.07,34.58,19.99,2.65,6.89,11.02,24.77,4.66,-4.68,-22.9,-12.53,-13.72,-1.62
18.93,38.78,17.69,0.07,11.06,-4.74,20.1,5.31,11.84,-10.12,0.69,10.69,10.88
18.65,32.53,17.62,1.37,2.7,1.82,3.8,-3.64,7.53,-6.95,-8.71,-1.22,14.88
17.11,30.69,13.75,-2.74,-1.17,-2.65,4.49,-13.65,-14.8,-19.71,-1.74,0.26,9.77
18.64,46.57,25.72,-13.12,-1.77,0.29,23.68,-17.52,-19.28,-37.5,-0.01,-15.18,-1.36
18.62,34.86,19.07,1.59,4.06,2.48,9.79,-9.84,-12.81,-20.43,-3.92,-5.66,3.04
18.68,30.08,15.65,4.85,11.22,11.14,12.9,-7.82,-10.13,-11.19,7.22,7.4,9.17
18.55,21.68,10.49,7.68,7.12,1.87,-3.56,-12.8,-13.19,-12.84,-12.2,-17.95,-17.45
18.66,34.47,19.47,5.1,13.63,15.26,22.26,-3.12,-8.78,-16.47,3.83,4.5,13.55
18.67,28.25,16.73,7.12,4.48,4.3,11.55,3.38,-5.93,-18.81,-14.61,-8.38,0.54
18.68,27.09,14.02,4.8,4.0,4.87,9.85,0.83,-4.42,-9.26,-0.29,5.29,12.81
18.56,33.85,18.83,-3.63,-3.25,-1.34,14.94,-3.16,-7.73,-19.88,0.38,1.43,10.47
18.34,32.15,16.71,2.61,9.85,12.01,19.1,-3.72,-10.92,-20.33,-3.38,-0.81,10.8
17.75,25.47,11.69,5.26,5.45,5.24,4.43,-6.4,-12.11,-13.82,-5.26,0.31,5.59
18.01,55.52,24.17,-16.44,14.8,-7.85,35.71,-11.28,3.21,-18.82,14.29,4.94,24.05
18.7,32.78,16.55,1.71,4.72,8.89,18.36,4.16,-0.97,-8.75,2.08,-0.64,4.18
19.18,26.83,15.75,9.64,7.65,6.84,9.18,1.82,-4.61,-12.32,-11.63,-9.66,-3.1
18.2,21.7,9.33,5.24,4.35,4.16,5.3,1.01,-0.69,-1.52,1.44,3.21,4.58
18.78,29.58,16.94,6.67,5.14,4.61,10.89,2.96,-0.4,-8.17,-3.38,-3.43,1.67
18.96,38.62,24.69,2.54,1.84,4.18,22.37,8.46,3.98,-9.98,6.87,5.47,12.56
18.6,32.28,19.77,8.22,11.85,16.17,24.72,7.54,-1.43,-11.17,3.1,7.21,14.77
17.72,26.7,14.64,7.19,6.63,6.48,9.64,0.32,-7.51,-16.15,-12.99,-10.6,-4.68
17.8,43.94,27.73,-7.46,-4.53,0.11,27.62,-3.09,-7.7,-27.78,2.24,-5.7,7.45
18.4,24.6,11.36,6.17,5.58,5.76,4.91,-4.72,-10.26,-11.49,-4.18,2.34,7.96
18.81,33.01,19.87,6.22,4.4,2.74,16.0,9.17,6.27,-6.72,-2.64,-5.1,0.98
18.24,35.84,21.35,2.87,2.08,2.36,19.18,6.61,5.15,-11.95,-3.04,-5.13,6.97
18.23,28.68,16.48,8.96,9.21,8.66,11.03,0.86,-3.96,-9.46,-4.22,-2.4,2.95
18.26,24.79,11.81,5.42,4.4,3.33,3.84,-3.86,-5.84,-5.78,2.03,5.34,8.63
17.56,47.1,26.7,-8.67,1.43,-0.76,23.09,-11.63,-6.07,-26.36,4.4,-1.52,22.52
18.61,51.79,29.1,-6.87,10.05,5.86,32.56,-10.45,-4.93,-28.89,8.71,-4.09,21.04
17.76,31.91,18.06,2.78,2.22,2.05,11.7,-2.76,-9.06,-20.9,-6.34,1.5,16.7
18.33,41.99,18.31,-8.74,9.34,8.63,25.27,-11.07,-5.67,-19.09,12.16,-1.65,10.19
17.1,27.85,10.08,-5.29,3.51,3.53,9.25,-14.68,-14.86,-18.07,4.4,4.99,11.67
17.75,24.32,8.12,0.39,3.04,6.26,8.16,-1.26,-2.36,-0.48,8.21,6.94,5.41
18.53,51.64,29.05,-15.42,1.0,5.15,37.04,-9.44,-3.46,-18.07,25.39,-1.63,8.96
17.7,26.07,8.93,-3.59,-0.9,0.12,3.41,-11.94,-11.7,-9.06,9.27,9.84,10.02
18.42,29.42,17.09,5.81,4.29,5.39,11.37,-0.95,-7.22,-11.86,2.32,6.13,7.75
18.21,36.72,12.05,-15.25,4.76,5.89,24.92,-8.58,-1.02,-13.57,21.74,13.22,30.88
18.28,49.59,24.24,-14.39,5.1,-1.35,25.31,-17.2,-9.82,-32.22,4.52,-10.6,4.83
17.83,36.65,18.61,-4.29,7.95,12.23,26.87,-5.77,-11.61,-24.56,5.2,5.42,20.51
18.8,37.53,20.7,0.29,6.73,6.71,18.29,-3.73,-5.03,-17.45,1.21,-1.24,9.26
18.0,44.17,23.47,-8.76,3.52,5.74,26.13,-14.72,-14.63,-31.97,4.58,-3.0,16.93
18.06,35.16,18.08,-1.6,3.91,2.78,13.32,-6.83,-7.19,-15.91,3.75,1.44,8.57
18.59,33.15,16.87,1.68,4.25,6.16,14.02,-1.12,-3.78,-9.95,4.21,3.67,8.45
18.54,41.25,22.75,-2.2,6.76,7.93,25.58,0.02,2.0,-10.55,12.36,2.59,10.99
17.91,29.88,15.45,4.14,4.91,6.45,12.07,-0.29,-5.97,-15.18,-9.85,-11.4,-5.19
18.22,24.83,11.56,4.56,6.58,8.37,12.06,1.54,-4.87,-10.48,-3.5,2.25,11.15
18.68,44.35,27.2,-2.19,7.87,8.35,28.7,-4.5,-7.21,-26.65,4.28,2.47,22.41
18.11,33.9,19.9,2.84,7.81,11.63,25.09,2.52,-6.22,-18.92,3.15,8.0,17.95
18.54,29.32,15.5,3.39,6.27,9.13,17.01,2.02,-5.01,-12.78,0.15,1.86,6.84
18.27,31.38,20.31,8.02,2.22,0.29,9.1,1.88,-3.01,-13.0,-7.51,-6.39,-2.18
18.33,39.22,24.48,4.96,4.99,4.25,19.44,7.5,5.91,-8.53,-0.13,-6.59,1.49
18.88,31.86,19.75,9.18,7.59,7.92,13.45,4.4,2.61,-0.95,5.78,2.82,4.18
18.83,46.56,28.82,-6.41,5.13,6.42,37.58,-2.38,-6.89,-18.08,15.5,2.59,12.8
18.59,36.77,23.52,6.07,7.06,5.76,19.51,2.65,-4.46,-22.27,-7.54,-2.97,11.95
18.02,30.45,15.3,6.38,10.24,15.18,20.14,6.16,-4.64,-14.86,-5.89,1.57,13.13
18.51,27.47,15.16,6.21,5.1,7.29,15.77,9.52,1.94,-11.21,-12.21,-11.76,-4.15
18.31,52.31,28.74,-10.66,4.94,-2.58,35.15,-4.55,1.69,-22.43,14.49,3.04,25.4
17.32,36.28,19.78,-0.01,6.0,6.68,19.45,-3.16,-7.98,-23.03,-3.4,-0.53,15.26
17.42,46.32,26.26,-10.9,0.72,2.63,27.69,-9.95,-6.28,-22.18,9.66,-2.36,14.03
18.42,38.43,22.44,0.27,7.0,10.38,25.91,-1.44,-6.42,-18.38,4.82,2.57,12.88
18.23,35.4,21.37,6.57,9.49,12.97,22.42,4.64,-1.0,-13.74,-7.15,-10.09,-1.03
17.99,27.15,13.95,4.01,2.7,2.99,8.97,-0.18,-6.24,-14.12,-7.19,-2.73,4.57
17.71,31.56,19.21,7.29,4.87,2.75,8.55,-2.16,-5.23,-10.03,2.41,7.97,15.84
18.36,49.86,25.4,-9.48,12.35,2.46,29.44,-6.85,0.33,-17.83,18.36,4.76,20.88
18.41,41.15,25.58,-2.82,4.0,6.91,25.71,-2.59,-5.65,-16.29,12.52,6.03,14.55
17.75,21.58,9.19,4.67,3.31,1.68,1.84,-2.74,-3.06,-2.41,0.61,0.85,1.36
18.01,39.29,20.02,-4.05,2.85,3.9,21.06,-4.09,-6.44,-24.05,-0.21,0.43,20.94
18.01,42.44,25.21,-2.54,4.08,2.63,25.08,0.68,-1.37,-26.27,-6.41,-9.38,11.71
17.59,24.19,11.41,5.77,5.88,7.78,11.09,4.77,-0.69,-6.53,-4.67,-2.58,2.81
18.32,36.62,23.66,1.82,0.01,2.69,23.06,6.49,-1.0,-19.11,-1.12,2.74,18.69
18.29,32.91,18.54,4.41,7.31,7.33,13.68,-5.32,-10.27,-17.37,0.53,3.53,10.93
18.06,56.38,26.8,-17.1,14.72,1.4,35.4,-13.15,-2.85,-22.65,16.01,-8.44,17.3
18.53,31.01,19.19,9.21,9.58,9.65,14.87,0.91,-7.73,-16.66,-4.85,2.14,11.71
18.46,34.11,21.1,6.68,6.15,5.75,13.52,-0.99,-4.68,-10.75,2.46,2.8,7.43
18.29,25.22,11.99,6.76,7.1,6.05,3.84,-5.22,-5.34,-0.29,9.82,13.52,16.08
17.41,19.88,6.93,2.05,-0.72,-1.79,0.34,-0.81,-0.92,-1.56,-0.28,1.64,4.15
18.37,32.72,20.04,7.45,7.22,6.88,13.3,0.19,-4.64,-12.11,0.11,3.54,10.8
18.51,25.91,13.52,7.64,9.06,7.01,6.06,-4.17,-3.06,1.23,14.08,17.08,18.21
18.34,34.26,22.61,9.37,9.23,3.65,5.65,-12.46,-14.09,-17.35,-1.98,-3.04,2.74
17.89,36.77,20.67,1.46,6.93,7.45,18.54,-4.31,-7.39,-15.91,4.33,4.07,14.69
18.21,35.28,20.7,5.09,7.9,5.89,11.4,-9.89,-12.39,-19.04,1.0,4.32,14.67
18.0,48.48,21.98,-8.87,18.65,4.39,28.04,-15.93,-6.88,-22.49,14.99,5.69,24.32
18.45,44.16,20.4,-8.93,9.11,4.76,29.54,-1.29,5.48,-12.61,12.53,2.74,19.78
18.27,40.31,22.92,-2.02,6.69,7.17,24.44,-2.17,-3.29,-17.53,11.72,10.71,24.61
17.66,23.87,9.97,5.55,6.01,6.59,4.54,-4.2,-9.78,-10.86,-7.64,-5.85,-3.99
18.09,44.69,24.31,-7.86,2.73,1.08,20.98,-12.62,-8.54,-24.97,4.54,-2.86,13.73
18.36,41.84,27.45,-5.86,-6.6,-5.99,22.83,-0.04,-0.56,-16.68,15.91,15.66,29.21
18.72,37.41,19.6,-1.2,5.17,3.48,16.22,-4.03,-0.77,-8.78,11.88,10.12,22.53
18.37,28.48,18.58,10.28,4.84,2.6,9.53,8.02,4.36,-5.98,-7.31,-4.73,4.17
17.62,38.23,22.94,-0.63,5.33,6.03,23.05,-5.14,-11.5,-29.67,-3.47,1.82,20.83
18.69,34.21,22.73,7.82,8.9,9.88,20.37,3.13,-4.3,-16.68,-2.45,1.13,11.17
18.64,33.41,17.26,-3.45,-2.59,-0.86,14.88,-2.4,-4.54,-12.46,9.17,13.91,27.02
18.03,54.06,27.1,-12.1,15.42,2.98,31.28,-19.5,-6.92,-20.38,25.09,7.9,28.29
16.99,49.85,14.78,-24.98,5.57,-26.64,13.07,-25.58,-7.64,-25.47,5.78,-5.03,15.5
18.33,25.78,13.14,7.37,5.53,5.53,7.07,1.8,-1.91,-5.09,-2.75,0.05,4.1
18.71,30.13,17.94,7.13,3.13,2.19,10.31,6.93,5.39,-2.88,-1.87,-2.81,3.7
18.23,34.19,19.61,2.66,0.09,-0.61,10.5,1.78,1.2,-6.76,3.49,1.5,6.73
18.78,47.13,32.5,-1.12,1.41,3.04,32.37,2.08,-2.65,-25.71,5.27,-0.63,17.96
16.61,23.13,10.0,1.76,0.47,1.2,6.39,0.33,-3.74,-10.33,-7.4,-5.77,-0.42
18.45,26.04,13.0,6.63,8.99,9.25,11.47,2.89,2.3,0.46,3.57,-0.14,0.31
18.42,26.13,14.06,5.97,4.02,3.91,8.78,1.88,-1.97,-5.93,1.55,6.86,12.36
18.39,38.89,24.56,0.21,3.27,7.66,27.37,3.6,-3.56,-20.25,4.2,1.73,11.81
17.76,37.63,24.42,2.58,0.33,-2.8,15.52,3.05,3.82,-11.1,3.24,0.88,10.89
18.68,46.18,23.41,-7.36,12.63,1.92,25.24,-19.74,-16.48,-33.98,-2.14,-9.83,5.46
18.49,56.46,29.5,-15.44,13.89,5.89,42.08,-21.34,-14.22,-34.25,13.62,-13.18,8.36
18.35,29.56,18.34,9.6,7.34,7.81,14.98,8.53,4.12,-1.48,4.95,8.78,13.78
18.77,31.89,21.46,11.33,10.12,8.11,13.76,3.97,0.84,-6.16,0.34,-1.03,4.95
18.35,29.69,18.09,10.53,11.31,10.04,10.22,-3.64,-8.91,-12.45,-2.44,2.01,8.21
18.14,28.39,18.55,12.21,11.03,9.5,13.0,4.29,-0.25,-6.71,-0.94,3.89,11.88
18.43,27.36,14.9,7.69,9.73,8.52,8.76,-6.21,-11.61,-13.04,0.91,8.35,16.29
18.39,40.61,30.69,6.7,4.45,1.78,20.76,0.79,-6.49,-23.59,-0.26,3.42,12.57
17.92,29.87,18.21,6.55,3.9,2.57,10.5,-0.37,-8.07,-19.56,-8.41,1.94,16.13
17.44,33.37,17.01,-0.97,-1.5,-4.71,1.12,-15.58,-16.4,-23.73,-6.6,-5.3,5.94
17.82,30.73,15.94,3.27,8.0,7.03,11.04,-8.01,-11.89,-17.53,0.97,7.55,18.52
17.39,53.23,25.27,-19.29,1.36,4.04,34.77,-13.27,0.49,-27.09,16.33,-8.81,10.48
17.67,26.32,11.51,-0.33,-1.03,0.18,7.37,-2.58,-8.56,-17.8,-11.03,-7.33,3.12
18.53,53.23,27.43,-18.59,5.14,2.68,32.14,-21.08,-16.66,-33.05,17.02,-2.49,23.98
18.54,45.69,25.62,-6.41,6.46,5.29,31.12,0.33,3.26,-14.08,10.62,-0.3,15.77
18.83,41.06,27.01,-3.99,8.23,13.74,44.28,7.64,-4.59,-35.39,-3.72,-3.36,18.92
17.53,42.09,24.46,-8.87,-0.34,6.1,33.74,0.84,-0.5,-21.26,13.44,10.28,27.78
17.73,38.03,18.76,-3.11,8.98,11.16,28.31,2.52,0.47,-20.11,-2.11,-9.67,1.72
17.11,26.05,11.34,-0.47,-2.13,-0.99,7.89,3.41,3.17,-1.53,4.74,5.47,11.12
17.45,44.95,25.33,-12.66,-2.85,1.69,33.06,-1.6,-1.32,-27.22,4.42,-7.79,8.28
16.96,42.35,23.27,-14.67,-5.89,0.22,34.6,7.15,9.93,-15.85,13.38,3.91,27.02
16.9,37.8,19.02,-7.19,-2.63,-2.7,16.75,-1.34,1.87,-13.69,6.82,2.48,19.62
18.05,23.23,9.73,1.75,-0.69,-1.28,1.9,-5.01,-9.85,-14.18,-8.68,-2.9,3.79
18.36,31.8,17.95,2.85,4.66,6.55,18.41,4.49,-0.76,-10.66,1.86,1.46,8.05
18.64,45.3,29.13,-5.31,2.52,10.98,44.3,10.51,2.34,-24.51,4.68,-6.5,9.21
18.52,32.61,20.8,3.88,-1.09,0.61,16.88,12.51,8.85,-1.77,5.89,5.58,11.64
18.04,49.68,25.79,-17.54,-2.07,-3.34,33.16,-2.12,6.59,-15.51,13.17,-2.41,26.57
18.54,42.12,25.77,-3.27,3.94,6.37,29.71,4.61,1.97,-20.87,-1.86,-8.69,8.16
17.08,36.62,20.12,-3.61,-1.78,-0.24,15.67,-6.92,-10.22,-21.15,3.35,3.29,17.52
18.47,30.42,17.44,3.02,0.86,3.44,18.35,12.27,7.54,-5.97,-0.02,1.5,8.87
18.06,27.14,17.82,14.08,10.95,6.0,4.21,-1.8,-4.08,-6.37,-4.42,-3.01,0.56
17.77,44.01,23.34,-8.6,3.76,4.82,27.1,-6.04,-4.45,-22.39,10.46,2.26,23.81
17.7,28.46,12.53,-3.18,-1.99,0.28,13.53,1.71,-4.53,-19.34,-10.91,-9.71,-0.54
18.69,26.13,14.59,8.4,9.89,9.1,11.27,-0.32,-4.52,-10.17,-4.67,-5.72,-2.0
18.51,30.21,15.52,4.25,8.03,9.8,17.87,3.84,-0.79,-8.0,1.39,2.4,10.78
17.6,36.92,22.64,2.88,7.24,9.02,24.09,1.86,-3.53,-17.89,1.17,2.16,14.83
17.95,24.42,13.41,9.61,7.88,5.84,5.32,-0.14,-2.13,-3.24,-1.73,-1.47,-0.08
17.81,27.41,16.85,8.86,5.44,1.51,3.12,-6.51,-12.24,-18.96,-13.82,-8.8,1.13
17.8,41.13,26.99,0.13,1.39,2.79,25.56,2.76,-4.06,-25.52,1.26,0.55,16.57
18.28,33.21,21.23,7.61,7.49,9.21,20.67,7.23,-1.67,-16.52,-6.05,-1.33,8.32
18.3,37.28,22.16,2.53,7.94,7.94,19.22,-5.83,-8.68,-15.94,7.37,6.34,14.66
18.76,30.17,17.66,7.31,3.17,2.25,7.89,3.16,-0.1,-5.53,-1.49,0.09,4.06
18.14,29.25,14.26,0.75,3.13,6.47,16.98,4.31,-0.95,-10.08,1.02,3.18,10.86
18.66,46.48,22.36,-6.95,13.11,-0.94,25.03,-1.57,7.87,-15.78,1.16,-8.06,15.17
18.6,29.16,15.63,3.34,1.32,1.13,9.16,-0.69,-6.71,-16.34,-8.72,-3.67,7.71
18.68,28.99,16.7,6.75,6.65,8.79,18.32,11.55,6.28,-3.34,0.41,0.43,5.79
18.82,30.71,19.47,9.83,6.76,4.3,8.94,0.44,-5.15,-13.78,-7.95,-3.69,5.0
18.97,29.66,18.75,8.1,3.74,2.42,10.68,5.01,0.67,-8.87,-4.28,-0.38,8.47
17.94,29.45,16.81,4.46,-0.41,-1.46,5.87,-1.95,-7.28,-16.4,-10.14,-7.77,-0.39
18.02,30.04,16.08,1.11,0.47,1.74,12.19,-0.85,-7.41,-19.38,-7.78,-4.15,6.2
18.36,41.69,27.09,2.86,4.89,3.08,27.26,11.08,11.52,-13.8,-3.44,-9.96,5.1
18.68,30.15,18.16,10.5,8.64,6.31,6.1,-3.81,-5.8,-8.28,-3.24,-4.83,-2.45
18.83,46.35,23.69,0.72,19.15,2.71,29.21,-5.99,4.09,-15.29,-4.53,8.37,3.93
17.44,23.4,10.45,6.04,6.48,6.91,7.73,2.12,0.7,0.55,2.96,1.73,2.46
17.34,24.76,12.49,6.33,4.41,2.28,3.31,-2.59,-4.07,-5.63,-1.73,-0.28,3.84
17.43,22.79,8.49,3.45,3.89,5.93,6.54,-0.51,-4.55,-4.25,2.39,7.33,9.82
17.86,30.61,16.2,0.61,3.42,6.65,18.23,-0.59,-9.48,-22.19,-4.84,2.03,14.09
17.98,36.84,20.01,1.67,6.8,8.93,22.46,6.29,3.66,-10.34,2.91,0.24,12.29
17.7,37.86,26.74,3.48,-0.57,3.27,26.76,11.07,-0.62,-27.71,-12.37,-10.22,6.18
17.74,31.28,19.57,6.04,3.26,2.72,12.97,2.57,-3.3,-15.62,-6.77,-1.09,12.43
18.0,29.56,19.05,8.53,4.14,3.3,12.09,4.15,-5.7,-19.19,-11.28,-0.1,14.07
18.23,34.4,17.35,1.47,7.94,10.37,20.62,0.84,-2.95,-14.72,3.03,3.77,16.77
18.12,32.47,18.56,6.0,7.52,6.53,11.9,-1.37,-3.95,-10.25,1.03,2.39,8.79
17.88,26.4,14.68,8.37,6.82,4.96,6.13,-0.71,-3.61,-5.77,0.77,5.15,10.75
18.5,29.47,18.78,10.93,6.99,3.98,6.27,-0.13,-3.1,-8.14,-4.04,-1.65,4.02
18.11,34.95,20.74,6.96,10.48,14.16,23.02,3.29,-6.02,-17.61,-2.92,1.86,15.37
17.34,30.46,19.33,9.58,5.31,1.8,5.93,-2.94,-9.71,-18.96,-12.3,-6.94,2.26
17.71,37.48,17.48,-12.5,-9.63,-7.7,12.74,-11.17,-10.86,-24.85,-0.13,-9.18,-0.85
17.75,27.51,13.9,2.99,4.08,7.93,18.55,8.13,-1.65,-16.9,-12.35,-8.41,3.77
19.1,29.36,5.61,-14.36,-1.95,-13.93,11.76,-2.62,6.65,-13.85,2.33,24.8,22.51
18.64,25.55,13.94,8.44,7.59,6.94,8.74,7.69,12.31,9.0,8.66,10.25,7.95
17.99,31.7,20.8,9.64,10.6,13.94,23.86,8.48,-4.5,-20.21,-9.62,-3.57,5.56
17.22,51.59,27.96,-15.06,2.6,-1.72,25.68,-14.14,-5.34,-24.51,14.83,0.25,16.23
17.88,30.68,16.67,2.0,3.61,5.67,17.3,2.63,-4.25,-16.58,-6.66,-7.04,-0.3
18.01,29.13,14.72,2.24,2.74,3.73,10.79,-1.56,-5.91,-11.48,1.75,5.61,11.84
18.1,27.68,15.38,6.44,4.16,4.11,10.91,6.39,3.33,-5.33,-6.47,-9.83,-6.78
18.65,30.8,18.33,7.94,7.11,7.46,14.65,4.56,-0.12,-7.85,-1.07,1.16,6.2
18.42,32.2,16.34,-0.73,-2.23,-6.08,1.26,-14.47,-16.82,-28.7,-17.33,-19.05,-9.19
18.12,35.58,21.72,2.19,2.03,2.92,19.06,3.04,-3.57,-20.98,-5.98,-1.8,15.59
18.69,41.37,22.56,-2.16,7.36,8.43,24.57,0.2,0.13,-12.02,13.18,6.45,17.16
18.94,32.6,20.99,10.01,8.78,8.9,18.49,10.66,3.97,-10.78,-9.32,-8.53,2.6
17.93,30.68,18.02,7.4,4.79,5.16,12.23,6.58,4.51,-2.27,3.52,6.12,14.01
18.16,25.29,12.34,3.44,-0.12,-2.42,0.94,-5.04,-9.47,-19.57,-22.4,-23.16,-15.26
18.72,38.74,19.97,4.68,14.86,-2.6,19.63,6.28,13.61,-12.61,-12.25,0.51,-6.52
18.28,29.59,20.98,16.37,12.2,8.16,8.43,4.58,3.58,-2.49,-4.78,-5.79,-2.45
17.73,33.79,22.98,8.78,2.85,-3.63,3.42,-4.16,-5.85,-15.73,-6.38,-2.45,8.4
17.79,32.31,19.89,8.58,10.62,9.19,11.67,-6.61,-13.12,-19.14,-6.13,-4.7,1.9
18.36,29.54,19.72,13.59,12.2,10.14,11.75,3.47,-0.14,-5.52,-3.98,-5.34,-2.78
18.29,25.17,14.91,11.81,10.74,8.03,5.46,-2.49,-6.7,-9.09,-6.66,-5.13,-2.05
18.52,35.03,22.64,9.77,10.34,5.53,9.39,-5.2,-7.49,-12.55,3.48,7.32,17.57
17.56,35.33,21.47,2.96,-0.12,-2.42,11.99,3.18,5.06,-4.16,7.67,7.2,16.24
18.19,29.44,17.1,7.39,4.37,2.17,6.07,-1.72,-4.11,-7.09,2.01,4.88,6.99
17.38,25.67,14.1,4.66,0.43,0.28,8.4,2.73,-4.89,-15.28,-8.33,4.02,19.53
18.32,29.72,17.53,5.41,1.41,-0.13,8.55,3.56,1.25,-9.3,-7.58,-8.44,1.07
18.84,35.3,23.19,8.05,8.7,9.76,23.89,10.52,0.91,-20.23,-13.83,-10.84,6.58
18.46,29.61,15.31,3.1,5.33,8.18,16.44,2.81,-5.01,-14.18,-1.29,3.86,13.85
18.14,33.07,20.13,7.26,8.53,8.82,16.57,3.08,-1.89,-10.41,1.61,1.84,5.06
18.54,46.31,24.98,-2.15,8.72,6.04,28.33,-3.64,0.04,-20.73,4.06,-4.6,17.6
18.11,23.09,13.52,11.94,9.01,4.15,0.37,-3.74,-2.75,1.05,4.26,5.52,6.18
18.06,28.94,16.14,8.55,10.46,11.93,14.79,3.44,-1.33,-3.17,6.49,8.51,8.69
17.29,39.21,22.67,0.17,7.77,6.38,20.09,-7.36,-13.64,-29.46,-7.89,-7.77,7.4
17.72,27.05,11.52,-0.25,-3.03,-2.35,3.99,-2.35,-7.31,-13.73,-7.21,-1.34,8.84
18.2,26.1,13.99,7.11,9.65,12.67,17.79,4.81,-6.85,-17.57,-10.4,-2.59,8.22
17.69,26.71,13.02,6.33,4.76,5.35,5.96,-1.5,-7.53,-11.4,-9.12,-5.1,1.07
17.52,24.21,10.88,2.95,0.31,-2.89,-2.84,-11.02,-14.94,-19.38,-15.13,-11.3,-3.84
17.22,34.21,21.91,1.5,-3.0,-5.15,9.18,-5.2,-11.93,-29.79,-18.25,-14.49,2.27
18.22,48.47,32.74,-1.95,4.37,4.54,35.83,0.45,-4.77,-32.21,-2.52,-12.56,4.94
18.27,49.65,32.25,-7.81,6.61,9.69,39.33,-0.35,-2.45,-22.4,7.52,-8.35,6.78
17.64,33.61,21.15,4.18,1.06,1.49,16.4,5.15,-3.13,-21.35,-10.74,-4.4,11.23
17.15,32.27,16.32,-0.78,1.76,5.15,19.13,1.6,-4.1,-19.39,-4.85,1.15,19.53
17.62,26.74,14.37,5.97,1.96,-0.8,2.16,-2.88,-5.2,-10.3,-7.21,-3.87,3.44
17.54,37.37,21.99,-0.48,2.65,5.03,23.94,3.92,-0.6,-16.93,2.57,3.17,15.93
17.82,37.86,24.29,4.03,2.14,-0.4,15.7,5.16,4.51,-12.67,-3.48,-5.97,10.66
18.13,33.52,19.77,4.42,2.96,4.03,15.25,4.97,-1.47,-15.47,-8.84,-8.19,0.77
17.7,30.87,18.32,6.77,6.48,8.94,18.06,6.91,-0.01,-9.95,-3.54,-2.14,5.12
18.32,28.11,16.38,8.01,4.98,5.52,10.92,5.1,-1.39,-9.28,-5.73,0.43,8.49
17.42,27.83,15.15,7.39,7.98,8.37,12.09,2.18,-2.33,-6.73,2.24,7.02,14.22
17.21,39.21,22.07,-1.98,4.34,6.53,20.99,-4.85,-7.6,-19.84,7.6,4.5,15.18
16.53,30.25,15.02,2.92,6.94,6.46,9.88,-7.25,-10.53,-15.13,-0.52,-0.57,4.73
17.18,40.49,26.63,-2.59,3.43,9.21,30.42,-2.31,-10.04,-22.61,11.87,9.25,18.45
17.4,54.47,27.05,-20.29,10.14,7.32,38.42,-18.87,-9.0,-29.38,15.4,-0.58,28.54
16.67,54.01,34.07,-15.16,2.84,0.03,38.9,-2.44,-2.24,-22.22,7.65,-4.34,21.31
17.32,27.66,14.19,3.78,3.04,2.41,5.78,-7.52,-14.86,-21.99,-12.04,-5.74,3.05
17.34,35.19,18.07,1.53,7.14,8.32,18.56,-0.19,-3.48,-12.33,2.54,-1.02,8.72
17.24,47.02,31.61,-4.49,1.52,2.69,24.71,2.16,6.8,-5.59,22.41,11.15,16.42
18.42,35.23,21.86,6.43,6.62,7.74,20.45,10.19,7.23,-2.83,7.93,8.48,15.8
17.07,24.27,12.77,8.7,8.28,7.43,7.2,0.33,-1.83,-2.22,2.45,4.29,5.21
16.53,41.33,24.48,-0.58,4.32,1.59,16.35,-12.78,-10.8,-20.78,6.75,4.08,16.94
17.15,45.5,26.98,-2.59,6.01,0.36,17.74,-13.84,-10.96,-25.66,4.43,-2.74,12.8
16.54,37.23,20.43,2.44,7.36,10.04,22.86,1.01,-4.42,-21.04,-5.54,-6.77,8.43
17.15,31.11,17.48,5.32,8.06,8.91,16.42,0.8,-5.63,-15.14,-3.14,0.75,10.12
16.96,41.36,28.29,0.22,1.99,3.7,25.48,1.41,-4.92,-21.11,7.6,10.34,25.66
16.09,21.48,7.6,-0.54,-4.51,-6.95,-5.41,-11.02,-13.16,-14.68,-8.26,-2.43,6.09
17.26,23.29,11.44,8.38,8.5,8.79,8.42,1.89,-1.21,-1.02,4.6,8.85,10.35
17.21,55.68,34.17,-19.45,1.55,10.55,52.29,-8.93,-2.84,-16.22,18.77,-3.61,21.47
16.42,29.44,14.9,5.76,8.44,11.54,17.16,5.17,-1.0,-8.21,-2.13,-0.63,6.1
16.94,45.38,24.07,-8.99,5.8,6.39,28.43,-5.87,-3.09,-23.66,4.28,-7.11,8.3
17.26,35.01,22.24,6.11,2.45,-0.25,10.17,-0.12,-5.35,-18.7,-10.04,-7.05,7.4
16.96,26.92,11.4,-2.72,-6.97,-13.57,-12.17,-22.96,-18.56,-16.56,-5.55,-8.45,-4.57
17.33,39.93,24.33,4.31,8.42,9.17,22.32,-1.98,-7.44,-23.05,-6.27,-6.74,7.5
16.87,31.44,21.07,9.76,3.55,-0.7,6.67,-1.26,-7.08,-17.27,-6.87,2.03,13.42
16.76,34.05,21.86,3.56,0.37,0.39,15.48,4.13,-2.74,-18.51,-7.39,-4.07,7.5
16.67,38.71,23.04,-3.62,-2.61,2.56,24.54,-0.16,-5.45,-23.64,1.11,0.38,15.39
17.96,30.72,18.29,8.84,10.73,12.03,17.57,5.46,0.89,-7.63,0.62,3.22,12.64
17.52,25.21,12.57,3.77,-1.22,-3.47,2.28,1.0,1.47,-1.77,3.2,9.1,18.98
17.58,23.69,13.12,10.16,7.81,4.65,3.34,-0.01,0.98,3.05,7.07,8.59,11.05
16.8,28.56,16.48,7.91,8.09,8.94,12.85,2.1,-5.98,-14.65,-9.5,-5.98,1.62
15.47,46.73,34.33,-16.98,-13.78,-1.3,33.47,-15.89,-23.7,-34.59,8.34,-4.22,11.51
16.42,29.65,15.03,1.85,4.12,3.29,8.52,-8.87,-16.3,-26.04,-12.01,-5.36,8.34
16.47,34.37,17.56,-1.59,2.25,3.38,18.03,-0.98,-6.51,-22.97,-2.91,2.91,20.16
16.74,31.1,18.58,5.86,3.28,1.19,6.91,-4.87,-9.15,-14.97,-0.6,5.86,14.87
16.8,30.7,19.05,10.47,7.37,5.73,10.04,2.84,-2.37,-8.89,-3.97,-0.31,4.81
17.21,36.87,20.46,0.1,4.95,5.17,16.2,-7.29,-11.08,-19.61,-0.21,-2.3,10.89
17.57,43.59,29.93,-2.34,-0.82,1.75,28.91,6.59,9.42,-9.44,10.28,1.11,9.79
17.04,33.9,21.27,6.71,4.03,2.64,11.75,0.69,-2.91,-12.59,-2.35,1.13,9.53
17.1,35.73,21.32,-0.08,0.56,1.38,15.51,-2.19,-5.82,-16.91,-0.1,-3.11,3.76
17.43,35.27,25.76,9.63,1.35,-1.1,14.17,9.24,3.99,-13.47,-6.61,-1.72,11.19
17.22,52.54,30.25,-10.7,5.19,-1.31,24.3,-13.73,-2.71,-18.39,17.48,3.5,21.69
16.55,46.73,31.08,-9.62,-10.29,-5.44,19.04,-14.47,-13.24,-31.07,4.84,-10.36,1.25
16.13,37.34,20.32,-6.26,-5.22,-6.14,10.05,-10.55,-13.92,-26.96,-4.22,-7.3,2.0
16.38,31.09,17.35,1.79,0.65,3.15,18.34,8.96,1.7,-12.9,-5.24,-3.67,4.97
17.12,46.21,23.56,-8.03,3.98,5.79,27.4,-5.18,2.29,-10.52,20.55,5.6,23.35
