2.68,-44.07,-22.9,-12.16,-20.03,-11.25,-17.32,-11.82,-13.06,-0.34,-3.87,9.22,8.29
6.22,5.55,8.95,-16.78,-33.0,9.52,14.32,4.24,-25.45,-18.26,-5.78,10.91,2.79
12.42,39.13,28.5,-22.8,-19.96,7.22,26.41,-30.12,-27.82,-20.34,13.33,5.29,5.71
13.08,30.86,15.26,-4.69,-7.57,-5.66,8.88,-1.64,-2.16,-14.04,1.43,3.71,10.67
14.41,23.43,7.0,-2.77,5.43,8.42,13.21,-2.3,-4.69,-6.73,8.56,11.71,16.47
14.56,43.56,22.83,-19.73,-10.68,-1.82,33.73,-5.01,-4.16,-20.6,19.31,7.83,24.41
14.73,33.49,12.31,-10.44,0.38,2.65,16.42,-8.36,-6.92,-18.29,3.13,-2.85,7.44
15.18,34.33,14.36,-10.04,-8.08,-6.7,8.9,-6.73,-5.99,-16.11,1.29,-3.4,6.93
15.54,39.17,14.21,-22.14,-8.0,-4.93,21.26,-10.86,-5.33,-22.04,12.33,2.92,19.33
15.63,50.2,18.24,-33.26,-10.17,-7.43,27.79,-22.77,-10.81,-39.07,6.17,-18.79,17.63
15.67,27.18,9.42,-10.25,-13.46,-13.7,-0.05,-8.27,-6.74,-12.89,0.72,0.76,7.3
16.81,50.3,20.29,-23.64,0.53,-8.74,30.56,-6.66,11.79,-16.91,20.04,7.25,26.65
16.93,35.92,16.93,-12.45,-6.33,1.05,27.85,5.94,3.94,-13.96,11.12,4.67,15.72
16.84,43.29,13.35,-23.85,3.93,-0.33,32.69,-4.23,4.2,-16.02,17.77,1.22,20.73
16.68,44.18,18.13,-19.76,-1.86,-1.93,28.3,-1.12,12.25,-8.4,19.73,3.09,19.22
16.88,27.35,11.94,-2.85,-2.06,1.79,18.48,13.15,9.36,-6.59,-2.95,-4.87,7.39
17.02,38.13,16.53,-15.04,-4.58,2.59,29.5,3.11,8.5,-3.83,26.18,14.24,22.88
15.98,44.32,11.48,-33.07,-9.26,-9.05,27.05,-14.17,-0.65,-25.31,15.38,-5.84,15.86
16.72,32.09,10.55,-18.2,-12.95,-9.37,14.64,-3.62,-1.79,-17.88,3.47,-0.89,13.35
17.21,24.02,4.72,-10.56,-7.34,-0.75,12.23,1.16,-2.5,-8.67,7.46,13.02,22.29
17.74,38.25,16.44,-15.69,-2.44,3.12,28.14,-0.57,2.96,-11.35,20.17,10.9,23.03
16.57,37.05,15.97,-15.29,-12.01,-9.23,16.91,-3.53,-1.53,-19.05,6.92,1.85,15.49
17.41,38.81,19.32,-14.69,-9.32,-4.14,23.96,-0.84,4.64,-5.89,25.66,8.81,12.75
17.15,37.37,18.44,-17.9,-12.21,-6.96,27.43,0.48,-4.67,-28.57,6.1,6.88,25.07
16.65,42.06,14.38,-26.18,-6.12,-2.53,23.94,-17.43,-3.82,-13.35,25.74,5.93,17.48
17.07,35.95,13.58,-15.09,-10.55,-8.64,13.13,-5.4,0.33,-14.19,6.06,-2.32,11.82
17.04,35.19,14.15,-14.21,-7.59,-7.87,8.3,-17.42,-12.76,-19.54,9.88,5.81,15.28
17.14,44.18,21.52,-24.12,-12.52,-5.34,23.55,-20.44,-17.84,-31.24,10.27,-10.99,-3.5
17.22,42.13,13.42,-19.81,1.2,-5.43,18.7,-12.82,-1.18,-24.05,1.48,-10.46,13.48
17.47,55.03,15.9,-28.73,3.25,1.85,41.96,-11.64,12.57,-20.37,26.43,-7.95,16.53
17.49,36.29,16.05,-10.7,1.63,6.69,28.44,0.85,0.12,-12.55,16.37,9.1,14.97
17.69,40.79,16.26,-14.9,-0.29,-1.22,24.61,-1.44,4.14,-16.48,11.31,1.34,18.41
17.5,52.4,25.21,-31.03,-8.35,-1.83,42.29,-9.62,6.91,-15.48,31.76,5.07,25.13
17.66,28.58,9.8,-7.21,0.3,4.59,15.4,-6.03,-8.28,-13.16,11.38,12.07,16.93
17.48,48.35,15.39,-25.51,8.36,-1.7,31.14,-6.89,10.63,-11.45,21.11,1.46,21.26
17.57,36.52,8.54,-20.37,-1.46,4.17,26.66,-6.3,-1.83,-22.31,7.24,-5.18,15.57
17.26,30.47,10.47,-12.53,-3.47,2.3,19.14,-5.52,-11.47,-28.18,-6.95,-6.45,10.01
18.21,52.38,23.81,-26.11,2.17,3.36,42.37,-2.07,11.7,-21.72,9.06,-14.98,12.48
18.15,45.59,21.78,-22.26,-4.26,6.37,46.97,3.59,5.64,-19.83,19.83,-0.37,20.64
17.99,44.46,16.0,-24.71,0.44,-1.9,31.4,-5.5,4.75,-16.84,17.56,2.48,21.29
17.8,64.7,22.18,-46.24,-1.39,-7.29,44.65,-31.23,0.92,-28.43,31.07,-16.09,18.77
18.25,30.48,9.25,-12.26,-4.9,0.55,17.9,0.09,-0.08,-12.04,8.29,6.57,18.5
18.49,36.21,14.69,-14.33,-4.93,-0.95,19.09,-4.32,3.89,-2.99,25.31,15.81,25.95
18.47,29.27,6.42,-22.68,-15.41,-11.56,6.39,-19.76,-14.35,-16.57,19.27,14.89,21.11
17.69,29.7,9.76,-13.25,-8.09,-5.25,12.31,-3.9,-0.17,-7.69,14.39,13.11,21.32
18.11,53.11,17.88,-36.2,0.4,-6.97,32.09,-19.4,2.82,-18.96,29.83,3.61,23.24
17.96,44.59,19.04,-30.14,-13.49,-0.74,34.79,-8.4,4.21,-9.62,37.01,11.39,25.64
18.03,31.9,7.92,-22.34,-6.41,-0.4,20.25,-17.46,-16.32,-31.05,5.29,-3.72,11.13
18.29,30.73,8.31,-17.24,-4.48,1.5,22.59,-0.64,4.2,-3.29,26.03,21.45,30.64
17.11,29.18,5.17,-20.91,-7.17,2.61,28.89,5.64,5.49,-16.68,6.06,-0.45,17.48
18.61,34.17,11.5,-16.73,-3.05,2.83,28.11,4.28,6.93,-12.22,8.35,0.07,15.87
17.75,28.24,7.66,-14.04,-4.93,3.67,24.43,4.46,0.21,-15.48,5.67,5.11,18.57
18.04,37.81,15.31,-19.85,-6.86,3.21,29.65,-6.62,-6.15,-21.11,11.87,-3.71,5.75
18.83,28.17,8.65,-10.97,1.2,13.38,35.29,15.11,10.33,-5.62,10.4,3.0,10.04
18.35,46.49,18.14,-24.17,4.84,7.81,39.22,-7.04,4.15,-15.6,25.76,0.32,15.71
18.4,43.49,20.87,-25.94,-6.93,6.2,38.1,-11.37,-4.64,-11.61,33.05,0.7,2.68
17.55,52.4,24.58,-42.37,-26.43,-11.88,36.35,-25.68,-14.55,-30.25,27.79,-16.9,3.27
17.63,51.62,27.49,-45.57,-13.31,14.69,57.56,-26.55,-12.5,-18.01,29.07,-21.85,3.91
18.13,44.18,9.46,-31.49,1.65,-5.77,35.45,-2.49,15.53,-11.86,20.21,1.92,21.16
18.62,34.89,11.13,-20.89,-3.86,7.04,35.83,4.96,6.35,-12.36,16.91,1.38,11.43
18.61,34.31,12.12,-25.02,-17.67,-7.38,21.81,-10.93,-11.17,-23.86,12.25,-0.51,9.16
19.06,37.36,13.19,-20.43,-7.54,-10.98,31.28,-10.72,-5.01,-7.0,22.7,20.59,26.3
18.58,52.31,21.24,-27.82,-2.27,-10.87,36.73,-18.07,0.43,-18.44,18.49,2.99,20.93
17.95,42.94,19.47,-28.42,-8.92,-1.71,31.8,-10.07,2.76,-17.89,19.06,8.76,24.31
18.45,32.04,11.64,-10.75,0.95,5.54,19.38,-8.21,-9.63,-18.58,6.22,1.19,10.0
18.23,44.41,16.57,-25.13,-6.9,-4.74,22.0,-23.77,-12.79,-27.35,21.17,4.32,21.99
17.94,42.52,16.99,-33.06,-19.13,-1.86,34.18,-12.18,-2.44,-11.61,34.64,0.94,10.54
18.56,33.68,12.73,-11.16,0.38,5.85,22.88,-4.98,-6.51,-21.33,3.19,-1.99,13.31
18.84,53.91,16.31,-28.13,18.87,1.73,43.01,-18.2,4.39,-14.61,26.41,-5.57,4.13
18.45,27.37,11.86,-0.45,2.92,7.53,15.6,1.25,-4.85,-11.67,-2.6,-6.06,-5.06
18.77,34.64,17.07,-2.18,7.24,11.62,27.07,4.7,4.26,-7.54,6.02,-1.58,4.05
19.11,36.56,16.98,-2.82,5.4,10.0,23.82,2.51,2.38,-8.71,7.42,-2.43,2.15
19.01,41.98,20.81,-9.33,8.99,13.02,31.81,-4.78,-1.1,-15.11,16.85,1.52,10.18
18.74,43.67,15.15,-16.7,6.39,4.92,31.67,-5.42,3.74,-19.06,11.68,-7.72,7.31
18.62,35.49,17.06,-7.81,3.44,12.96,34.76,5.61,-1.23,-18.8,5.83,-1.57,8.21
18.92,37.03,17.28,-5.17,4.2,5.58,27.65,0.05,-3.34,-17.62,3.32,-1.97,6.36
16.75,37.52,16.78,-8.12,3.39,5.52,23.03,-5.62,-4.2,-13.58,5.95,-3.18,2.26
18.01,39.07,17.46,-8.95,3.82,7.27,26.01,-7.38,-8.68,-24.15,7.04,-1.45,12.57
17.44,48.59,15.57,-29.03,5.55,2.74,33.53,-20.51,-3.75,-27.5,16.29,-4.06,23.72
18.7,48.4,15.21,-28.01,4.45,9.13,40.34,-15.92,2.08,-16.72,32.19,1.09,24.22
17.91,31.92,10.39,-13.07,2.68,11.34,31.97,6.09,7.05,-4.39,18.46,5.64,9.58
18.28,30.51,13.15,-6.23,-5.04,-0.12,16.54,6.18,4.67,-3.75,11.8,12.04,17.89
18.33,60.74,24.61,-38.94,-2.05,-5.36,47.85,-18.27,6.81,-15.96,34.68,0.14,25.08
18.21,31.06,13.81,-1.74,3.37,7.09,16.18,-0.77,-3.31,-10.24,5.59,4.18,11.21
18.05,38.28,17.5,-15.33,-5.97,1.56,26.44,-4.14,-2.07,-15.13,15.62,2.54,10.43
17.95,27.77,10.36,-3.21,1.73,4.36,12.87,-3.77,-6.18,-12.61,3.41,2.62,8.55
18.31,33.72,10.46,-16.09,-0.69,1.92,18.55,-11.53,-7.12,-15.81,14.38,8.03,18.64
18.26,30.91,9.67,-14.31,-4.26,2.74,20.8,-5.25,-7.37,-19.06,5.98,0.14,9.47
18.55,30.88,10.72,-13.06,-6.57,-1.12,18.65,1.51,3.38,-5.75,17.33,14.12,22.28
18.19,38.48,15.82,-17.25,-3.92,1.23,29.14,1.08,8.35,-2.43,30.29,20.81,30.36
18.32,38.08,15.47,-14.47,4.59,11.03,30.93,-6.81,-4.62,-20.13,12.15,2.33,17.79
18.89,61.0,30.15,-35.55,0.85,11.99,69.37,-20.72,-5.21,-17.46,33.31,-5.12,18.56
18.65,52.51,26.23,-30.21,-8.21,10.38,58.49,1.07,11.47,-6.75,51.04,10.27,25.43
18.25,43.85,21.07,-17.94,-1.06,4.96,41.88,10.46,18.52,-6.19,20.4,5.48,24.72
17.71,36.26,16.24,-10.85,-1.84,3.7,24.74,1.32,5.11,-4.57,22.22,13.05,18.8
18.65,33.05,19.06,1.33,1.66,4.14,20.4,7.18,4.84,-4.04,12.67,10.9,14.56
18.67,46.87,25.56,-22.96,-8.98,9.76,48.89,-1.89,2.5,-11.59,36.5,9.23,22.43
18.23,29.97,12.5,-6.75,-1.31,4.87,22.24,5.25,2.11,-7.52,13.35,14.55,22.09
18.14,36.68,19.53,-10.97,-6.46,0.04,28.63,6.3,4.4,-12.8,18.83,15.99,29.16
18.41,37.97,18.12,-13.94,-8.01,-4.21,22.9,2.56,6.01,-10.25,16.39,10.09,23.88
18.18,26.86,10.03,-2.79,2.8,4.28,11.51,-1.4,2.29,3.54,19.87,19.02,21.32
18.17,34.33,11.62,-16.0,-4.25,2.4,28.24,7.97,12.49,-3.21,18.32,8.73,20.09
18.46,60.74,16.37,-50.83,4.08,-3.22,53.42,-21.64,9.56,-19.2,32.95,-3.94,33.31
18.56,32.09,5.86,-19.32,-0.68,7.87,30.37,1.15,5.87,-10.61,18.52,6.56,20.73
18.4,34.42,14.13,-16.23,-6.05,1.07,24.98,-5.39,-5.07,-16.64,19.83,16.67,28.45
18.78,34.86,10.42,-18.98,-1.69,6.72,32.33,1.22,2.94,-16.22,17.97,12.14,32.85
17.65,26.19,11.27,-0.19,-1.94,-2.19,5.77,2.1,4.16,1.71,8.99,10.0,15.43
18.09,57.11,19.74,-42.05,-3.53,-7.7,44.01,-14.25,11.4,-20.82,25.89,-2.77,33.38
18.4,28.75,6.7,-14.89,0.88,7.26,29.52,8.56,8.11,-12.59,3.86,2.44,24.02
19.08,23.12,2.73,-12.06,2.33,13.54,30.54,8.52,0.93,-14.69,5.48,8.3,23.19
19.02,36.58,6.81,-31.31,-0.57,3.41,40.97,-1.19,3.41,-28.63,8.65,-1.24,26.93
18.38,26.71,7.34,-20.08,-8.14,4.79,37.98,13.39,10.06,-13.13,14.52,8.66,18.66
18.94,27.69,7.03,-16.69,-1.86,11.06,34.51,12.19,11.85,-3.97,19.56,14.12,23.16
18.81,30.71,12.4,-7.93,3.72,5.27,50.8,8.98,-1.44,-15.96,-4.31,11.61,13.79
18.27,45.52,18.27,-35.04,-1.45,22.55,53.64,-15.62,0.26,-24.47,19.77,2.48,18.68
19.13,43.37,17.19,-27.44,9.46,25.61,61.73,-9.88,-2.35,-21.54,28.77,8.56,28.28
18.54,30.89,8.8,-18.86,15.05,30.36,54.84,1.63,-1.87,-22.78,19.24,6.63,24.39
18.53,23.48,4.91,-4.57,13.77,25.14,36.87,11.86,3.67,-9.94,6.35,4.3,16.05
17.91,24.93,9.04,-3.71,3.8,11.49,24.73,8.77,1.05,-10.85,3.26,6.73,14.41
18.38,25.99,4.7,-13.22,7.51,16.01,30.58,-5.02,-10.16,-24.82,6.78,6.96,25.95
18.66,27.84,8.47,-14.6,2.42,13.73,34.65,-0.89,-9.92,-27.59,3.14,0.37,15.55
19.02,22.17,3.26,-10.3,6.13,19.14,35.86,10.82,1.2,-14.09,4.86,1.78,9.63
18.85,52.88,10.37,-37.99,18.76,5.21,60.0,-3.57,18.35,-15.65,18.76,-11.52,12.34
18.65,49.32,14.09,-35.77,7.46,8.11,55.78,-3.54,9.12,-24.21,17.15,-16.07,10.81
18.19,35.28,11.5,-14.26,1.49,5.05,27.55,6.57,13.83,-2.27,12.63,-2.01,6.84
18.77,39.16,14.76,-21.86,-0.6,11.02,45.83,5.59,7.37,-21.07,12.56,-5.41,14.66
18.72,43.32,18.41,-20.15,0.87,5.87,44.78,11.76,15.0,-21.41,1.52,-16.71,7.13
18.91,27.72,7.99,-9.1,1.44,11.6,29.98,10.75,2.23,-18.38,-8.73,-14.68,-2.9
19.1,29.96,13.11,-7.13,1.54,9.02,31.45,9.96,-1.34,-27.77,-13.56,-12.78,5.08
19.13,23.65,7.64,-2.16,1.66,7.25,16.57,5.81,-2.47,-15.83,-14.83,-17.7,-11.0
18.94,23.85,7.85,-0.93,6.96,12.45,19.74,4.84,-3.89,-16.92,-14.0,-15.15,-6.26
19.07,23.4,4.68,-7.45,-2.37,2.68,10.12,-4.99,-12.9,-25.49,-21.35,-25.71,-18.53
19.34,34.01,13.2,-12.57,3.88,12.94,35.13,3.22,-1.75,-23.33,-2.77,-14.06,-2.1
19.17,33.28,14.4,-8.91,0.85,8.71,32.24,10.57,5.75,-15.76,-0.12,-7.96,4.53
19.31,34.89,20.84,1.03,-0.27,2.87,23.05,12.75,8.16,-8.18,1.6,-4.42,-0.09
19.39,38.16,19.57,-3.54,2.14,6.76,30.21,13.06,12.26,-8.38,3.62,-7.87,3.34
18.79,41.0,17.2,-17.42,2.27,12.29,41.27,5.03,11.72,-5.41,21.02,-6.63,-4.03
18.56,33.08,13.57,-7.51,-1.1,4.89,24.65,11.35,13.0,-1.44,11.48,1.48,8.08
18.45,33.14,16.39,-9.52,-8.16,-1.13,27.45,15.59,14.12,-6.97,5.4,-3.54,5.5
18.99,33.26,11.32,-12.53,-0.34,7.51,29.4,9.43,13.86,0.37,18.05,1.46,4.56
18.0,37.4,12.1,-22.24,-2.62,3.91,30.09,-4.6,2.82,-13.55,17.43,1.1,14.04
17.38,35.99,11.25,-21.83,-2.48,5.63,33.64,-3.87,-2.06,-22.89,11.53,-0.61,17.46
17.21,41.05,16.34,-19.79,-5.87,-3.79,26.86,-1.2,6.5,-15.26,8.85,-7.47,5.63
17.73,35.5,14.19,-13.62,-6.01,-0.97,22.98,2.29,5.51,-9.05,11.55,-0.85,5.51
18.18,51.71,26.04,-33.6,-12.77,7.78,54.4,-5.63,4.68,-13.83,35.79,-5.77,12.0
18.0,37.66,16.15,-15.73,-6.85,-1.55,26.6,4.16,8.21,-12.33,13.22,2.72,16.54
18.15,33.6,12.98,-16.42,-10.59,-6.82,17.51,-2.35,4.13,-5.15,23.57,21.35,36.84
17.72,47.71,21.4,-18.05,4.7,-1.7,27.57,-9.28,7.64,-10.58,24.76,10.66,23.9
18.44,23.84,9.91,2.43,4.07,6.47,11.74,5.23,4.84,5.72,14.87,16.23,16.16
18.06,27.46,10.1,-2.14,2.22,7.48,14.94,2.71,0.6,-2.01,9.69,6.72,6.95
17.84,28.56,9.39,-7.18,1.21,4.2,14.06,-1.85,3.2,-0.07,10.8,-2.14,-2.13
18.34,46.9,17.73,-27.13,4.19,7.87,45.21,-6.22,5.61,-17.01,29.42,3.52,12.59
18.75,45.04,18.74,-21.92,-4.17,-2.28,35.52,9.66,27.46,3.08,23.96,-3.05,12.99
18.63,26.95,11.33,-0.89,2.8,6.53,17.4,7.58,4.8,-6.35,-1.81,-4.58,4.46
18.6,42.06,14.91,-25.15,-1.96,6.02,44.34,10.28,21.15,-6.19,24.24,0.69,15.78
17.88,34.34,13.85,-8.54,-0.64,1.37,18.56,0.57,5.85,-5.7,11.64,0.26,6.17
18.81,46.29,25.15,-19.25,-6.66,4.2,44.07,7.16,12.12,-11.3,23.71,3.51,20.01
18.76,30.11,14.0,-0.03,4.48,9.44,21.95,11.65,10.49,2.16,11.64,7.54,12.57
17.85,43.07,16.07,-20.26,-1.46,-2.49,29.82,3.73,19.2,-1.86,19.53,4.72,25.14
17.58,37.92,15.12,-16.43,-6.07,-0.34,26.33,1.05,1.81,-19.15,6.77,-3.36,14.76
17.45,44.53,10.63,-25.1,10.09,-6.49,35.42,1.77,18.57,-6.94,15.6,-0.94,19.83
18.28,39.47,13.84,-18.14,-2.59,3.61,35.73,13.2,19.53,-5.09,18.57,4.56,23.14
18.04,34.75,15.49,-5.33,7.5,11.39,28.48,5.35,3.57,-8.53,11.52,6.38,16.99
17.96,37.1,17.64,-14.74,-7.3,-4.15,25.12,4.47,8.11,-11.48,11.48,8.38,32.79
17.79,34.46,18.25,-6.32,-4.17,2.55,29.75,16.21,13.34,-7.11,9.21,7.74,22.25
17.07,26.04,10.24,-3.0,-1.03,6.64,23.14,18.29,14.28,2.12,5.29,1.22,3.83
17.91,27.87,11.01,-5.25,-0.22,5.38,21.39,9.25,4.89,-8.45,3.65,5.47,19.53
17.72,26.79,8.81,-4.55,-0.73,4.59,15.86,4.0,1.01,-4.52,12.16,16.8,23.66
18.07,23.33,5.04,-8.75,-3.41,1.69,14.6,6.7,9.67,7.59,20.9,18.43,19.28
17.64,38.42,12.69,-19.64,-0.96,5.01,31.54,3.47,12.31,-2.85,26.27,11.48,24.16
17.87,42.46,18.09,-23.32,-8.39,0.1,30.6,-6.63,2.33,-10.89,29.88,13.13,22.78
18.05,51.03,26.62,-29.68,-2.55,7.08,47.78,-9.2,2.65,-13.78,29.59,1.82,19.87
17.74,62.82,32.2,-39.76,-7.66,3.49,56.22,-16.38,2.35,-15.1,35.08,-10.03,19.96
17.96,49.53,21.02,-26.5,3.95,7.89,49.42,-0.76,7.31,-17.25,28.43,9.46,30.3
18.02,52.75,23.51,-27.63,5.21,11.59,52.73,0.25,9.65,-16.99,23.36,-7.62,19.1
18.03,32.29,16.6,-2.44,-1.19,1.29,15.81,1.71,-0.45,-8.93,11.24,15.35,22.65
17.62,45.49,22.17,-23.3,-5.67,10.02,44.56,-4.14,-1.58,-17.99,27.93,1.66,8.98
17.14,33.37,12.86,-22.66,-15.37,-5.02,24.28,-4.93,-0.45,-3.43,36.75,23.77,22.11
18.15,54.43,20.8,-22.65,20.02,15.42,42.48,-21.22,1.81,-25.29,19.01,3.89,27.41
18.49,51.75,23.48,-18.39,7.15,11.86,43.22,-10.66,5.19,-9.79,30.75,1.45,19.16
17.58,28.58,13.13,0.21,3.93,8.76,19.61,7.24,2.87,-5.41,4.48,5.23,11.31
18.23,42.89,16.65,-14.49,6.7,12.73,37.16,2.42,11.43,-5.4,24.56,4.24,17.39
17.57,35.86,19.07,-5.01,-2.63,1.07,20.28,1.56,-1.54,-16.23,3.34,0.95,11.19
16.51,55.85,23.1,-28.48,7.65,7.89,46.5,-11.95,7.79,-21.17,16.29,-14.22,14.41
17.78,47.72,25.61,-18.49,-4.96,2.91,38.73,-0.58,3.27,-15.41,21.94,0.22,11.96
17.59,33.65,15.34,-6.66,-6.37,-4.09,12.34,4.36,6.09,-5.48,6.0,2.63,15.3
17.63,46.25,23.47,-21.05,-6.77,2.49,37.29,0.92,7.84,-7.25,30.56,7.11,16.25
18.2,27.32,9.82,-1.7,1.63,7.03,16.19,7.42,5.57,0.38,6.07,1.13,1.46
18.08,31.01,13.26,-7.4,-2.88,3.34,24.07,10.48,8.63,-5.44,8.84,6.19,15.97
17.87,45.36,19.44,-19.26,0.7,8.9,39.98,-3.5,1.41,-16.04,21.39,-1.91,10.6
18.34,30.41,9.97,-15.55,-5.25,5.3,28.79,6.12,4.78,-9.61,9.33,-3.9,1.89
18.88,39.8,13.98,-13.69,0.3,5.53,27.87,0.83,7.99,-9.36,14.69,-5.31,6.46
18.29,30.97,14.15,-8.9,-7.14,1.14,26.15,13.87,9.46,-7.74,5.28,-3.49,1.17
17.86,46.01,19.12,-33.0,-4.2,9.82,49.84,-7.36,2.54,-20.09,14.86,-25.93,-11.2
17.94,36.61,16.21,-15.57,-2.15,9.67,38.64,3.43,-3.53,-22.78,9.1,-1.02,11.64
18.06,31.35,8.99,-19.53,-11.85,-3.53,20.69,-0.41,-1.41,-15.71,5.03,-4.16,5.17
17.8,26.05,5.67,-14.92,-7.77,-0.72,19.4,6.46,7.68,-4.25,7.94,0.44,7.77
18.31,43.98,8.99,-32.76,2.63,-1.04,40.82,1.79,20.23,-8.02,19.95,-7.39,9.3
18.16,50.17,15.35,-34.19,6.85,8.73,47.59,-14.12,2.77,-22.66,22.12,-9.97,13.63
17.99,40.06,13.46,-18.03,1.29,10.84,39.17,5.04,9.73,-17.12,6.68,-15.42,3.43
17.9,28.61,7.72,-10.98,2.71,9.7,25.22,3.77,2.98,-7.44,9.84,2.44,8.51
18.02,43.0,14.91,-22.35,-1.5,5.28,30.62,-9.93,-2.35,-20.72,13.57,-11.78,3.28
18.15,27.47,8.33,-7.99,3.2,11.02,25.66,8.33,7.62,-1.71,10.36,0.53,1.82
18.21,35.75,15.12,-13.16,-0.01,9.35,32.5,2.62,2.4,-9.48,20.62,8.97,14.34
17.34,29.79,9.78,-6.94,7.6,13.12,23.57,0.66,2.11,-3.97,12.35,1.98,5.66
17.46,46.2,13.43,-26.64,-2.54,1.14,28.16,-17.31,-1.25,-19.94,25.81,1.43,24.2
17.31,36.25,12.8,-17.53,0.29,7.26,30.95,-0.27,2.36,-15.48,10.2,-1.73,11.08
17.83,34.05,15.74,-9.9,-0.81,6.52,29.81,5.61,0.2,-19.33,5.25,5.01,21.58
17.14,20.22,4.91,-1.18,7.2,12.83,16.94,1.17,-6.93,-12.66,-2.66,1.22,7.76
17.28,34.82,15.79,-9.76,-4.95,0.69,23.89,6.67,5.58,-11.17,5.41,-0.97,10.1
17.42,61.04,18.72,-44.89,7.86,-6.28,33.74,-30.27,0.28,-25.12,16.79,-16.31,6.56
18.01,44.4,22.21,-16.36,-0.64,5.81,39.74,3.77,2.85,-28.03,4.88,-6.32,16.99
17.97,51.69,12.63,-32.17,5.66,-15.57,31.3,-14.56,12.9,-10.85,23.86,2.1,20.33
18.15,33.62,19.25,-9.97,-10.58,-4.66,27.23,13.55,8.64,-11.99,9.73,10.97,22.94
18.43,37.42,16.68,-16.46,-2.99,8.6,37.56,5.44,5.66,-10.66,23.65,10.91,20.84
17.43,43.35,19.29,-16.75,3.2,11.27,38.77,3.03,4.91,-20.59,10.15,-5.75,17.13
17.55,33.5,13.42,-12.19,-4.04,1.88,27.27,11.23,11.38,-8.91,8.58,2.19,15.39
18.13,23.72,5.61,-3.32,-1.06,5.3,11.1,4.53,0.98,-0.4,6.58,8.86,10.28
18.26,29.6,14.14,0.87,5.17,10.95,23.71,12.94,10.36,0.78,8.4,2.98,7.5
17.58,34.02,16.84,-5.18,-1.31,0.44,16.81,-0.95,0.75,-8.06,13.93,13.21,24.04
17.18,35.4,18.06,-4.36,-0.18,4.33,19.95,-0.3,-0.87,-9.77,10.43,5.72,12.0
17.29,46.17,18.63,-24.98,-1.86,2.08,35.06,-12.1,-0.42,-23.08,18.23,-3.76,16.69
16.7,48.71,9.28,-29.61,18.03,-9.05,34.99,-22.38,-3.77,-24.8,15.45,4.83,19.03
17.85,33.47,15.68,-5.01,4.97,10.35,25.87,-0.98,-6.7,-19.93,4.77,1.02,6.43
18.42,32.76,12.8,-10.5,-1.07,3.82,22.62,1.43,0.24,-15.53,3.9,-0.13,11.88
18.95,46.24,15.13,-12.77,20.26,-6.81,37.74,-8.38,3.12,-22.34,-3.87,10.41,-2.05
18.53,33.51,14.2,-11.14,-1.4,-0.25,14.84,-14.24,-11.94,-18.29,16.78,15.56,26.58
18.31,48.39,15.39,-18.75,5.92,-9.23,14.73,-21.5,5.37,-10.69,17.43,-4.99,9.67
18.59,32.24,15.71,-3.99,-0.14,-2.35,5.87,-17.62,-17.45,-19.92,8.94,11.83,17.58
18.79,32.46,13.58,-10.56,-7.43,-11.35,-0.69,-24.27,-21.82,-26.95,5.81,8.98,21.96
19.28,39.43,17.19,-9.37,2.16,-13.88,10.61,-14.78,-1.12,-20.88,2.51,21.41,24.56
18.95,23.35,8.98,0.54,-2.28,-2.23,2.17,-2.49,-6.32,-10.58,-5.23,0.13,6.22
18.62,18.36,2.7,-5.12,-6.74,-8.29,-7.41,-13.83,-14.35,-12.58,-4.16,0.26,4.66
19.28,42.39,20.51,-10.61,1.77,-11.06,5.38,-26.67,-15.17,-27.75,4.73,-0.62,18.57
19.41,43.17,15.97,-26.38,-6.19,-9.79,10.12,-39.58,-25.03,-33.15,20.16,6.91,23.95
19.49,27.98,10.05,-4.3,-3.19,-3.88,1.75,-12.0,-9.94,-8.93,7.46,5.9,8.5
19.13,35.04,17.25,-7.23,-6.07,-4.78,13.6,-3.15,-3.03,-14.5,6.1,5.46,14.87
19.16,29.86,12.97,-5.19,-3.15,-5.52,3.34,-12.88,-11.34,-14.73,5.05,3.39,6.81
19.51,37.94,19.75,-10.77,-6.64,-8.77,8.02,-23.93,-22.9,-31.8,6.41,4.89,15.37
20.02,34.06,12.44,-12.02,-4.25,-13.47,2.95,-22.43,-15.91,-32.09,-4.93,4.72,15.13
19.81,29.89,13.24,-7.95,-9.91,-12.94,0.95,-15.24,-16.39,-23.71,-0.43,6.17,17.81
19.85,23.35,5.05,-4.44,-2.13,-2.73,-1.12,-13.38,-14.37,-12.53,-0.58,2.2,3.39
19.67,43.03,17.1,-29.06,-10.99,-6.58,7.2,-29.65,-4.92,-36.33,-0.39,2.05,5.01
19.85,33.4,13.43,-15.99,-7.3,-7.44,11.25,-20.94,-22.72,-38.43,-3.62,-2.44,17.01
19.77,31.03,7.02,-22.58,-12.68,-15.54,0.42,-30.45,-29.61,-45.14,-14.26,-14.22,5.58
19.73,38.17,16.5,-18.61,-11.35,-12.43,10.03,-20.62,-20.47,-36.17,-3.46,-7.55,8.0
19.42,30.25,16.05,-3.61,-8.81,-9.75,10.02,2.17,-2.61,-19.16,-3.69,7.71,19.55
19.71,33.95,15.76,-7.37,-4.16,-6.44,10.67,-9.78,-12.46,-24.24,-3.63,-3.08,5.85
19.23,49.9,23.62,-22.41,-2.88,-4.08,37.77,-32.09,-12.97,-24.59,-1.45,2.32,6.94
18.75,30.34,14.01,-8.14,-3.88,-2.44,10.65,-15.31,-19.05,-25.64,6.44,10.96,20.34
18.77,26.13,11.47,1.76,4.16,3.15,4.95,-8.25,-7.72,-7.15,3.89,1.31,-0.32
18.92,38.93,19.33,-10.38,-5.38,-6.83,11.61,-13.69,-6.7,-16.22,11.55,2.34,12.63
18.9,60.45,23.78,-22.71,12.33,-26.35,31.32,-28.58,-2.3,-22.78,7.87,-3.78,10.06
18.39,25.45,9.17,-3.06,-4.81,-7.22,-5.64,-15.32,-12.1,-6.8,8.3,7.72,4.9
18.93,29.52,11.71,-6.83,-5.65,-6.04,3.29,-12.57,-12.15,-15.63,3.53,3.62,8.8
19.22,52.71,20.69,-21.85,6.12,-10.53,17.04,-37.45,-14.78,-27.08,23.6,0.96,21.14
18.36,38.06,18.94,-9.58,-4.12,-4.28,14.97,-9.61,-7.55,-20.12,9.17,7.28,20.64
18.21,26.45,10.73,1.58,1.99,3.01,4.24,-7.08,-11.0,-11.17,-0.12,4.7,8.63
18.52,57.8,24.41,-27.69,5.14,-7.19,34.62,-27.62,-9.87,-35.42,14.58,-9.87,19.25
19.05,37.97,19.34,-10.8,-10.58,-13.89,6.55,-14.74,-11.88,-27.6,0.51,1.27,21.48
18.56,24.59,6.83,-6.43,-3.24,-3.1,2.63,-11.62,-15.11,-21.68,-10.58,-8.57,-0.36
19.31,58.56,26.18,-32.18,-3.49,-19.94,30.26,-31.81,-8.07,-33.27,16.42,-6.49,28.19
19.38,36.41,18.84,-10.98,-11.82,-11.12,10.6,-10.23,-9.52,-21.83,5.38,1.5,11.62
19.2,26.32,9.94,-2.81,-4.36,-5.82,-1.75,-12.53,-13.78,-15.17,-1.81,-0.2,2.18
18.96,38.95,11.66,-21.55,-8.14,-20.94,-2.46,-32.16,-18.98,-33.65,-6.31,-17.02,-0.92
19.13,53.41,18.49,-34.74,-8.7,-7.7,25.24,-35.03,-12.06,-29.44,25.87,-9.19,15.13
19.45,30.81,9.63,-15.81,-8.7,-6.32,9.03,-15.67,-15.31,-22.91,6.92,8.78,23.22
19.13,34.17,11.26,-14.5,-2.86,-0.24,13.86,-16.81,-11.69,-17.13,15.75,7.57,17.14
18.62,34.44,10.36,-16.53,2.86,3.61,18.38,-17.94,-12.76,-22.54,10.21,1.42,12.93
18.91,42.42,17.86,-16.32,-5.21,-6.74,12.0,-22.87,-14.01,-24.22,13.09,1.44,17.37
18.26,33.61,13.91,-11.05,-4.04,-2.66,12.7,-12.11,-10.38,-16.99,12.24,10.3,18.48
18.19,31.0,11.89,-12.8,-10.95,-10.6,6.13,-12.11,-10.33,-18.39,8.21,9.8,20.91
18.43,33.45,14.38,-7.3,-0.39,0.09,16.07,-2.08,1.45,-6.98,14.58,11.18,18.7
18.66,37.44,19.28,-5.94,-0.89,2.25,21.49,-2.23,-2.38,-13.01,12.92,6.5,12.74
17.8,53.41,24.84,-22.55,3.66,-1.43,31.33,-17.97,-0.67,-14.38,27.77,0.75,19.13
17.73,31.37,14.46,-4.08,-0.27,2.28,14.3,-3.91,-5.22,-10.86,8.54,6.74,13.22
17.1,55.4,17.57,-33.92,2.98,-15.25,27.9,-19.87,4.31,-19.86,20.81,-5.23,18.08
17.16,42.71,23.66,-18.16,-13.03,-10.3,24.4,-5.87,-5.26,-24.36,14.63,6.11,22.24
17.82,40.99,20.23,-17.35,-10.32,-4.41,29.97,5.38,9.55,-13.68,16.08,7.6,26.04
17.28,56.24,19.53,-32.95,-0.61,-5.69,40.29,-16.56,-1.26,-33.16,12.37,-19.81,14.23
17.95,40.96,16.22,-11.74,8.42,6.02,29.18,-2.87,0.92,-21.48,1.68,-7.81,9.64
18.92,43.91,19.42,-16.5,1.28,-4.62,35.41,-2.56,-2.61,-25.59,13.54,6.48,29.94
18.44,40.13,18.82,-12.56,2.34,3.78,25.17,-12.7,-9.86,-21.43,19.38,12.93,27.77
17.64,33.68,15.66,-10.45,-5.89,-4.61,10.18,-16.2,-18.03,-25.7,3.29,2.57,10.36
17.77,38.02,19.51,-9.12,-1.95,1.25,21.1,-9.18,-9.77,-19.86,14.43,12.05,22.76
18.19,40.75,21.26,-12.0,-2.11,5.98,34.01,2.21,-1.52,-19.3,12.75,3.43,16.54
17.93,29.03,11.68,-5.04,0.67,6.44,20.54,5.47,2.19,-7.82,6.3,5.76,13.61
16.67,32.31,15.55,-8.66,-3.16,2.69,22.41,-0.8,-5.69,-20.01,2.49,1.2,11.27
15.97,37.73,18.41,-10.51,1.38,5.83,22.89,-10.12,-12.77,-25.96,6.89,3.92,16.85
17.93,48.29,18.01,-19.49,2.92,5.16,34.09,-5.02,9.84,-10.44,26.63,-2.35,16.94
18.84,28.57,15.13,4.48,2.76,1.39,6.8,-0.69,-1.07,-3.1,7.02,10.05,14.26
18.4,31.38,15.3,-6.79,-10.48,-16.87,-2.78,-10.63,-2.16,-9.04,6.4,2.61,9.94
18.65,31.86,11.74,-14.37,-14.62,-17.99,-1.61,-14.63,-6.46,-14.22,5.42,2.66,15.85
18.23,39.71,15.33,-18.12,-8.73,-8.63,13.76,-13.39,-8.46,-24.21,6.68,0.55,18.88
18.65,33.92,14.17,-13.78,-13.21,-13.48,4.92,-13.93,-10.44,-17.99,7.7,3.81,10.56
18.36,30.49,11.17,-5.94,0.21,3.54,14.72,-2.55,-3.33,-12.13,4.82,2.87,12.23
18.06,28.21,10.3,-7.28,-3.34,-0.15,10.8,-6.77,-9.9,-16.7,1.24,2.44,9.63
18.14,32.41,13.06,-6.23,-1.72,1.78,15.15,-0.29,3.81,0.59,21.63,15.95,18.76
18.24,36.98,17.55,-11.11,-6.95,-3.31,19.73,0.58,2.84,-11.78,11.31,5.67,17.54
18.09,25.61,11.1,1.31,-1.15,-2.56,1.95,-2.34,0.45,1.2,8.44,5.86,4.63
18.12,49.35,25.71,-25.18,-11.68,-1.22,32.8,-18.13,-9.57,-19.2,27.68,3.47,18.37
17.64,40.17,17.76,-15.96,-5.1,-0.26,24.46,-7.92,-5.33,-20.66,11.17,-0.72,14.39
17.51,42.88,21.69,-9.46,4.74,8.48,30.26,-3.41,-2.04,-21.38,3.21,-7.86,8.6
17.57,33.81,14.1,-10.49,-2.51,2.41,23.31,-2.41,-8.52,-29.79,-6.53,-6.22,13.13
18.77,29.53,14.22,0.2,5.68,11.73,25.24,10.45,1.58,-14.3,-4.38,-2.46,9.49
18.48,30.62,14.7,-3.58,-0.89,3.58,20.81,6.28,-0.43,-17.26,-3.56,-1.25,13.46
17.45,29.22,13.08,-7.66,-6.97,-0.53,16.14,-0.41,-3.64,-9.69,11.91,10.38,13.28
17.27,47.21,25.38,-38.39,-17.87,2.39,43.6,-26.32,-22.89,-23.11,32.41,-10.44,-7.13
18.01,46.93,15.86,-33.67,-3.56,4.73,41.77,-6.94,12.63,-7.08,35.31,3.56,19.54
18.09,31.76,9.91,-13.3,-4.8,3.38,24.35,7.33,7.97,-5.55,10.58,0.79,7.98
18.0,48.46,15.8,-33.36,-0.91,3.89,39.92,-14.08,1.42,-21.91,22.05,-11.1,8.56
18.07,36.26,10.45,-19.91,-1.18,4.79,32.95,5.31,11.3,-11.08,10.7,-6.72,4.7
18.68,52.91,13.9,-41.23,6.22,0.51,45.35,-21.7,1.9,-24.12,28.56,0.72,28.26
18.63,43.73,14.26,-29.72,-9.55,-10.2,22.08,-20.23,-12.06,-37.93,3.81,-11.58,13.4
18.45,25.43,7.15,-10.37,-10.12,-8.93,3.98,-3.7,0.02,-3.17,11.69,10.25,12.2
18.56,41.34,15.1,-16.87,-3.45,-2.97,21.93,-4.12,8.01,-6.73,22.67,7.1,20.23
18.02,29.16,10.25,-9.82,-4.7,0.1,18.2,5.22,5.73,-4.8,11.26,8.23,14.97
17.92,37.21,18.96,-13.45,-11.57,-8.48,18.97,-0.34,2.53,-12.9,12.51,4.16,12.55
17.4,35.34,14.07,-14.47,-6.69,-4.7,17.46,-5.56,-4.08,-20.4,2.86,-1.46,15.13
17.09,31.16,10.31,-16.25,-11.61,-8.41,13.0,-6.66,-6.01,-20.72,-0.34,-4.48,11.46
17.54,32.07,13.86,-8.91,-9.2,-8.65,7.41,-6.13,-4.99,-14.28,3.56,1.7,8.43
17.87,31.33,11.73,-10.39,-4.45,1.62,22.5,6.72,4.32,-12.44,4.85,5.15,20.87
16.49,29.87,10.83,-13.02,-12.99,-11.78,6.02,-8.43,-11.56,-28.26,-13.47,-15.02,-2.28
17.16,47.44,18.79,-27.79,-0.45,-1.58,31.42,-13.35,-3.87,-26.94,15.36,-3.72,19.96
17.68,34.03,12.47,-18.94,-8.19,-4.47,24.85,1.46,4.51,-16.5,11.75,9.75,30.06
17.33,44.59,15.37,-25.21,-4.21,-1.73,33.32,-5.76,4.26,-27.57,15.21,2.44,36.37
17.04,43.48,20.18,-21.63,-8.76,-6.59,29.94,-1.19,5.36,-25.3,7.49,-2.28,27.79
17.28,43.08,18.89,-21.99,-6.7,-4.71,29.67,-4.02,1.68,-25.28,9.85,0.74,30.07
17.45,32.53,12.84,-9.47,-0.93,4.27,21.84,0.14,-0.5,-12.46,8.69,5.45,15.39
17.42,44.47,19.45,-25.06,-8.83,-5.17,28.21,-3.8,7.98,-12.82,20.87,0.98,14.48
16.88,33.49,9.05,-17.87,-1.36,0.66,19.01,-8.43,-3.1,-15.64,9.48,1.43,15.23
16.69,37.95,11.97,-18.13,-7.64,-4.1,20.57,-3.15,1.66,-21.51,-2.04,-14.59,6.42
16.9,51.85,19.88,-37.26,-4.47,-0.42,42.85,-7.83,3.45,-25.88,16.09,-16.18,13.68
17.1,54.98,20.62,-32.64,7.53,2.17,43.25,-7.52,11.79,-28.3,8.22,-12.38,17.79
16.7,29.13,7.89,-14.15,0.51,8.35,29.16,4.92,1.86,-14.61,5.79,0.87,11.37
17.79,36.0,12.47,-16.49,-1.44,4.22,30.56,1.12,3.05,-19.07,10.92,5.24,31.66
16.91,49.37,19.55,-20.34,9.74,2.15,38.39,-6.14,3.63,-24.14,7.08,-9.2,16.95
15.74,32.43,11.75,-9.6,-2.23,1.83,19.48,-0.87,-5.67,-24.56,-4.36,-2.01,18.69
16.99,58.16,28.67,-29.18,-2.95,-0.15,38.45,-10.27,10.35,-23.62,21.99,-16.54,15.72
16.31,26.06,10.25,-2.95,-2.85,-4.37,2.97,-6.74,-3.51,-2.13,16.02,19.78,23.68
16.24,35.34,16.72,-7.65,-3.65,-1.97,17.71,-0.34,-1.8,-16.7,2.38,0.15,13.2
16.36,51.58,28.79,-30.39,-19.13,-4.78,42.85,-14.13,2.15,-14.85,27.05,2.38,17.56
16.43,27.99,14.18,3.55,2.31,1.49,5.38,-6.28,-10.48,-15.03,-5.15,-2.31,2.76
16.16,46.91,26.09,-13.72,-3.86,1.41,30.0,-5.26,3.17,-13.97,17.15,-2.27,10.93
15.76,32.19,14.67,-5.93,-4.2,-4.38,5.93,-10.56,-9.78,-15.89,2.59,-0.17,4.57
16.1,47.52,21.92,-21.6,-0.28,2.99,34.92,-5.95,-1.13,-21.68,18.29,0.51,17.75
14.65,35.1,15.29,-6.54,0.29,-3.12,11.75,-1.82,3.0,-9.12,2.67,-0.83,10.97
15.65,43.0,23.29,-13.58,-4.15,2.1,27.17,-8.59,-7.63,-18.84,19.4,8.44,21.57
15.92,30.09,13.35,-5.29,-5.11,-4.45,9.7,1.76,3.29,-2.8,10.36,11.02,19.8
15.74,31.35,14.13,-4.5,0.18,2.13,15.06,2.27,2.31,-7.19,7.42,5.74,14.11
15.55,21.97,5.81,-2.6,3.81,8.33,15.04,3.86,0.09,-5.82,1.29,1.64,6.84
16.11,29.75,15.97,-1.81,0.71,7.46,28.24,16.45,7.04,-11.78,-0.31,4.14,15.56
15.75,27.97,14.42,0.91,-0.56,2.38,15.26,7.67,2.19,-7.47,5.26,11.22,18.75
14.67,33.12,14.1,-12.38,-9.88,-8.51,12.45,-6.33,-9.31,-29.93,-7.32,-4.87,14.11
15.14,43.53,21.97,-22.23,-9.93,-2.65,24.26,-16.39,-8.68,-30.06,5.31,-8.12,11.12
15.4,37.61,16.21,-17.42,-4.15,3.33,31.27,-2.33,-2.36,-26.07,6.13,0.75,19.38
15.92,47.69,27.73,-16.05,5.52,10.09,38.8,1.6,0.98,-27.02,13.69,1.43,19.58
15.24,42.31,18.2,-15.6,0.18,5.02,27.14,-11.84,-6.97,-24.37,7.91,-4.64,17.58
16.11,48.34,26.7,-14.86,4.93,8.5,34.65,-5.06,1.63,-17.35,20.06,-0.96,17.24
15.37,31.5,13.08,-5.5,2.34,5.53,15.22,-8.9,-9.19,-12.82,10.78,10.9,19.44
15.08,29.42,13.85,-4.04,-4.75,-2.2,12.87,2.41,-1.46,-10.99,1.24,2.77,9.11
15.77,33.02,16.91,-4.38,3.87,5.32,14.77,-16.24,-21.55,-29.03,-0.57,0.0,9.6
15.32,41.11,11.88,-32.66,-0.82,2.16,19.56,-39.45,-30.61,-44.87,1.54,-19.55,1.26
15.61,32.6,18.15,-8.84,-5.53,1.5,20.71,-7.36,-13.81,-19.19,7.39,1.62,4.34
15.58,33.03,13.09,-12.0,1.73,9.04,24.35,-10.94,-15.08,-24.38,7.77,1.75,11.78
15.72,35.09,13.67,-16.81,3.37,11.44,29.75,-14.42,-14.24,-23.98,12.84,-3.49,3.81
15.87,29.45,5.08,-14.78,15.15,13.75,22.14,-19.39,-8.92,-15.06,13.59,-2.7,3.77
15.87,24.94,4.12,-9.89,9.2,14.83,21.93,-12.84,-16.83,-24.74,3.19,0.15,10.24
16.77,54.14,25.85,-34.92,12.61,26.56,44.45,-37.56,-21.58,-26.8,15.77,-26.38,15.7
16.2,46.95,16.55,-29.57,18.6,19.7,44.82,-29.26,-11.97,-26.79,26.54,-4.14,19.03
16.73,38.27,14.49,-30.16,-9.34,8.56,31.39,-36.05,-38.78,-50.06,-6.26,-35.2,-10.06
16.34,34.95,10.78,-18.09,5.67,9.28,24.9,-24.51,-22.36,-34.61,8.02,-4.05,9.51
16.72,38.66,14.4,-19.36,9.99,22.12,49.0,-1.74,-2.49,-21.48,15.96,-5.02,7.64
16.69,54.73,18.69,-33.94,10.97,13.88,47.39,-18.04,-1.81,-32.02,12.56,-20.83,12.57
