19.57,-1.5,-1.59,10.91,-0.28,11.19,0.54,8.5,-0.91,6.77,0.18,7.18,3.58
18.4,24.91,13.96,11.65,10.28,9.72,9.24,5.73,2.6,1.39,-0.25,-1.69,-2.77
18.35,24.91,15.58,14.38,14.11,13.16,12.27,6.92,3.45,2.16,4.01,6.01,7.84
17.99,24.24,14.31,13.53,13.44,13.01,12.12,8.05,6.54,6.45,5.87,5.04,4.27
18.5,29.87,20.29,14.76,13.05,13.72,20.19,17.86,15.14,7.3,4.27,0.52,1.19
17.83,25.89,14.34,9.09,10.52,13.58,18.77,11.79,4.97,-3.34,-2.92,-3.62,-0.11
18.62,24.64,14.16,10.89,9.24,8.28,9.71,5.35,1.09,-3.42,-3.57,-1.01,4.4
18.92,24.15,14.65,12.69,10.78,8.16,7.67,4.1,2.46,0.02,-1.03,-1.83,0.7
18.83,34.87,25.21,14.04,11.94,12.45,24.43,15.72,8.7,-7.36,-1.9,3.06,15.47
18.33,24.63,14.16,11.7,13.23,13.2,13.64,5.89,2.41,-0.24,3.12,3.21,4.47
17.3,27.1,15.6,9.53,9.41,10.7,14.37,5.85,-0.78,-8.07,-6.5,-4.21,0.99
18.1,23.71,12.23,9.11,10.46,13.36,18.31,15.47,13.38,10.04,10.34,9.48,10.1
18.3,27.76,18.01,14.64,15.55,16.21,16.96,7.98,2.16,-2.54,-0.77,0.62,3.89
18.76,43.69,28.29,6.86,14.44,14.41,35.13,13.06,9.52,-11.82,3.97,0.97,16.42
18.25,23.18,12.78,10.55,9.11,7.33,6.42,1.62,-1.74,-3.6,-2.47,-0.89,0.24
18.72,25.4,16.54,14.81,12.38,8.45,6.71,2.66,2.85,3.57,5.53,5.36,6.07
18.07,33.8,24.31,16.15,13.9,8.49,9.82,-1.84,-4.2,-8.16,0.49,2.71,10.86
18.25,23.95,13.69,12.4,12.62,10.88,8.49,1.68,-0.59,0.83,5.42,7.1,7.35
18.1,23.61,12.59,9.05,7.64,6.99,8.28,4.12,1.19,-0.87,1.42,4.04,5.93
17.45,24.1,13.36,9.83,8.54,4.85,2.63,-4.4,-4.71,-3.55,1.37,3.42,7.69
18.84,29.52,19.62,13.04,10.83,12.57,20.74,16.71,11.05,1.91,3.01,3.75,5.3
18.54,32.4,21.92,13.1,12.33,11.65,18.25,11.92,10.48,3.53,6.47,2.94,3.79
18.59,25.88,17.01,15.43,13.66,10.37,8.56,4.08,2.47,1.93,3.1,3.12,3.15
18.2,22.41,11.86,10.16,8.57,6.19,4.11,0.09,-1.04,-0.59,-0.36,-0.99,-0.9
18.57,28.08,20.71,19.81,17.47,12.83,8.49,1.9,0.19,0.22,1.74,1.33,1.18
17.85,24.39,14.53,13.14,11.81,8.75,5.79,1.03,0.24,2.1,4.59,5.95,8.23
17.82,26.23,16.36,13.53,12.12,11.33,13.33,9.05,5.5,0.86,-0.88,-1.34,0.84
17.81,25.54,16.06,14.37,14.77,14.48,15.14,8.93,4.79,-0.1,-1.48,-2.66,-0.11
17.81,33.81,23.29,14.97,17.94,17.12,19.15,0.34,-8.4,-15.46,-2.21,2.43,8.41
17.87,32.96,20.61,12.26,13.63,12.55,13.74,0.67,-3.54,-5.53,6.5,7.92,10.21
18.16,32.79,22.73,12.71,9.89,8.52,16.22,7.34,0.37,-11.06,-6.29,-1.22,10.39
18.78,24.49,13.98,10.62,6.91,3.85,4.29,3.74,5.05,5.24,3.88,1.77,1.99
18.62,27.43,17.26,12.23,9.56,7.7,9.47,2.33,-3.21,-7.76,-2.66,4.47,10.25
18.89,26.86,15.98,12.9,12.88,13.46,14.24,7.76,2.25,-0.13,3.61,6.3,7.64
18.39,23.45,13.7,12.04,9.88,7.96,7.71,4.73,1.97,-0.84,-3.32,-3.08,-0.72
18.27,26.86,17.64,14.88,12.49,10.85,12.22,9.4,6.84,2.15,-0.42,-1.74,0.27
17.97,52.94,43.36,2.86,1.39,1.72,55.88,3.88,-4.52,-10.24,18.76,2.83,7.73
18.61,38.43,26.79,13.37,16.09,16.5,27.15,9.88,4.1,-10.28,-2.77,-7.54,-0.45
18.65,27.03,17.53,14.39,12.22,10.5,11.05,6.0,2.79,0.1,1.11,2.18,3.45
18.61,23.01,12.54,10.38,7.78,4.85,3.27,-0.0,-1.04,-0.28,0.93,2.03,3.14
18.86,27.55,18.93,16.61,14.4,9.61,6.32,-0.26,-1.85,-1.75,1.54,2.56,3.21
18.75,27.89,16.37,11.7,11.25,11.75,13.12,4.76,-2.66,-8.25,-4.82,-0.56,5.26
18.51,25.11,15.34,13.0,11.85,10.39,10.81,5.67,1.03,-2.54,-2.11,-1.19,0.87
18.32,26.67,17.26,14.85,17.3,18.09,19.71,10.81,6.65,0.95,2.06,-1.32,-2.15
18.22,26.4,17.05,14.51,14.65,16.74,20.09,14.05,6.04,-4.09,-7.07,-4.87,1.61
18.48,33.87,24.57,15.06,13.01,12.99,24.01,20.01,14.63,-0.34,-0.81,-1.89,6.56
17.83,24.18,14.19,12.01,10.52,9.54,9.91,6.04,2.81,-0.25,-0.88,0.01,2.06
17.79,25.2,13.59,10.67,11.62,14.04,15.24,9.84,5.43,3.19,4.82,5.32,5.63
17.99,24.43,13.9,11.54,12.25,12.12,11.07,3.32,-0.69,-1.15,3.14,5.85,7.28
18.31,25.91,14.61,11.89,12.85,15.17,16.62,10.08,3.99,0.66,3.63,7.89,10.85
18.25,26.22,16.45,13.23,11.06,9.19,10.05,6.19,3.76,1.27,1.24,1.2,2.99
18.04,27.99,19.53,14.54,13.92,14.15,20.37,15.93,12.85,3.96,4.69,3.1,4.42
17.38,22.07,11.67,10.51,11.1,10.67,10.06,5.9,3.97,2.29,1.6,0.9,1.12
18.34,44.6,29.71,3.16,11.81,14.37,40.07,12.9,7.9,-14.16,1.19,-10.69,8.56
17.94,35.01,23.62,11.26,10.96,12.62,21.52,7.64,0.96,-8.61,0.79,1.4,7.49
18.31,24.73,14.0,9.67,7.24,5.79,7.9,3.78,-0.06,-5.48,-5.74,-3.85,2.19
18.43,24.65,14.93,13.06,12.05,10.52,9.85,4.61,0.6,-2.58,-2.76,-1.05,1.36
18.04,31.95,19.67,10.47,11.65,13.05,20.87,9.95,1.2,-9.13,-2.84,0.91,9.4
18.66,27.89,16.6,11.88,14.26,15.99,19.89,11.22,5.28,-2.58,-2.32,-4.18,0.09
18.28,24.31,13.72,10.28,7.05,5.24,6.12,3.71,1.46,-1.82,-4.11,-5.0,-3.87
18.3,52.76,34.02,-3.55,14.94,14.74,54.05,2.63,-0.75,-16.43,7.29,-13.8,6.79
17.96,28.43,17.45,13.17,16.12,14.67,12.31,-2.72,-6.78,-8.5,0.61,1.25,5.33
18.59,43.15,27.59,3.54,14.83,19.39,39.29,12.29,8.11,-10.31,8.55,-1.7,12.41
17.41,21.13,9.97,8.09,6.98,5.28,3.33,-1.53,-4.28,-5.44,-5.46,-5.21,-3.92
18.01,25.45,15.58,11.79,8.4,7.46,9.85,6.96,2.86,-1.77,-2.58,0.12,4.6
17.95,35.66,24.56,12.72,16.95,13.33,18.37,-0.61,-6.07,-12.77,0.8,0.12,8.08
18.58,30.79,20.61,13.7,12.1,12.51,19.98,15.54,10.39,0.54,-0.58,-1.68,3.52
18.1,23.36,13.0,11.2,10.1,9.72,9.86,6.07,1.61,-2.17,-4.13,-3.81,-1.67
18.18,24.45,15.5,15.41,15.46,14.91,14.42,10.77,8.48,7.4,6.5,6.48,6.84
18.24,31.1,21.62,16.81,16.07,15.25,19.11,11.57,8.09,3.1,6.31,5.78,6.67
18.11,30.98,22.7,15.6,13.44,14.57,24.19,16.25,6.29,-6.12,-1.04,9.24,19.09
17.74,26.87,17.98,13.32,9.86,6.97,10.26,7.84,6.48,0.7,-2.14,-5.02,-2.78
17.82,22.01,10.53,7.3,6.17,3.65,1.77,-5.19,-8.69,-9.43,-5.84,-2.12,2.08
18.79,30.67,20.17,15.17,18.83,17.89,18.03,2.37,-2.45,-5.78,3.5,2.08,2.97
18.22,26.32,15.87,10.2,6.28,5.44,10.68,8.2,2.2,-7.13,-8.07,-3.68,5.15
17.66,28.67,16.69,9.13,9.74,11.23,16.64,8.7,4.17,-1.81,2.05,1.56,5.5
18.68,44.42,28.89,3.58,14.26,14.59,39.8,14.27,9.34,-17.37,-4.21,-15.29,0.13
18.32,27.68,16.6,12.69,14.58,17.31,20.24,10.46,1.35,-8.99,-11.11,-12.03,-6.52
18.57,50.48,30.63,-2.6,14.88,8.68,46.32,12.22,14.48,-13.34,2.54,-10.13,9.66
17.8,23.21,12.78,9.69,6.38,3.28,3.13,-0.04,-2.12,-5.3,-7.06,-7.4,-4.27
18.59,25.26,14.91,10.68,7.49,6.34,8.52,5.43,2.2,-1.29,0.16,4.67,10.38
18.65,32.11,19.05,8.57,9.45,12.06,19.79,8.53,1.66,-7.14,-0.55,2.01,9.6
18.75,24.49,14.29,11.83,10.69,9.3,8.84,3.19,-0.72,-2.53,-0.68,1.22,2.97
18.55,25.88,15.39,12.22,10.91,10.44,11.39,7.23,3.72,-0.64,-3.11,-4.68,-2.88
18.35,27.84,17.31,12.28,12.89,16.19,23.77,19.25,13.9,5.55,4.02,3.69,6.32
17.79,31.43,23.26,15.88,15.73,13.39,19.72,9.54,7.12,-3.16,0.51,-3.68,-0.49
18.2,28.25,17.34,11.33,10.38,9.18,10.7,4.34,2.74,0.62,5.74,6.23,6.33
18.62,25.86,16.32,12.7,9.73,8.43,11.14,8.73,4.25,-2.58,-5.73,-4.95,-0.02
18.38,23.25,12.71,10.23,8.53,6.03,4.73,0.49,-0.52,-0.86,-0.42,-0.19,0.79
18.26,47.17,27.7,-0.9,12.69,4.01,28.88,-6.91,-3.52,-16.2,8.59,3.02,17.72
18.53,25.35,15.48,13.61,13.45,10.9,9.08,1.99,-0.7,-1.85,-0.74,-0.78,0.96
18.69,25.02,14.75,12.91,12.88,13.0,13.96,9.46,6.22,4.7,6.39,7.29,7.87
17.87,22.06,11.26,8.67,7.01,6.3,7.78,6.6,5.86,4.52,4.03,3.63,2.76
18.25,35.91,24.14,11.91,16.2,18.79,30.3,15.23,7.19,-6.42,0.02,-2.3,6.75
17.99,39.86,28.59,10.22,12.81,15.17,31.3,11.41,2.16,-15.92,-5.05,-8.12,3.25
18.69,26.59,17.77,16.9,17.3,16.61,16.27,10.27,5.71,1.63,-0.28,-2.16,-1.59
18.38,25.0,15.61,13.33,10.32,6.75,5.99,4.88,7.0,7.52,5.5,1.07,-2.17
18.3,37.05,28.4,7.94,4.91,5.83,29.04,14.61,5.4,-16.49,-5.42,-4.72,11.48
18.53,25.85,15.02,11.33,13.84,15.2,18.19,9.2,1.92,-5.68,-2.62,1.24,10.31
18.62,28.37,17.83,10.29,6.27,5.23,12.07,12.01,10.34,2.81,-1.35,-5.26,-2.13
18.48,26.13,16.71,13.45,10.86,10.0,12.66,12.46,12.96,10.11,6.24,1.87,1.92
18.21,31.17,22.17,13.48,11.04,10.43,17.83,9.31,0.46,-11.99,-7.58,-1.47,7.94
18.73,33.58,24.64,14.53,7.74,3.15,10.8,10.13,10.54,2.65,4.14,2.04,8.62
18.19,24.06,13.96,10.98,8.23,5.66,5.51,1.99,-0.78,-3.86,-4.71,-4.13,-0.71
18.97,24.31,13.55,10.18,8.68,7.69,8.74,4.99,2.61,0.97,2.13,3.41,6.04
18.94,44.27,31.09,5.16,11.04,12.07,33.6,3.31,-1.55,-14.95,7.69,-0.4,6.3
18.67,25.73,15.27,11.32,9.66,8.35,10.46,7.05,4.83,0.1,-2.12,-2.82,2.34
18.29,24.73,13.93,9.62,7.81,8.19,11.65,7.76,2.18,-4.95,-6.5,-4.41,1.13
18.25,24.4,15.42,13.76,12.06,12.36,14.74,12.55,7.19,1.08,-2.44,-0.5,3.11
18.58,42.17,28.98,8.65,14.99,17.09,32.8,10.2,5.24,-11.23,6.78,0.54,11.15
18.38,30.87,19.88,11.33,11.62,14.22,20.9,10.15,1.43,-7.92,-1.17,3.09,10.11
19.0,26.45,15.64,12.57,11.97,11.29,10.93,6.14,3.85,2.37,1.48,-1.66,-2.89
18.79,22.97,12.86,10.66,8.35,5.98,4.64,-0.16,-4.29,-6.4,-4.49,-0.08,3.52
19.12,29.31,18.28,12.78,12.58,11.57,13.39,4.57,-0.26,-4.01,0.48,2.55,6.99
18.87,24.94,14.74,12.29,11.81,11.0,11.36,6.64,3.63,0.98,1.42,1.72,3.0
18.55,25.21,15.58,13.64,12.35,10.35,9.31,4.8,1.76,-2.41,-5.98,-9.16,-7.3
18.57,48.73,34.39,-1.75,6.84,17.98,55.52,12.31,3.33,-18.29,8.06,-12.75,0.63
18.38,26.19,16.23,13.75,12.78,13.02,14.41,9.26,4.38,0.19,0.37,2.52,5.73
18.95,33.41,22.42,13.91,17.27,18.71,27.62,15.28,8.49,-2.66,1.29,-0.55,4.13
18.09,24.21,13.47,9.9,8.06,7.01,8.28,4.19,0.87,-2.74,-2.67,-1.89,0.14
18.54,24.66,14.34,11.21,9.9,8.95,10.09,5.15,1.49,-1.21,0.93,5.12,9.39
18.03,28.12,17.29,11.45,11.23,10.88,14.74,7.98,2.99,-4.27,-3.39,-1.94,3.93
18.55,26.81,16.84,13.46,13.05,12.72,13.76,5.93,-0.69,-6.03,-3.93,-1.16,2.66
17.91,25.19,15.42,11.44,9.44,7.17,8.34,3.12,-0.12,-5.32,-5.99,-7.73,-5.81
18.45,33.07,22.06,12.46,15.72,20.03,29.19,14.91,5.71,-7.8,-2.83,-4.15,0.66
18.46,30.38,20.85,15.54,14.39,14.51,20.19,14.37,7.79,-2.6,-2.61,-1.49,5.02
18.52,30.17,20.15,14.9,15.89,17.82,22.25,12.73,4.98,-4.69,-3.69,-2.32,4.16
18.65,24.01,14.15,12.83,11.63,9.71,7.88,2.97,-0.2,-1.85,-2.42,-2.32,-0.99
18.74,25.41,15.09,11.78,10.4,9.28,9.97,5.55,2.78,0.14,0.59,1.14,2.83
18.83,28.31,16.67,9.74,6.94,7.8,13.39,10.91,4.81,-3.45,-4.72,-2.53,5.47
18.48,24.67,13.75,9.64,7.26,5.54,6.42,2.21,-0.75,-4.59,-5.14,-4.41,-0.39
18.66,24.87,16.18,14.43,12.94,9.31,8.18,2.46,-0.41,-4.05,-3.37,-2.7,1.13
18.69,41.01,26.43,3.43,8.16,12.22,31.53,7.04,2.79,-10.64,8.72,5.77,11.68
18.58,26.27,15.13,11.75,12.54,15.22,18.26,11.76,5.48,0.53,2.42,5.16,7.51
18.34,30.55,21.11,18.06,22.62,21.46,20.07,4.12,-3.77,-9.78,-3.35,-2.35,2.49
18.11,24.15,14.02,11.5,8.93,5.97,5.03,1.49,0.17,-0.58,-0.48,-1.05,0.35
18.4,22.14,11.19,7.94,4.94,2.76,2.85,-0.06,-1.72,-2.12,0.34,5.01,10.11
18.83,31.77,22.09,15.51,14.9,13.59,17.5,9.8,5.78,-0.37,1.74,0.29,4.54
18.56,24.36,14.28,11.7,9.52,7.66,8.14,5.3,2.81,-0.38,-2.31,-2.31,0.38
18.2,25.08,15.4,13.42,13.04,11.97,12.66,9.16,7.73,4.91,1.38,-2.97,-3.27
18.31,39.78,27.9,5.95,13.9,25.71,48.21,13.61,-0.93,-19.56,0.19,-4.05,6.78
18.34,42.01,27.66,6.26,15.62,20.77,41.65,9.3,0.85,-18.86,1.45,-5.87,7.53
18.19,33.93,21.5,10.77,16.85,20.94,27.81,10.29,4.36,-3.32,6.46,2.66,5.29
17.18,21.31,9.78,6.4,4.54,4.42,6.52,3.64,-0.08,-3.04,-2.16,1.04,4.61
18.8,24.13,14.28,12.4,10.85,8.46,6.73,1.86,-0.29,-0.94,0.23,1.48,3.25
18.84,31.11,21.44,16.67,18.23,17.99,19.87,6.25,-4.17,-13.28,-5.94,-0.2,8.53
18.62,24.09,14.22,12.85,12.22,9.36,7.12,1.47,0.32,0.7,1.53,0.66,1.18
18.6,25.98,16.25,13.93,12.49,11.61,12.31,8.76,6.67,3.44,1.61,0.0,0.29
18.4,25.69,15.48,13.18,16.29,18.43,20.53,11.46,4.53,-0.7,1.83,4.61,7.11
18.53,34.74,22.0,6.24,13.14,20.3,37.98,20.97,10.44,-7.1,6.8,6.78,14.22
17.22,28.88,17.35,7.17,3.66,6.25,16.71,13.47,7.92,-3.66,-3.63,-3.94,1.55
18.24,30.49,18.05,8.28,7.76,11.06,20.86,13.21,6.82,-3.38,0.31,0.63,4.93
18.09,23.7,12.74,9.79,9.19,7.48,6.07,-0.37,-3.55,-5.31,-3.56,-2.64,-0.43
18.69,32.99,19.22,8.83,10.25,8.91,14.43,3.54,1.35,-4.86,4.63,3.48,8.56
18.2,22.5,10.86,7.36,6.3,4.44,3.58,-1.97,-4.71,-6.41,-5.05,-4.35,-1.7
18.69,30.89,20.05,10.99,11.5,13.93,22.63,12.93,5.37,-4.16,2.47,5.85,10.12
18.26,29.88,20.33,13.22,8.47,7.49,14.41,15.32,14.78,7.18,2.48,-2.24,-0.16
18.93,30.67,19.98,14.71,16.51,18.57,21.57,8.65,-2.35,-11.39,-6.03,0.49,9.03
18.7,25.49,16.33,15.66,18.19,19.26,18.73,10.21,5.03,2.51,5.61,5.66,4.87
18.57,24.14,13.29,10.96,9.48,8.19,6.7,1.51,-2.34,-3.2,-2.02,-0.34,1.11
18.61,23.62,13.73,11.57,8.92,4.84,2.9,0.4,2.54,5.08,5.34,3.6,2.99
18.38,31.23,23.04,17.11,14.99,10.81,13.02,5.11,1.46,-5.57,-2.46,-2.82,1.84
18.46,25.15,15.34,12.78,11.01,9.14,9.31,5.5,3.07,0.72,-0.45,-0.65,0.65
17.77,26.07,17.88,15.71,14.46,11.66,11.43,5.0,-0.85,-6.48,-5.85,-2.72,1.57
18.4,36.57,26.29,14.93,18.28,17.53,22.66,2.86,-1.15,-7.13,4.45,-2.67,-5.11
18.08,28.35,17.72,14.14,13.37,13.12,13.35,4.78,-1.27,-5.95,-3.17,-2.05,-1.09
18.94,44.3,27.69,2.1,13.67,14.5,37.4,4.07,-2.28,-20.2,3.39,-5.51,5.41
18.69,24.03,13.82,11.52,8.76,5.7,3.69,-0.15,-2.01,-2.52,-2.55,-2.24,-1.31
18.78,26.12,17.38,16.35,15.42,12.24,8.9,1.47,-2.21,-3.54,-1.93,-0.85,1.1
18.91,26.11,15.87,13.19,12.23,10.89,9.94,4.12,-0.16,-3.25,-2.64,-1.51,2.96
18.62,24.36,13.74,10.83,10.15,9.4,10.08,5.47,2.43,-0.08,-0.08,-0.58,-0.33
18.5,30.3,21.98,18.45,18.62,16.34,17.19,7.76,4.11,-0.68,1.65,-1.08,0.39
17.78,53.21,34.01,-9.52,16.87,19.56,51.87,-8.67,-10.89,-18.02,11.36,-10.06,19.43
18.42,33.33,19.56,6.79,7.56,8.05,14.24,-0.5,-3.65,-8.18,5.48,5.91,10.92
18.64,24.4,14.46,11.94,9.33,6.33,5.39,2.51,1.54,-0.02,-1.72,-3.94,-3.02
18.72,22.69,11.29,8.43,6.82,5.27,4.33,-0.09,-1.98,-1.72,1.11,3.8,5.75
18.88,31.42,22.51,16.04,12.76,11.49,15.49,8.52,2.07,-7.89,-4.49,1.53,11.82
19.03,27.52,18.08,15.74,13.24,10.57,9.37,5.12,2.45,-0.75,-2.83,-3.72,-0.88
18.48,24.77,14.97,12.6,10.43,8.73,9.05,5.54,2.55,-0.71,-1.64,-0.38,2.0
17.75,29.36,20.06,15.11,13.23,12.09,17.04,10.77,7.58,1.41,1.33,-0.87,3.42
18.61,28.66,18.06,12.43,12.74,14.32,17.97,8.69,1.02,-5.86,-3.62,-3.12,1.63
18.84,34.0,22.16,16.05,19.74,16.94,15.7,1.88,0.42,-0.73,6.24,1.11,0.16
18.78,22.88,12.6,10.62,9.03,7.04,6.22,2.16,-0.51,-1.64,-0.78,1.25,4.12
18.78,23.58,12.85,9.85,7.02,5.09,5.09,2.75,1.0,-0.58,-1.64,-0.52,2.55
19.08,46.5,32.02,7.09,12.86,4.76,30.34,7.47,6.91,-13.64,1.16,-7.76,13.6
18.29,23.67,13.03,10.24,7.25,4.21,2.79,-0.23,-1.3,-1.95,-2.29,-2.08,-0.26
18.01,33.67,23.59,11.66,7.99,8.81,19.09,11.0,4.0,-8.36,-3.01,-2.72,1.19
18.11,31.2,19.44,12.58,12.13,12.49,15.16,6.47,0.07,-6.08,-4.3,-5.39,-4.46
17.78,31.65,20.79,10.84,8.47,8.9,16.04,6.39,-1.11,-10.07,-4.33,-3.97,-1.67
18.42,30.59,21.31,14.52,12.91,10.59,15.32,6.84,1.47,-7.51,-4.05,-2.91,3.22
18.07,22.85,10.89,5.63,2.23,0.69,3.16,0.23,-3.38,-7.92,-8.35,-6.51,-2.17
18.97,25.45,16.33,14.23,12.74,10.38,10.03,5.46,2.48,-1.14,-1.99,-1.86,2.03
18.55,41.98,26.29,5.98,14.35,9.3,27.27,6.83,3.73,-14.69,-0.22,-7.25,9.67
18.61,24.84,14.52,12.11,10.41,9.01,8.68,5.35,3.44,2.49,2.46,2.11,2.35
18.36,23.56,13.31,11.77,12.61,12.26,11.14,4.48,0.18,-2.06,-0.23,1.74,4.12
18.54,46.3,24.26,-4.16,21.94,27.15,58.3,14.7,10.39,-19.29,4.45,-12.99,3.69
18.02,31.2,19.85,12.34,16.74,20.08,27.05,12.66,3.24,-6.68,1.39,3.37,7.92
18.65,33.39,21.6,11.3,15.12,20.14,30.47,14.94,5.02,-9.91,-0.88,1.09,9.46
18.44,23.29,13.03,10.8,8.68,6.38,5.8,2.6,0.59,-1.4,-3.17,-3.68,-2.44
18.37,25.71,15.98,14.68,14.82,12.75,9.56,2.23,-1.81,-2.46,-0.87,1.24,4.71
18.19,24.29,13.95,11.93,12.68,10.33,6.73,-2.37,-3.92,-1.8,3.8,3.89,3.96
18.58,25.13,15.23,12.33,10.62,8.3,7.45,0.91,-3.5,-6.81,-5.8,-5.22,-3.56
18.6,30.48,21.31,16.17,15.6,15.61,19.28,10.31,3.09,-6.46,-5.95,-4.21,-0.16
18.02,43.08,32.4,6.4,13.25,18.05,39.22,8.3,-3.84,-23.44,1.58,-3.86,1.28
18.54,30.02,20.37,15.94,17.49,17.35,19.04,8.49,1.59,-6.02,-2.7,-1.23,3.06
18.15,25.19,16.08,12.92,9.98,7.05,8.08,5.44,4.32,0.92,-0.64,-2.74,-1.23
18.64,24.24,14.37,12.48,11.57,9.64,7.95,2.38,-0.73,-2.15,-0.81,0.7,2.52
18.37,34.6,23.26,11.25,11.22,11.51,22.92,9.96,4.1,-6.39,2.31,4.73,9.52
18.62,29.61,18.9,12.75,12.5,12.82,18.01,10.84,5.35,-2.32,-0.96,-1.48,2.17
18.1,27.04,16.78,11.61,9.48,8.11,10.59,5.63,1.89,-3.62,-4.02,-3.86,-0.24
18.23,25.33,15.04,13.0,18.93,21.76,20.89,5.48,-4.08,-9.55,-2.43,1.28,3.68
18.64,44.5,26.02,0.55,11.76,16.22,42.61,13.56,10.33,-14.13,2.22,-13.48,6.07
18.36,27.68,17.92,13.55,10.88,8.46,9.18,4.22,0.75,-3.09,-2.7,-2.49,0.34
18.83,27.02,17.71,15.93,15.14,13.43,12.1,5.24,-0.71,-4.16,-3.45,-0.93,2.79
18.56,23.11,12.61,9.82,6.77,3.7,2.47,-0.79,-2.62,-4.15,-4.81,-4.34,-2.12
18.98,37.73,27.4,13.73,14.77,12.15,20.63,5.78,2.64,-9.17,1.24,-0.07,10.02
18.6,24.36,14.28,12.14,11.35,10.67,11.26,6.78,2.73,-0.94,-1.22,0.16,2.87
18.36,24.68,14.76,12.6,11.64,10.58,11.72,8.45,5.66,1.15,-2.19,-4.48,-1.74
18.43,30.53,20.76,12.02,9.59,11.66,24.65,24.41,21.36,5.25,-2.21,-8.75,-0.98
18.87,28.56,18.23,14.24,15.14,17.54,21.59,13.9,5.31,-4.84,-4.98,-2.82,3.79
18.58,26.11,17.21,16.04,17.12,17.89,19.1,14.96,11.27,7.39,5.83,3.57,2.06
18.06,22.85,11.57,8.71,6.51,4.74,3.58,-0.5,-3.48,-4.58,-4.12,-2.4,0.01
18.62,24.09,14.05,10.92,7.2,3.98,4.22,2.42,1.91,1.19,1.3,3.11,7.18
18.51,31.95,22.17,16.8,17.68,15.23,16.85,3.98,-2.74,-9.31,-3.18,-2.04,4.26
18.62,23.56,13.35,11.79,11.25,8.65,6.45,1.38,1.21,2.12,2.9,0.2,-1.22
17.84,25.35,15.58,11.89,12.74,13.03,15.48,6.66,-0.64,-6.98,-2.86,1.35,6.45
18.37,28.13,17.74,12.9,14.51,16.9,21.93,14.08,6.97,-1.45,0.67,1.37,3.17
18.36,40.49,29.75,10.17,11.45,12.23,36.31,20.72,12.42,-8.46,-3.81,-4.93,6.42
18.5,26.68,16.84,13.79,12.84,11.98,13.26,8.7,7.06,4.78,3.76,1.07,1.34
18.6,23.25,12.95,10.82,8.75,6.91,6.34,2.29,-1.59,-4.29,-4.84,-2.6,0.86
18.81,30.4,20.88,14.91,13.03,11.32,14.23,6.31,0.47,-7.77,-4.34,0.3,8.72
18.56,25.39,14.91,12.28,11.63,10.12,8.91,2.51,-1.02,-1.11,2.94,6.19,8.22
18.0,23.53,13.61,12.1,10.43,7.51,5.58,0.88,-1.26,-2.31,-3.39,-4.44,-4.13
18.37,34.11,22.32,13.06,15.92,18.15,26.04,12.95,5.09,-6.72,-3.54,-4.92,3.17
18.01,30.15,20.87,15.77,15.52,16.58,21.21,13.48,6.4,-4.48,-4.58,-2.37,4.85
18.97,40.21,28.89,14.2,13.14,11.63,23.79,10.65,6.94,-7.76,-0.51,-4.17,6.1
18.72,24.98,15.12,12.38,9.93,7.94,8.27,5.07,2.2,-0.88,-1.92,-1.66,0.05
18.8,24.05,13.79,12.15,10.41,8.4,6.61,2.09,-0.82,-2.05,-2.31,-1.43,1.23
18.85,37.56,26.96,13.69,10.74,6.0,15.05,4.05,4.85,-4.83,3.0,2.79,10.06
18.57,25.43,15.58,13.76,11.9,10.32,9.21,4.69,0.46,-2.45,-3.01,-1.23,1.62
18.11,26.95,18.46,16.97,15.07,11.08,8.93,4.63,4.87,4.62,3.12,-1.37,-3.27
17.97,44.77,29.61,2.5,10.44,13.08,32.67,0.89,-1.83,-16.46,7.0,-3.16,6.4
17.84,28.66,18.67,13.37,10.21,6.43,5.41,-1.62,-3.31,-5.39,-3.68,-4.95,-3.33
18.63,35.6,25.24,15.08,12.73,8.57,12.61,0.9,-5.68,-16.42,-8.97,-3.97,7.91
18.96,24.13,14.18,10.98,7.12,4.69,5.38,3.33,-0.07,-4.28,-5.31,-2.19,3.76
18.5,20.09,7.7,3.77,1.34,-0.16,0.19,-2.75,-4.14,-3.81,-0.62,3.52,8.21
19.03,37.47,23.73,10.8,20.86,20.31,25.68,0.33,-2.92,-9.21,6.86,3.21,8.63
18.81,24.76,16.02,15.02,13.34,9.98,8.04,3.24,0.41,-1.61,-1.61,-1.28,0.85
18.5,24.74,15.56,14.84,14.59,13.61,12.84,7.9,4.43,2.21,1.89,1.67,1.82
18.28,25.72,17.46,16.96,17.2,16.17,16.71,12.81,11.65,8.7,6.15,0.8,-0.57
18.53,34.57,25.67,18.65,24.38,23.46,28.4,11.06,3.44,-5.66,2.18,1.53,5.01
18.08,26.72,18.38,15.32,12.91,10.24,11.76,7.54,4.59,0.15,0.7,2.29,5.46
18.28,23.59,13.11,10.58,8.86,6.12,4.69,-0.65,-3.6,-5.15,-4.28,-2.68,0.11
18.41,29.92,19.88,14.96,13.03,11.02,11.84,4.49,-0.45,-6.5,-5.22,-2.59,5.47
18.41,29.5,19.46,13.36,10.65,7.83,10.19,3.37,-0.42,-5.34,-2.33,-0.74,3.36
18.47,26.13,16.3,14.68,13.12,10.21,6.5,0.05,-2.86,-2.03,0.24,1.37,1.26
18.05,26.47,17.3,13.85,10.24,8.25,10.52,9.3,8.95,6.79,5.52,3.34,-0.05
18.7,35.02,25.21,16.11,15.38,14.06,18.69,4.95,1.11,-3.26,5.85,4.0,5.19
18.39,30.35,20.43,14.32,12.4,10.18,12.27,3.26,-1.47,-6.26,-1.5,2.58,6.58
18.6,34.53,23.66,14.48,16.23,13.86,16.5,-0.15,-5.23,-8.98,4.87,3.95,6.77
18.52,23.27,13.12,11.51,10.7,8.42,6.28,0.44,-2.63,-3.11,-1.41,-0.16,0.94
18.63,25.8,15.97,14.29,14.02,12.42,10.41,3.88,1.07,0.61,3.05,3.65,4.31
18.62,24.05,13.01,10.37,12.11,13.3,14.78,7.9,2.5,-2.06,0.43,3.08,7.21
18.18,25.29,15.04,11.19,9.72,9.5,12.21,8.31,3.22,-3.91,-6.23,-5.33,-0.36
18.29,28.35,17.32,10.32,11.32,16.55,26.39,20.78,13.14,1.39,1.25,1.48,6.66
18.22,31.63,19.39,12.57,18.29,24.26,32.04,17.52,6.61,-9.36,-6.15,-7.31,0.18
18.28,38.64,27.57,13.34,15.59,16.18,29.21,12.27,5.35,-13.03,-6.75,-9.05,4.57
17.51,23.8,12.85,9.79,7.53,5.68,5.23,1.91,0.18,-0.49,-0.26,-0.55,0.01
18.41,24.45,14.2,11.26,8.84,7.21,7.62,4.2,1.59,-0.94,-1.11,0.29,3.35
18.53,30.08,21.45,17.66,17.2,14.78,15.75,6.05,2.61,-2.75,-1.03,-0.73,4.34
18.83,28.48,18.92,15.63,15.39,13.7,13.91,6.11,1.93,-0.61,2.41,3.17,5.87
18.7,24.23,13.37,11.43,11.15,11.11,11.07,7.31,5.12,4.28,4.15,3.28,2.83
18.7,25.32,15.29,12.87,13.2,14.69,17.51,13.12,9.32,4.99,4.2,3.94,3.4
18.57,36.55,25.6,10.2,16.47,21.81,38.58,23.01,14.46,-5.98,3.77,1.84,6.65
17.98,24.51,14.11,11.86,12.39,11.96,11.47,6.89,6.69,6.83,6.41,0.89,-1.75
18.55,24.31,14.51,12.47,10.71,8.74,8.1,3.37,-0.49,-2.79,-1.76,0.58,3.53
18.19,25.01,15.0,12.11,10.18,8.56,8.9,4.52,0.71,-3.15,-4.12,-2.62,0.78
18.59,28.18,18.11,14.12,11.59,9.32,9.35,4.31,1.71,-0.2,2.31,2.61,3.19
17.91,22.6,11.99,8.92,5.27,2.09,1.29,-1.71,-4.95,-8.46,-10.42,-9.27,-5.88
18.54,45.86,29.8,4.35,18.13,16.92,38.03,5.03,0.68,-13.18,12.24,2.18,13.31
18.23,30.02,20.31,13.58,12.66,15.2,22.56,16.65,11.11,2.31,4.36,4.53,4.55
18.63,36.82,25.82,12.24,15.33,17.83,32.06,15.28,8.19,-8.29,-0.74,-5.38,1.44
18.14,25.91,17.58,16.75,14.57,11.03,8.41,3.76,1.09,0.1,0.66,1.64,2.82
18.51,23.69,13.35,11.1,8.71,6.26,4.88,1.31,-0.97,-2.48,-3.24,-3.07,-1.61
18.74,36.92,27.22,13.57,8.81,5.59,18.09,9.69,6.39,-6.56,-1.46,-1.98,6.48
18.15,25.24,15.55,13.33,11.45,9.19,8.41,3.68,-0.28,-2.65,-1.79,-0.51,1.32
18.53,33.78,25.5,17.19,15.72,15.02,22.36,10.39,1.41,-6.55,0.84,4.29,6.82
17.85,29.58,18.04,10.19,13.52,16.88,23.75,11.87,5.03,-3.5,0.65,-3.5,-4.64
18.39,34.69,23.29,12.16,13.17,14.37,22.94,9.27,4.78,-5.08,2.26,2.82,6.62
18.67,32.41,23.83,17.85,15.63,11.07,11.38,3.95,3.55,0.74,4.47,2.14,1.38
18.87,25.61,16.41,14.61,12.19,8.64,6.76,2.07,0.57,0.23,0.56,0.52,0.76
18.64,23.13,12.28,10.45,9.19,7.6,5.76,1.08,-0.54,0.33,2.34,3.82,5.66
18.44,52.0,32.49,1.46,22.03,6.44,39.4,-8.58,-2.57,-18.39,-2.19,-3.92,14.03
18.63,25.85,16.93,14.73,12.58,9.01,7.58,2.89,1.04,-0.9,-1.0,-2.06,-0.93
18.26,26.73,17.62,15.42,14.57,13.61,12.75,5.05,0.21,-2.57,-0.99,-1.27,-2.36
18.48,36.89,26.35,10.68,15.41,20.12,39.75,21.42,6.82,-18.35,-12.38,-14.01,3.41
18.48,41.29,25.54,6.48,17.65,19.02,35.18,12.71,9.32,-10.98,-0.16,-16.18,-5.67
18.73,26.0,15.91,14.59,15.62,16.3,16.2,9.07,1.8,-3.57,-3.98,-2.26,2.01
18.67,23.25,13.0,10.8,8.8,6.39,5.58,2.38,0.47,-1.56,-3.28,-4.4,-3.25
18.73,42.89,28.99,8.02,15.95,10.86,30.43,10.8,13.18,-6.41,-1.24,-14.09,0.27
18.27,24.66,14.85,12.4,10.49,8.7,9.05,5.26,0.92,-3.87,-5.24,-3.67,0.64
18.09,26.46,15.69,13.34,12.98,12.62,11.81,5.73,1.29,-1.6,-2.94,-4.02,-2.22
18.18,25.76,14.95,12.06,15.65,18.98,22.89,16.28,12.04,7.43,7.42,3.4,0.54
18.66,26.36,15.62,11.77,12.33,14.28,17.32,10.73,3.7,-1.41,2.59,6.36,7.09
18.92,49.64,32.01,-4.52,16.95,21.39,58.37,-0.3,-7.77,-13.92,19.04,-3.87,10.36
18.7,24.69,14.33,12.71,11.67,10.14,8.44,3.63,1.02,0.49,-0.05,-0.86,-0.71
18.58,23.86,13.95,11.68,8.97,6.17,5.17,1.78,-0.49,-2.61,-3.72,-3.24,-0.56
18.88,43.16,27.07,6.55,15.62,9.22,25.47,-0.01,1.21,-12.19,5.24,-2.35,11.31
18.97,24.2,14.6,13.0,11.51,9.73,9.24,5.47,2.63,0.73,0.58,1.91,4.27
18.26,23.89,14.75,12.97,10.83,8.66,9.49,7.82,6.67,3.08,-0.41,-2.64,-1.3
18.36,26.95,18.44,17.11,18.53,20.15,23.21,16.6,8.22,-1.56,-2.53,-0.05,6.41
17.86,49.55,33.12,-7.29,7.6,17.26,52.95,-2.48,-5.7,-5.45,33.92,2.53,7.08
18.3,45.73,28.92,2.48,19.36,19.29,32.45,-6.66,-7.14,-20.73,7.39,2.61,12.57
18.47,23.73,13.79,10.87,7.93,5.47,5.8,2.9,-0.13,-4.84,-7.12,-6.1,-1.61
18.87,27.46,17.74,12.07,7.72,6.08,10.45,8.47,5.84,-0.81,-1.18,2.61,10.13
18.7,25.28,16.1,14.93,14.09,11.63,10.17,4.7,1.79,-0.4,0.26,1.07,3.56
18.43,24.25,14.48,12.86,11.63,9.83,8.88,4.4,1.88,0.07,-0.93,-1.54,-0.79
18.56,24.07,14.14,12.44,12.27,13.04,15.19,11.87,7.71,4.15,4.02,6.09,8.2
18.65,27.12,17.3,14.06,14.79,16.36,18.01,10.5,6.18,3.15,6.54,7.69,8.72
18.67,47.67,28.96,5.86,17.48,17.38,34.97,-2.64,1.3,-10.87,11.08,-4.91,7.86
18.1,24.89,15.26,12.09,8.47,6.78,9.27,8.4,4.86,-0.62,-3.32,-1.87,2.3
18.82,24.24,13.89,11.36,9.61,7.66,7.29,2.87,0.59,-1.08,-1.13,-0.78,2.16
18.74,39.88,27.93,13.01,16.09,11.11,21.95,5.44,3.35,-10.84,-1.42,-1.37,12.65
18.42,26.03,16.82,14.69,14.91,13.05,12.4,5.37,2.33,-0.03,1.23,-1.29,-1.45
18.33,24.37,15.4,14.57,12.82,10.56,9.64,6.94,5.62,4.54,2.51,1.68,2.04
18.44,24.15,14.23,12.55,12.26,13.16,15.15,11.85,7.95,4.2,3.89,5.18,7.15
18.96,34.45,22.39,12.09,18.4,21.85,31.88,17.84,13.53,3.74,10.44,4.29,5.24
18.63,25.56,17.0,14.76,13.62,11.48,12.98,9.1,6.1,1.45,1.34,0.92,3.78
18.52,23.8,13.88,11.84,10.04,8.55,8.23,4.27,1.7,0.14,0.69,2.18,3.56
18.44,25.04,16.12,14.65,12.26,7.13,3.43,-1.65,-0.81,1.6,4.09,3.02,1.79
18.93,26.23,16.19,12.79,10.85,8.86,9.99,5.87,3.41,-0.34,-1.59,-2.04,1.75
18.58,22.85,12.41,10.48,9.02,7.07,5.68,1.03,-1.99,-3.11,-1.67,0.27,2.07
18.79,27.9,18.03,14.55,15.28,16.33,19.15,12.4,7.26,1.4,2.59,3.5,5.8
18.55,40.84,27.15,10.2,15.05,17.75,36.15,14.43,7.46,-11.39,0.24,-7.29,4.68
18.79,44.52,30.51,6.63,14.37,14.11,35.46,13.59,8.83,-19.9,-5.73,-14.73,6.67
18.52,25.63,15.21,12.68,10.48,8.97,8.39,4.59,1.52,-1.25,-2.62,-2.91,-1.01
18.32,22.32,11.44,8.69,6.65,4.66,4.05,0.6,-1.53,-3.04,-2.49,-0.68,2.87
18.84,34.01,22.86,12.0,10.86,11.54,20.69,9.83,2.47,-10.28,-5.35,-3.98,4.4
19.04,26.81,15.0,8.7,8.98,10.87,16.03,8.61,1.68,-6.95,-6.22,-5.68,-0.39
18.78,25.63,14.69,9.31,10.28,12.01,17.76,11.05,6.43,-1.05,1.29,1.78,5.15
18.62,25.7,13.62,8.15,11.65,15.89,21.39,11.97,5.73,-0.1,6.3,9.63,12.31
18.56,44.19,28.92,-4.02,5.95,10.53,55.26,27.26,20.62,-20.71,-2.71,-12.81,19.25
17.92,29.09,14.91,2.02,4.61,9.64,24.88,17.04,11.04,-6.3,-4.8,-6.8,5.03
17.98,25.12,11.64,4.18,5.08,8.22,15.05,7.64,0.57,-8.73,-5.6,-2.09,5.91
18.37,33.99,20.79,3.13,0.37,1.0,16.47,7.59,4.54,-10.78,-1.14,1.69,15.59
18.4,43.01,29.37,1.86,5.86,8.33,32.59,9.65,2.7,-21.21,-1.12,-6.88,11.44
18.71,26.0,15.49,12.09,12.75,12.8,14.78,8.59,5.02,1.65,3.7,2.74,1.5
18.3,24.83,12.93,9.64,10.77,12.5,13.9,8.08,4.53,2.13,3.52,3.04,3.32
18.49,25.21,15.33,13.46,15.21,16.59,17.7,10.49,5.05,1.0,3.99,6.68,8.79
18.57,33.46,22.38,14.11,13.17,12.35,16.66,8.16,2.93,-3.51,0.65,0.67,6.04
18.83,29.59,18.37,10.68,10.73,13.17,20.72,11.77,3.87,-6.93,-3.74,-0.98,5.87
18.22,23.63,12.14,7.39,3.51,2.26,3.99,1.6,-3.26,-8.07,-8.77,-4.28,1.98
18.54,34.92,20.17,0.22,2.56,6.0,25.03,7.28,1.35,-14.97,2.7,7.67,22.9
18.43,25.84,14.3,10.61,10.78,12.92,14.95,8.69,0.63,-5.51,-4.32,-0.24,5.17
18.33,24.49,13.8,10.42,9.27,9.23,11.07,6.92,3.4,0.4,1.18,3.22,5.97
17.9,28.03,19.53,15.5,15.06,13.83,17.02,7.69,1.47,-7.29,-4.33,-1.28,3.58
17.79,33.21,21.8,8.96,7.02,9.63,21.4,13.45,7.03,-6.14,-1.11,-2.62,3.63
18.35,33.26,20.62,7.37,5.82,5.5,15.59,5.11,0.32,-10.27,0.42,6.02,17.56
18.27,23.86,13.57,10.59,8.0,6.26,6.75,3.48,0.1,-3.44,-4.48,-2.84,1.0
18.59,23.65,12.97,10.81,8.69,6.76,5.63,2.38,0.86,0.48,0.16,0.15,1.26
19.13,48.88,34.43,2.0,9.11,4.96,37.41,5.38,4.09,-19.41,8.24,-1.98,17.76
19.02,24.73,15.28,13.54,11.47,8.51,6.67,2.17,-0.29,-1.47,-0.67,0.37,1.97
18.62,25.5,15.71,12.87,10.88,9.45,10.26,7.45,5.51,2.69,0.48,-1.56,-1.6
18.24,25.06,14.87,14.79,21.39,25.24,25.46,12.45,5.88,2.52,8.57,8.64,9.78
18.27,30.12,19.88,12.65,12.11,13.42,19.42,10.05,1.65,-8.43,-4.23,-1.2,3.81
18.64,47.45,27.9,1.11,11.55,7.53,32.65,3.82,7.2,-17.85,1.42,-14.36,3.65
18.75,24.45,14.4,11.67,9.02,5.61,4.47,1.49,0.76,-0.76,-2.78,-5.15,-4.05
18.79,25.56,15.09,11.52,9.2,7.04,6.64,2.33,0.89,0.47,2.9,4.95,7.64
