5.14,-1.88,-4.89,-20.82,-15.66,16.69,13.95,0.73,-25.52,-13.64,-1.29,1.75,-3.26
6.25,-3.18,-9.39,-26.27,-25.07,14.03,26.39,9.23,-10.71,-10.57,-0.82,3.65,-3.48
15.28,11.11,-12.35,-26.47,-14.4,-0.27,22.92,18.94,19.34,4.96,4.54,-5.71,-2.04
17.11,28.45,-7.1,-49.78,-23.22,-7.41,29.54,-12.75,-3.74,-27.84,8.07,-20.31,-1.18
16.84,24.44,-13.07,-53.02,-21.5,-13.0,22.41,-12.69,1.73,-22.11,6.01,-13.24,9.5
16.51,23.21,-9.73,-42.75,-22.6,-8.22,26.26,0.35,9.23,-10.54,17.5,-1.45,14.12
16.83,26.4,-2.7,-35.63,-19.06,-12.01,14.37,-12.74,-6.49,-22.56,4.49,-4.23,12.58
16.63,30.16,0.34,-38.3,-22.21,-16.61,13.82,-17.92,-11.71,-32.48,1.2,-9.19,9.8
16.99,28.31,-1.68,-41.97,-25.26,-14.8,18.0,-13.97,-2.96,-15.45,22.44,7.84,23.22
16.54,26.04,-0.63,-29.63,-21.44,-17.07,5.42,-13.9,-9.2,-21.56,1.73,-6.8,2.21
17.17,26.1,2.04,-30.87,-27.06,-19.2,13.03,-1.32,2.35,-14.8,7.41,-1.14,8.72
17.77,31.1,3.61,-23.19,-11.15,-8.56,13.22,-4.98,5.26,-8.49,10.9,-3.02,7.23
18.83,45.85,14.56,-42.55,-26.67,-21.47,24.02,-17.74,2.15,-20.51,21.8,-7.36,13.86
19.12,39.86,14.99,-40.68,-37.03,-32.15,13.57,-18.22,-6.75,-24.66,16.34,-7.76,5.78
19.24,22.03,-2.29,-28.73,-25.29,-20.59,-0.66,-14.71,-10.87,-18.02,2.7,-2.25,2.1
19.46,43.9,8.95,-48.16,-20.46,-10.59,33.48,-24.41,-7.14,-28.37,25.21,-9.06,13.77
20.14,32.19,0.14,-44.22,-28.9,-25.69,7.57,-24.71,-14.53,-37.06,-4.15,-20.06,-0.43
20.07,33.11,3.61,-40.18,-25.81,-15.66,20.91,-12.57,-5.61,-26.34,9.87,-7.19,11.7
20.6,26.75,-3.67,-40.3,-25.55,-19.05,10.7,-14.66,-6.13,-23.56,2.94,-9.22,8.35
20.76,42.29,7.37,-50.35,-27.9,-19.15,32.22,-14.2,3.57,-32.88,13.12,-14.79,19.19
20.32,39.99,12.35,-43.34,-25.64,-3.36,42.14,-14.44,-12.71,-30.31,19.29,-15.88,0.93
20.51,37.21,8.21,-33.09,-18.72,-17.12,22.39,-4.7,7.06,-27.56,0.76,-15.2,14.77
20.15,39.77,3.33,-40.21,-7.98,-8.98,24.82,-15.13,3.75,-20.47,10.83,-15.26,4.33
20.4,49.33,8.32,-51.53,-14.68,-21.6,28.55,-29.04,-4.23,-33.43,13.45,-17.18,11.09
20.92,46.07,-1.37,-61.91,-16.99,-34.15,26.04,-31.11,-4.08,-44.03,0.42,-23.21,6.74
21.19,35.58,-5.88,-61.25,-22.61,-22.0,31.91,-15.68,3.51,-37.71,7.03,-14.09,23.8
21.25,21.19,-11.25,-48.22,-29.83,-20.95,13.23,-12.27,-4.55,-26.07,1.13,-8.58,13.33
21.39,21.58,-11.37,-40.2,-19.58,-8.33,17.13,-8.82,-0.74,-16.14,10.18,-5.02,11.01
21.19,26.03,-8.52,-57.95,-32.42,-18.14,25.44,-19.21,-8.2,-35.0,6.99,-9.1,15.38
21.28,28.39,-14.54,-39.96,-3.07,-43.27,21.32,-11.85,-0.21,-22.05,-1.46,6.73,-5.11
20.54,31.28,-10.08,-34.68,5.21,-22.88,36.31,-13.2,7.68,-12.22,-7.81,5.16,-3.79
20.53,16.72,-9.89,-33.9,-23.31,-13.94,9.95,-7.11,-5.43,-20.06,3.05,1.51,16.58
21.17,27.86,-1.99,-34.27,-16.74,-12.91,15.69,-5.57,4.71,-13.55,8.26,-4.15,10.26
20.52,25.43,-5.55,-43.28,-30.31,-23.79,9.57,-16.47,-10.96,-37.34,-6.69,-14.02,12.73
20.66,32.93,1.43,-38.51,-20.56,-21.64,14.38,-11.12,1.6,-24.99,1.23,-10.5,14.86
21.33,30.47,1.21,-39.82,-28.87,-21.76,16.68,-8.77,-3.53,-32.54,-3.72,-16.62,8.45
20.56,48.98,2.29,-63.88,-21.58,-34.25,28.98,-29.21,0.59,-40.23,-0.18,-33.86,4.86
20.6,36.68,2.76,-51.72,-33.5,-29.28,17.92,-22.82,-10.61,-43.81,-0.83,-19.24,15.25
21.15,23.57,-0.09,-26.2,-20.26,-15.01,9.44,-4.07,-3.56,-22.75,-9.17,-12.13,6.2
21.11,23.52,-1.85,-30.8,-26.46,-20.68,6.62,-5.69,-4.94,-25.94,-10.7,-15.06,3.31
20.7,33.7,3.7,-41.02,-29.44,-27.9,9.73,-18.45,-9.61,-35.55,-3.43,-15.57,6.94
20.54,32.78,-4.48,-47.6,-26.02,-16.62,18.73,-15.81,2.52,-18.14,18.52,-7.97,13.85
21.03,27.31,-1.27,-34.99,-17.37,-9.13,21.68,-3.97,2.03,-20.73,-1.77,-20.01,-3.45
20.15,27.08,-4.14,-39.77,-25.94,-20.0,9.18,-16.0,-6.5,-24.17,1.63,-14.25,2.94
19.8,23.39,-1.37,-25.4,-16.0,-11.17,7.87,-8.27,-4.23,-14.54,3.27,-1.92,9.47
20.8,26.84,0.84,-28.52,-21.53,-16.56,10.06,-4.9,-0.01,-18.46,0.07,-7.15,8.95
20.93,29.71,0.11,-40.33,-24.19,-17.76,19.85,-7.55,0.47,-24.46,6.85,-4.77,14.85
20.7,52.12,9.98,-63.66,-24.06,-18.93,50.72,-11.21,24.85,-14.46,26.56,-15.97,11.62
21.28,25.35,-1.44,-39.25,-26.3,-14.92,24.99,-0.25,-0.92,-31.57,-6.55,-17.82,4.41
20.88,43.48,-3.93,-51.64,-12.86,-20.71,27.21,-19.69,13.22,-25.57,12.92,-25.07,9.97
20.74,35.46,2.13,-45.88,-25.37,-18.09,19.78,-18.35,-4.47,-23.49,14.8,-7.99,10.63
20.53,22.37,-1.65,-30.98,-24.69,-15.46,18.83,5.65,6.33,-17.73,0.81,-4.54,13.54
21.62,29.75,-0.21,-38.93,-19.16,-13.43,29.08,5.11,13.19,-20.22,1.91,-12.0,15.2
20.95,34.93,-2.32,-55.93,-27.49,-27.64,18.95,-14.57,6.34,-22.82,8.85,-18.94,3.65
20.14,39.35,2.68,-40.93,-12.32,-21.47,24.48,-7.62,10.89,-20.06,7.41,-11.6,11.23
19.66,28.68,-1.4,-41.51,-33.0,-28.56,5.09,-16.23,-7.21,-34.53,-14.52,-31.17,-6.88
19.96,25.92,0.51,-38.78,-32.58,-24.59,16.66,-4.43,-5.57,-36.9,-12.23,-20.08,4.77
19.95,27.3,-6.73,-47.47,-30.41,-21.65,19.6,-5.39,4.95,-29.08,-5.39,-27.14,3.05
20.17,15.22,-10.54,-35.77,-28.39,-19.58,8.07,-1.51,-0.15,-18.85,-6.91,-10.42,7.42
19.93,18.39,-10.87,-40.44,-31.28,-22.34,7.53,-6.81,-2.21,-24.53,-9.53,-19.89,0.62
19.58,28.58,-1.39,-40.89,-21.72,-14.62,23.95,-5.04,0.62,-28.36,0.96,-9.95,15.43
19.69,27.99,-4.67,-43.31,-19.22,-8.85,31.14,-1.15,4.89,-26.47,1.67,-16.68,4.98
20.04,31.27,-1.22,-44.7,-16.48,-10.53,33.43,-5.66,2.01,-32.12,5.0,-8.7,20.76
19.02,33.42,-5.43,-51.66,-24.65,-24.47,19.16,-14.3,5.6,-25.66,11.48,-10.92,17.27
18.91,25.11,-3.58,-40.78,-27.02,-18.31,16.47,-8.47,-3.93,-25.68,3.44,-5.16,13.99
18.47,31.95,-2.04,-42.98,-24.28,-23.75,11.61,-15.48,-0.33,-26.61,3.26,-11.31,14.6
18.11,41.74,8.91,-48.77,-24.79,-11.59,36.3,-11.94,0.08,-24.4,22.95,-11.93,14.05
18.27,34.59,2.26,-49.75,-32.15,-20.07,20.01,-22.34,-12.02,-29.22,14.28,-10.52,8.39
17.94,52.51,12.18,-61.61,-29.44,-24.13,33.51,-29.42,-1.97,-30.49,26.56,-18.05,7.93
18.63,24.08,-6.69,-40.67,-28.16,-19.05,10.92,-12.44,-7.73,-30.67,-7.76,-20.57,0.49
18.81,24.83,-6.64,-42.09,-24.11,-17.15,16.98,-3.31,9.8,-7.85,16.45,1.42,15.5
18.43,15.3,-12.2,-34.7,-27.79,-18.21,4.78,-3.4,1.42,-9.92,1.31,-8.2,-0.54
17.63,21.36,-4.93,-34.95,-25.61,-16.16,12.5,-5.05,-2.06,-16.32,7.81,2.47,15.23
17.58,26.79,1.44,-25.32,-17.17,-13.61,8.26,-9.48,-2.83,-14.0,6.79,-4.21,4.78
17.73,51.44,7.46,-43.21,-3.26,-34.35,29.69,-19.85,9.08,-21.63,13.79,-2.21,19.0
17.72,37.6,3.9,-33.69,-10.31,-19.23,18.4,-7.7,10.15,-15.67,7.76,-7.4,12.25
17.36,48.28,6.14,-46.6,-6.35,-26.72,29.89,-12.9,14.09,-13.23,18.83,-9.41,6.53
17.17,38.89,7.12,-35.36,-12.34,-6.87,27.95,-10.6,1.45,-19.12,18.51,-4.43,9.84
17.38,45.34,17.54,-41.77,-22.86,-5.78,37.87,-20.39,-12.81,-27.4,26.57,-12.79,-4.52
16.48,35.87,6.24,-31.08,-11.39,-15.98,13.48,-16.42,-6.51,-26.31,5.56,-2.13,15.12
17.12,37.7,11.1,-29.97,-17.13,-11.17,26.62,-0.11,8.65,-14.79,17.29,-0.02,15.4
17.72,27.15,-0.47,-33.53,-20.11,-11.26,20.5,-3.72,-0.24,-24.05,1.0,-9.45,8.98
17.79,26.31,-1.84,-34.71,-12.24,1.21,30.75,-2.76,0.76,-17.76,10.7,-5.89,6.83
18.11,29.5,-2.48,-36.29,-9.56,1.74,29.02,-12.86,-3.42,-20.69,19.44,-1.05,13.08
17.88,46.96,-1.3,-52.03,9.18,-11.63,46.93,-24.71,7.06,-14.7,27.35,0.31,13.57
17.31,50.27,3.11,-53.42,-1.33,-10.32,37.36,-31.64,1.02,-29.48,20.95,-9.27,14.09
17.21,37.71,4.46,-46.57,-19.89,-7.3,32.53,-14.19,3.17,-16.14,28.79,1.35,24.49
17.28,49.97,15.65,-61.13,-30.86,-9.35,46.6,-32.43,-11.12,-23.17,37.2,-17.37,-5.15
16.86,25.13,0.71,-26.46,-15.11,-7.53,18.53,0.04,3.68,-10.84,10.72,1.06,8.01
16.51,25.92,4.07,-18.47,-11.54,-3.72,20.23,4.92,2.05,-18.64,-4.57,-6.61,9.88
16.85,36.9,6.09,-41.54,-18.17,-5.01,38.12,-0.32,10.6,-13.35,25.69,0.86,23.15
16.52,47.02,13.1,-60.61,-21.59,-3.44,40.0,-23.31,7.74,-20.6,19.82,-16.71,9.8
16.49,37.75,5.04,-46.65,-16.91,-2.2,35.17,-19.81,-6.28,-27.18,22.31,-9.6,12.09
16.35,26.46,-1.22,-28.67,-15.09,-7.25,15.46,-9.71,-6.19,-21.21,1.84,-9.64,2.53
15.98,35.5,2.07,-40.61,-13.33,-11.8,23.55,-16.22,-3.23,-29.5,12.2,-1.47,23.52
16.99,41.5,13.27,-22.37,5.48,6.54,35.69,-3.64,0.94,-22.25,12.3,-2.09,16.78
18.77,31.17,15.05,-0.16,7.11,11.28,22.41,1.06,-7.0,-21.54,-11.27,-13.49,-3.34
18.53,29.67,14.83,0.13,1.84,6.46,21.6,9.23,0.86,-15.74,-7.87,-5.66,3.64
18.87,31.21,15.81,-8.42,-4.04,2.0,30.97,12.64,4.9,-21.33,-1.06,0.53,17.01
18.58,33.37,14.28,-6.59,5.73,12.09,33.28,9.85,5.75,-14.72,3.5,-2.58,7.06
17.89,26.55,9.16,-5.41,-2.92,-1.63,7.48,-4.32,-5.67,-12.71,-1.82,-0.34,6.63
18.65,27.29,10.52,-6.25,-3.62,-0.65,11.37,-5.27,-12.32,-24.55,-12.86,-14.6,-6.64
19.67,39.34,17.66,-15.88,-7.94,-5.02,20.08,-9.31,-9.41,-26.81,-1.5,-14.69,-3.64
19.54,38.88,18.13,-15.57,-7.7,-1.43,26.01,-0.15,1.02,-16.92,7.35,-9.64,-4.57
18.44,36.72,18.5,-5.89,-0.31,3.71,19.86,-0.9,1.33,-10.62,2.5,-14.01,-12.21
18.62,32.51,16.29,-6.14,-10.23,-9.65,8.79,0.34,-1.86,-17.06,-7.6,-10.84,-2.45
18.13,27.68,11.43,-2.45,-2.31,-1.37,7.79,-1.35,-3.96,-12.54,-6.34,-7.75,-1.1
17.54,29.94,13.05,-4.68,-2.49,-1.16,12.05,-3.46,-9.99,-25.74,-14.58,-13.48,0.44
18.16,26.37,10.2,-1.94,-0.9,-0.63,5.45,-3.35,-3.14,-6.76,-0.04,-2.81,-0.65
18.25,26.23,8.48,-7.67,-9.53,-9.39,-0.02,-8.6,-9.05,-15.26,-5.05,-5.03,1.28
18.52,33.8,18.73,-4.51,-10.57,-14.8,2.73,-6.91,-5.51,-20.16,-7.02,-7.36,7.73
18.01,39.86,18.76,-10.93,-3.39,-0.56,22.36,-1.46,0.35,-19.88,0.94,-8.4,5.51
17.58,31.1,14.69,-2.59,-2.37,-1.8,7.88,-6.2,-8.63,-17.18,-5.59,-7.29,-1.51
17.45,37.71,23.05,-7.21,-8.66,-8.7,15.45,-4.9,-9.61,-28.6,-6.85,-7.16,10.98
17.74,34.12,19.2,-9.08,-6.73,-5.34,22.39,-0.71,-7.2,-36.0,-13.66,-12.77,11.97
17.67,44.13,21.31,-12.9,-3.76,-4.51,20.39,-10.09,-4.15,-21.27,10.01,-3.93,9.34
17.54,43.79,20.74,-19.48,-6.08,-5.93,30.7,-3.73,-0.71,-28.38,8.87,2.29,28.32
18.18,37.64,15.75,-7.96,1.28,3.58,21.83,-2.61,-4.32,-25.53,-6.67,-12.28,7.33
17.17,23.54,8.4,-2.74,-5.89,-5.82,1.25,-3.4,-5.01,-8.54,-1.49,1.47,5.13
17.88,33.39,15.88,-2.85,-1.91,-1.08,13.35,1.66,2.11,-10.46,1.0,-1.55,9.47
18.12,35.2,15.21,-9.9,-4.26,-3.87,12.12,-9.19,-8.09,-18.93,2.69,-3.59,4.28
17.81,43.82,21.33,-8.52,-1.94,-9.34,12.3,-11.9,3.95,-6.85,17.05,0.06,10.18
18.33,59.67,30.74,-34.28,-10.35,-8.59,40.1,-27.81,-11.59,-19.24,33.03,-10.56,8.37
18.29,30.56,13.5,-6.98,-12.5,-14.44,0.26,-6.44,-7.94,-21.24,-12.22,-11.43,-0.52
18.2,47.78,29.28,-18.07,-17.77,-8.03,26.35,-15.53,-12.11,-19.7,23.56,-4.0,1.42
17.55,30.17,11.33,-13.21,-10.71,-5.52,17.21,3.15,2.57,-11.16,6.02,-0.33,4.47
17.98,25.06,4.78,-14.61,-13.93,-14.29,-3.44,-16.5,-16.81,-24.7,-12.1,-11.95,-2.98
17.95,25.62,3.05,-13.38,-9.02,-4.41,6.34,-5.42,-3.02,-6.18,9.41,8.0,13.9
17.88,34.31,7.03,-29.97,-11.2,-6.01,19.19,-16.94,-4.38,-12.77,26.58,9.76,18.22
17.59,34.55,2.68,-39.89,-17.61,-11.81,21.49,-16.89,0.1,-12.33,30.77,6.26,15.24
17.25,27.47,-2.33,-33.99,-10.84,-7.94,13.9,-21.22,-12.3,-25.21,8.32,-3.75,9.61
17.71,27.55,0.73,-24.76,-9.46,1.33,24.86,1.25,4.15,-10.93,11.88,-0.95,8.57
17.55,45.44,9.49,-46.22,-9.36,0.73,36.94,-24.21,-6.41,-33.55,11.39,-21.9,5.94
17.05,36.53,3.97,-30.77,-7.54,-2.05,21.77,-15.59,-1.18,-16.25,18.76,-8.57,6.63
16.68,25.56,1.94,-18.47,-1.61,5.94,21.55,-2.25,0.01,-9.38,7.19,-5.95,-1.54
17.42,38.91,5.86,-36.84,-4.92,2.16,32.84,-17.01,-1.66,-21.09,20.06,-10.06,5.83
17.54,22.77,-5.08,-32.78,-15.62,-9.24,11.95,-16.36,-15.0,-30.67,-6.16,-13.92,1.39
17.77,35.78,-1.13,-45.37,-12.73,-0.5,35.78,-17.61,-8.23,-41.68,-1.03,-28.76,2.86
17.45,43.65,0.92,-57.91,-9.14,-12.95,40.76,-22.59,-6.98,-45.21,3.68,-19.8,19.94
17.43,21.5,-7.64,-31.16,-11.42,-0.67,23.46,-1.69,-0.58,-19.84,0.37,-11.45,1.29
17.37,28.4,0.37,-34.12,-14.38,-5.55,29.16,2.45,7.1,-17.83,7.45,-4.15,14.0
17.17,44.07,10.09,-55.75,-24.64,-7.34,41.98,-24.44,-3.83,-22.17,32.24,-9.34,9.77
16.2,48.1,5.15,-51.12,-2.64,-12.44,26.02,-23.82,8.37,-17.6,15.36,-11.17,13.98
16.4,31.72,3.06,-37.46,-17.54,-3.97,31.99,-4.13,1.55,-18.13,16.02,-5.58,4.67
16.48,50.29,6.42,-58.63,-8.27,-10.35,39.03,-35.88,-7.1,-31.46,23.32,-9.85,18.8
16.37,47.88,3.15,-53.2,-3.92,-7.71,35.23,-33.42,-4.14,-31.47,26.28,-9.01,21.5
15.66,25.61,1.01,-26.92,-15.15,-9.11,11.99,-13.08,-10.57,-21.98,5.68,2.25,15.38
15.67,27.74,-2.9,-31.43,-16.07,-9.27,12.96,-11.76,-0.15,-8.69,22.55,8.18,17.59
15.59,48.92,9.57,-53.16,-4.49,-10.08,29.04,-26.7,-2.03,-23.96,25.41,-2.62,22.9
15.82,32.29,5.3,-32.56,-12.61,-5.78,28.02,-5.73,-1.37,-24.49,11.48,1.28,23.2
15.19,20.01,-5.57,-31.38,-16.6,-8.49,14.61,-9.27,-11.16,-29.58,-5.34,-4.59,16.52
15.36,37.16,5.16,-38.94,-12.31,-9.45,25.51,-18.28,-10.95,-37.34,6.23,-6.62,20.51
15.23,37.19,8.3,-32.81,-14.69,-12.03,19.67,-7.23,6.28,-16.32,11.38,-2.63,16.77
15.53,34.56,2.66,-38.09,-17.78,-12.66,14.98,-27.34,-12.17,-26.55,18.48,-2.9,9.66
16.48,21.92,-5.98,-35.75,-20.03,-9.75,17.18,-7.36,-4.95,-20.88,3.12,-4.06,12.17
16.35,33.75,1.23,-43.82,-22.51,-17.5,25.13,-7.45,2.24,-24.17,8.28,-9.27,13.65
17.55,32.47,4.23,-37.99,-27.61,-20.57,16.18,-9.41,-0.22,-17.51,17.43,3.59,17.3
18.13,16.41,-11.32,-36.03,-30.22,-21.12,3.36,-5.86,-1.71,-13.66,2.2,-3.22,7.16
18.23,20.72,-6.42,-35.69,-27.62,-20.24,9.07,-1.06,6.69,-8.34,7.98,-0.02,11.6
18.08,26.08,-3.73,-42.33,-32.27,-22.57,15.64,-3.01,6.29,-13.45,15.03,1.58,15.43
18.52,22.94,-7.21,-47.74,-36.29,-24.79,14.77,-7.17,1.57,-15.25,18.42,7.37,22.29
18.94,18.77,-11.05,-40.61,-27.29,-15.14,19.88,5.4,11.05,-13.83,4.86,-5.18,16.16
19.3,17.18,-8.32,-37.74,-27.31,-19.26,18.11,8.84,14.29,-13.5,0.62,-4.42,20.41
18.47,33.45,-5.82,-59.8,-30.89,-36.65,21.37,-12.56,7.78,-30.99,3.6,-18.39,15.4
18.36,27.87,-2.21,-43.04,-30.07,-27.16,11.7,-11.33,-2.07,-27.96,0.52,-7.98,16.12
18.36,21.98,-3.36,-33.05,-23.55,-14.93,18.45,0.21,-1.05,-29.94,-7.8,-8.42,17.24
17.52,19.67,-6.71,-30.65,-18.38,-9.51,12.22,-3.7,0.72,-9.28,8.22,1.3,11.15
17.2,42.33,8.27,-40.57,-14.11,-5.96,30.61,-20.01,-5.88,-29.0,18.87,-9.21,14.28
17.17,39.21,8.98,-35.41,-13.82,-8.04,23.41,-18.94,-9.59,-28.49,13.91,-5.55,12.35
17.24,40.47,7.78,-38.73,-22.35,-16.99,26.36,-6.84,8.56,-26.39,7.94,-15.76,16.62
18.17,48.76,17.47,-46.15,-27.29,-24.38,33.35,-7.36,13.64,-25.11,16.29,-21.38,12.29
20.11,16.9,-6.9,-34.31,-27.43,-19.89,17.82,10.25,11.7,-22.41,-11.36,-15.1,13.19
19.71,14.34,-9.89,-28.37,-16.62,-6.7,16.98,7.93,7.69,-10.4,-3.47,-8.68,3.34
19.29,32.12,1.77,-43.18,-21.44,-17.3,36.91,9.84,22.3,-26.45,-1.74,-22.25,17.57
18.22,36.8,11.88,-38.5,-28.15,-22.78,32.92,5.0,10.3,-36.93,-7.91,-26.63,4.68
17.85,21.28,-1.64,-23.85,-20.14,-13.81,11.09,4.58,4.62,-17.47,-11.92,-17.55,-2.02
18.05,29.33,5.51,-28.08,-24.78,-23.7,7.63,-4.95,0.99,-24.21,-9.03,-18.56,0.5
18.03,31.44,9.15,-26.92,-23.01,-17.06,21.52,6.99,9.35,-19.96,-1.35,-13.4,3.91
17.82,55.91,13.53,-58.96,-13.22,-18.76,54.53,-14.65,15.52,-22.04,7.93,-25.31,12.36
17.74,43.05,18.0,-43.01,-24.49,-9.88,40.3,-8.02,0.38,-25.44,16.4,-13.96,10.4
17.16,49.91,10.11,-41.84,-3.26,-30.36,32.69,-14.58,4.76,-32.07,-3.78,-18.53,13.02
17.54,20.14,-3.52,-24.31,-17.17,-11.79,9.06,-5.46,-7.68,-27.9,-12.56,-11.09,8.82
18.16,34.61,6.81,-41.45,-23.94,-20.71,30.23,-1.11,8.67,-35.51,-5.14,-20.85,16.1
17.32,33.95,9.54,-40.79,-31.24,-20.63,29.69,-3.96,-4.27,-35.72,2.48,-10.7,13.68
17.54,27.82,-0.85,-39.17,-20.46,-9.48,31.46,5.01,9.59,-20.34,4.65,-9.8,13.83
17.42,38.8,-0.3,-48.61,-15.16,-21.56,21.35,-28.41,-14.2,-44.02,2.67,-11.59,19.8
17.74,31.16,3.95,-34.43,-22.99,-14.43,16.66,-11.84,-4.68,-17.79,14.22,-2.92,5.87
18.01,21.33,-6.6,-30.99,-23.4,-15.08,4.85,-8.72,-4.97,-16.48,-2.5,-11.52,-1.05
17.28,30.46,0.34,-38.97,-17.85,-10.24,16.89,-24.92,-19.88,-35.95,4.5,-9.79,7.78
17.36,38.26,10.94,-43.12,-28.2,-19.27,15.08,-30.52,-15.92,-24.74,16.14,-11.9,-1.42
17.61,29.8,3.1,-26.17,-15.76,-14.93,3.75,-15.84,-4.32,-11.46,7.51,-7.21,-0.17
17.85,28.71,2.31,-25.92,-17.5,-10.76,12.51,-7.93,-4.74,-19.2,3.05,-8.28,2.19
17.9,30.37,4.63,-27.48,-17.94,-14.21,10.29,-12.03,-6.03,-21.4,-0.1,-12.99,-3.47
17.83,38.38,5.45,-40.37,-20.04,-12.49,21.56,-18.12,-6.29,-26.07,9.49,-21.22,-6.94
18.11,31.22,2.16,-37.43,-26.17,-22.02,9.97,-13.05,-0.49,-16.21,12.74,-1.56,14.21
17.01,27.86,4.44,-19.28,-14.64,-11.93,3.88,-11.27,-8.18,-14.72,5.55,1.07,6.84
16.94,39.73,10.95,-26.29,-11.52,-15.7,8.91,-21.65,-9.0,-25.43,1.86,-13.77,-0.58
17.5,38.17,10.05,-23.5,-13.8,-14.21,12.33,-9.63,5.15,-13.67,9.21,-11.95,1.09
16.51,39.4,12.67,-32.24,-15.41,-3.31,31.36,-11.24,-5.57,-21.56,18.4,-3.34,14.6
16.77,34.54,7.95,-28.58,-18.68,-13.44,13.82,-15.95,-11.45,-28.41,4.12,-6.47,11.25
18.43,34.2,9.84,-24.4,-19.73,-20.87,1.99,-18.32,-7.55,-17.39,8.93,-0.92,11.21
17.98,28.26,7.12,-18.1,-17.05,-14.04,5.78,-7.7,-4.77,-15.17,2.8,-2.36,6.59
18.06,48.57,15.89,-39.93,-18.11,-18.32,26.57,-19.2,-2.35,-30.08,7.43,-23.58,-2.7
17.6,42.91,12.38,-24.65,-6.69,-20.43,11.98,-14.79,2.21,-18.04,6.13,-9.86,4.58
17.01,36.87,18.08,-14.44,-14.29,-10.14,19.66,1.91,1.27,-18.07,5.26,-2.25,9.84
16.97,30.2,4.34,-28.99,-25.42,-22.29,2.67,-17.97,-12.79,-25.63,2.62,-5.24,6.81
17.29,30.43,4.24,-28.23,-20.89,-20.16,3.19,-18.39,-12.41,-25.52,-1.66,-10.27,2.48
17.13,29.22,7.13,-19.46,-16.96,-14.13,6.77,-9.63,-8.84,-22.06,-1.17,-4.27,8.78
17.51,49.02,17.07,-39.0,-18.99,-23.76,19.38,-28.27,-11.98,-32.58,11.08,-10.09,10.52
17.4,25.65,4.41,-18.46,-20.74,-23.31,-12.07,-25.64,-21.52,-25.18,-3.64,-2.07,8.63
17.02,28.3,6.83,-16.65,-14.08,-12.86,3.98,-8.67,-5.2,-16.18,-5.2,-12.84,-3.4
16.94,26.9,9.61,-10.6,-9.56,-7.99,5.98,-9.08,-8.16,-12.05,10.42,10.76,15.66
16.86,30.3,9.38,-10.66,-2.25,-2.32,9.36,-9.28,-8.14,-19.14,-6.79,-12.26,0.58
16.94,39.94,11.92,-29.34,-19.2,-17.45,15.26,-11.3,2.42,-19.17,12.38,-10.85,5.49
16.89,36.3,14.61,-19.17,-13.96,-11.26,15.27,-6.13,-0.85,-17.85,7.51,-2.19,12.22
16.78,56.07,23.18,-37.78,-4.47,-8.97,31.16,-18.7,-1.11,-28.26,18.42,-18.11,7.96
16.89,30.86,9.89,-17.53,-12.65,-7.63,16.48,-2.35,-2.99,-20.08,0.84,-1.24,14.33
17.15,37.91,15.93,-23.09,-18.57,-16.06,15.92,-8.6,-3.02,-24.26,5.31,-2.56,21.36
16.9,32.1,10.09,-21.8,-14.1,-11.69,16.12,-9.18,-12.84,-39.13,-13.19,-12.79,14.19
17.05,43.56,11.63,-27.08,-9.25,-6.8,19.44,-21.43,-7.39,-28.13,11.68,-11.55,9.41
16.83,50.98,18.57,-33.06,-3.73,-8.85,28.09,-18.92,-3.28,-27.82,13.41,-7.07,22.81
16.59,50.16,25.82,-35.15,-12.41,-3.29,30.34,-24.59,-11.45,-17.55,22.33,-8.27,8.56
16.66,22.68,6.07,-6.98,-10.66,-11.23,-2.93,-6.71,-7.93,-15.25,-12.58,-11.69,-3.29
17.96,33.35,12.38,-14.4,-14.34,-15.35,3.85,-11.2,-7.43,-22.1,-3.22,-6.57,11.1
18.2,32.83,14.04,-15.5,-18.67,-20.75,4.46,-6.82,-3.97,-24.62,-7.65,-8.54,11.85
17.8,39.88,15.29,-29.21,-21.84,-19.22,14.89,-14.67,-8.07,-32.83,-3.85,-20.43,1.98
17.53,35.48,15.28,-15.48,-15.65,-16.38,3.86,-16.89,-16.72,-31.11,-4.55,-7.53,4.79
18.37,27.84,5.89,-15.19,-14.88,-14.46,-1.71,-12.78,-7.65,-13.61,0.6,-6.56,-1.72
17.75,22.1,2.11,-17.01,-16.14,-12.33,6.52,2.2,3.97,-7.5,-0.51,-4.66,2.23
17.45,58.73,28.81,-46.91,-12.35,-14.82,25.94,-29.48,0.26,-19.97,16.7,-17.95,12.99
17.84,51.58,15.1,-38.87,-12.62,-28.88,18.73,-28.45,-8.8,-40.38,-4.78,-28.4,-3.7
17.87,30.78,9.12,-16.77,-15.73,-15.32,4.16,-8.55,-3.44,-16.67,-1.16,-9.47,0.69
18.39,44.28,16.63,-24.45,-11.03,-20.86,12.3,-14.75,0.05,-26.82,1.38,-11.82,11.45
18.16,34.51,11.42,-18.15,-13.76,-13.14,9.47,-10.52,-5.8,-23.25,1.84,-1.93,19.1
18.29,31.7,12.64,-15.75,-17.78,-19.21,2.9,-11.8,-12.37,-29.52,-10.05,-9.15,8.01
18.13,46.55,20.1,-21.9,-10.68,-25.86,10.5,-12.82,3.58,-22.33,6.58,-9.4,16.48
18.01,33.1,13.98,-14.44,-14.02,-13.36,8.9,-8.76,-10.45,-27.85,-5.04,-3.72,15.29
18.31,40.25,14.27,-23.95,-13.98,-21.28,9.67,-15.87,-4.51,-28.49,-2.06,-9.37,16.15
18.16,37.2,8.55,-31.33,-17.93,-23.83,3.13,-30.18,-19.73,-39.27,-4.16,-12.06,7.71
18.25,51.11,16.29,-39.85,-13.36,-25.03,24.95,-23.95,-1.89,-34.83,12.62,-7.13,22.09
18.01,49.51,22.29,-37.31,-24.91,-24.6,22.44,-28.02,-16.72,-43.36,6.65,-19.15,11.31
17.38,50.78,15.71,-40.03,-7.93,-20.57,22.31,-25.28,-10.34,-42.85,-4.91,-22.07,10.76
17.34,41.58,15.18,-34.96,-22.64,-13.14,26.36,-12.49,-3.9,-27.62,11.97,-8.11,15.73
17.8,29.9,8.67,-13.18,-12.94,-12.3,1.51,-11.25,-10.58,-22.94,-10.94,-14.93,-1.63
17.97,43.14,17.32,-22.56,-12.48,-16.38,9.58,-20.78,-9.73,-28.13,1.86,-11.93,5.83
17.39,25.36,7.14,-7.7,-6.01,-3.32,6.42,-6.66,-11.17,-18.81,-3.91,1.14,11.09
17.64,36.54,14.43,-22.34,-19.15,-14.02,15.41,-8.69,-6.34,-24.46,2.46,-8.97,3.63
17.16,52.55,15.19,-37.93,-10.6,-13.73,25.92,-25.68,-2.29,-34.02,7.85,-21.88,12.79
17.1,49.15,23.8,-29.81,-17.16,-7.96,26.3,-21.64,-8.83,-23.73,19.46,-7.83,13.05
17.07,49.41,14.92,-36.02,-13.85,-22.37,20.92,-22.06,-2.85,-33.99,2.89,-22.85,3.76
17.63,27.13,8.06,-15.24,-15.75,-12.4,8.72,-3.92,-9.19,-28.55,-15.47,-14.75,-1.2
17.91,33.15,10.9,-20.05,-16.12,-13.84,14.33,-5.34,-7.08,-33.73,-11.11,-11.93,12.68
17.78,48.36,8.08,-42.54,-5.57,-28.5,30.12,-20.82,2.32,-34.76,6.38,-4.87,25.8
17.53,32.12,6.28,-20.53,-13.0,-10.18,9.13,-11.23,-6.56,-20.68,3.18,-3.34,10.75
17.17,39.63,14.49,-24.24,-11.83,-10.58,21.13,-7.07,-1.59,-27.43,1.36,-9.87,13.49
16.63,41.21,7.68,-39.0,-20.83,-29.36,12.54,-18.69,-0.69,-37.34,-10.57,-30.35,2.01
16.56,28.71,6.34,-19.67,-12.21,-9.59,10.3,-10.08,-11.5,-28.59,-9.01,-8.74,10.16
16.97,45.05,11.99,-31.99,-6.58,-14.17,24.26,-15.05,-3.71,-36.13,-2.62,-17.81,15.38
16.82,25.4,4.16,-16.35,-9.12,-2.44,15.3,-0.97,-4.19,-19.56,-8.5,-12.88,-0.91
17.29,25.91,1.76,-32.8,-30.94,-26.08,3.9,-15.37,-18.33,-40.05,-15.51,-17.39,0.53
17.32,25.36,2.14,-23.66,-17.52,-12.92,9.26,-5.99,-5.08,-22.6,-7.68,-11.13,4.7
17.12,36.93,9.58,-34.62,-17.33,-8.74,24.18,-17.33,-14.46,-39.97,-2.26,-18.13,7.32
16.5,21.94,1.28,-15.73,-5.67,1.27,15.58,-3.85,-10.2,-23.55,-8.19,-6.36,7.0
16.13,47.32,19.17,-30.8,-12.96,-8.56,30.82,-16.17,-8.92,-31.36,15.72,-5.02,11.59
17.44,28.23,4.57,-23.12,-14.96,-11.77,9.31,-12.66,-13.43,-32.3,-14.11,-18.57,-0.6
17.13,35.5,4.44,-28.06,-10.46,-5.73,17.51,-17.95,-9.39,-28.85,5.98,-10.03,11.87
17.73,54.29,9.91,-49.69,-10.29,-42.13,20.5,-36.55,-11.71,-36.68,-5.98,-28.57,0.23
17.24,46.8,13.43,-38.76,-12.18,-15.8,28.09,-19.71,-9.03,-37.57,10.08,-12.04,12.82
16.71,26.95,3.91,-24.56,-19.15,-12.79,10.21,-11.11,-14.26,-29.57,-7.21,-9.8,3.88
17.11,50.01,16.49,-36.56,-7.21,-14.31,31.6,-15.32,-4.13,-37.04,-2.17,-24.69,3.1
17.17,30.05,10.31,-12.4,-7.02,-3.59,12.45,-8.28,-12.16,-24.94,-6.34,-9.07,1.14
17.42,28.15,7.68,-16.82,-19.21,-19.93,-4.88,-18.2,-17.8,-28.31,-12.81,-17.8,-10.7
16.76,40.39,16.16,-26.46,-17.07,-9.65,19.86,-16.78,-11.92,-25.63,10.37,-10.98,0.64
16.73,44.7,14.63,-26.89,-7.23,-15.67,18.33,-14.51,-2.25,-29.37,-2.22,-25.18,-8.46
16.58,35.33,8.15,-27.03,-11.89,-8.87,15.35,-14.32,-4.69,-20.91,4.74,-15.26,-3.93
17.1,43.07,10.64,-30.32,-10.07,-10.34,20.61,-13.65,-0.79,-25.22,4.4,-18.96,3.51
17.81,51.16,19.02,-35.66,-10.19,-8.99,27.9,-29.23,-16.03,-43.6,2.95,-21.19,9.55
17.5,45.85,16.08,-35.55,-12.94,-14.03,21.7,-21.52,-9.78,-35.58,3.15,-17.73,7.91
17.0,34.87,15.04,-17.25,-9.57,0.21,27.6,-2.0,-7.54,-28.64,-1.43,-8.46,5.63
17.4,33.52,10.1,-17.87,4.93,7.17,27.35,-10.04,-9.49,-29.69,1.34,-6.5,9.47
18.02,37.43,12.69,-21.38,-0.01,1.83,20.83,-27.02,-26.11,-44.29,-4.37,-13.08,8.76
17.92,27.54,10.2,-8.98,-6.36,-2.13,13.36,-4.26,-14.52,-30.57,-12.92,-4.6,11.04
18.26,47.98,20.14,-33.77,-9.47,-7.03,33.68,-19.19,-16.64,-51.8,-6.58,-24.17,12.22
18.22,40.7,12.57,-24.44,-2.47,-8.21,19.17,-23.47,-18.24,-41.8,-2.3,-9.99,12.09
18.01,36.91,12.8,-20.34,-1.83,-4.1,25.79,-6.41,-8.37,-46.37,-24.16,-28.73,5.16
18.06,32.02,6.48,-25.5,-13.92,-9.61,12.71,-20.32,-22.2,-41.27,-9.72,-16.56,-2.04
18.11,38.51,11.25,-26.15,-5.87,-4.21,25.71,-11.59,-7.54,-34.56,-3.85,-15.73,6.45
17.82,41.76,15.58,-30.11,-12.98,-10.56,29.38,-9.76,-3.56,-41.89,-5.3,-19.12,14.03
17.33,28.73,6.38,-16.23,-3.95,1.16,18.94,-5.28,-7.46,-21.57,-0.98,-5.42,4.8
17.35,29.85,6.61,-18.87,-7.93,-2.44,17.1,-7.78,-6.33,-20.81,4.02,-2.82,9.24
17.01,26.5,2.6,-20.58,-7.35,-1.5,14.68,-9.33,-7.89,-18.76,0.57,-9.86,-3.47
17.19,32.63,3.88,-29.64,-3.26,4.28,26.53,-22.68,-19.27,-38.1,4.01,-11.36,10.04
17.18,29.26,1.61,-32.66,-10.54,-0.19,29.06,-6.59,-3.23,-23.95,7.22,-7.47,9.35
17.14,34.84,2.03,-35.04,-9.23,-7.01,21.69,-16.89,-4.53,-26.78,4.97,-17.24,-2.65
16.48,27.7,-0.41,-29.78,-5.73,3.77,27.27,-6.74,-4.13,-21.95,3.62,-11.0,4.95
16.53,41.58,7.5,-40.26,-10.64,-3.31,29.61,-22.06,-9.23,-36.89,8.17,-13.53,17.69
16.67,35.1,9.36,-33.71,-10.47,6.81,43.0,-8.17,-8.96,-36.14,4.83,-18.1,0.73
16.97,25.06,0.26,-28.28,-17.54,-8.0,19.55,-5.72,-9.89,-31.33,-5.65,-11.78,3.2
16.64,29.41,2.33,-29.48,-13.63,-6.91,18.73,-10.56,-7.64,-24.11,4.13,-5.69,9.01
16.85,21.68,-1.55,-24.96,-20.95,-14.11,8.98,-1.4,-2.1,-19.77,-9.16,-14.7,-3.58
17.44,44.74,6.0,-48.52,-15.56,-22.91,27.77,-16.49,1.58,-34.38,1.37,-26.03,-1.51
17.35,35.53,10.12,-30.05,-18.77,-13.12,23.23,-8.56,-7.67,-40.63,-11.09,-20.67,6.39
17.17,51.19,19.57,-44.0,-19.55,-11.53,38.69,-18.07,-0.06,-32.32,13.3,-24.78,5.18
17.43,40.47,7.15,-35.08,-12.1,-7.31,27.31,-13.8,-1.97,-30.83,5.59,-15.62,13.28
17.67,29.37,8.23,-24.02,-17.34,-8.7,23.52,-0.46,-8.79,-39.54,-18.98,-23.76,-2.34
17.93,55.78,12.61,-41.88,-7.56,-8.25,37.58,-24.03,-0.92,-41.88,9.1,-26.01,14.19
17.91,43.28,13.12,-29.03,-9.64,-13.79,20.09,-13.16,-1.45,-29.61,-1.75,-19.24,4.94
17.51,26.41,3.97,-25.72,-18.65,-10.72,21.89,2.23,-2.51,-31.83,-11.02,-14.03,6.57
17.4,43.65,6.83,-45.84,-13.51,-14.93,26.08,-28.5,-14.69,-46.36,-2.89,-30.15,-2.26
17.46,31.57,7.13,-29.68,-17.45,-7.18,25.89,-8.19,-13.02,-37.87,-6.28,-16.02,1.03
17.7,25.79,0.42,-28.28,-16.6,-8.19,21.03,3.9,6.28,-15.33,-1.52,-14.36,-1.96
17.61,35.26,3.68,-40.64,-19.42,-12.46,29.97,-1.3,10.77,-20.34,10.34,-10.73,14.04
17.79,36.87,5.88,-42.89,-23.87,-12.88,29.36,-6.57,5.15,-17.1,21.68,-3.16,13.19
17.49,36.43,3.02,-38.4,-15.09,-6.3,24.86,-17.45,-6.2,-23.9,18.57,-5.06,11.36
17.81,36.46,-1.7,-44.96,-4.67,-3.72,29.5,-21.02,-2.5,-23.34,18.02,-9.43,5.15
17.52,39.01,9.63,-46.02,-20.27,-4.75,32.71,-23.23,-13.65,-23.9,22.25,-12.31,-0.88
17.44,29.08,1.57,-30.39,-13.51,-8.25,11.61,-22.79,-17.32,-27.77,3.9,-8.78,0.92
17.14,33.62,2.47,-35.04,-16.94,-11.52,16.85,-14.98,-5.68,-26.35,2.67,-14.74,5.14
17.29,53.28,7.16,-62.44,-11.46,-15.42,39.54,-28.93,0.34,-26.75,21.7,-17.89,14.3
17.06,30.24,2.14,-31.0,-19.0,-11.4,16.55,-9.75,-3.8,-21.97,4.66,-10.4,4.36
16.87,25.28,-1.51,-30.91,-15.4,-5.2,20.55,-3.78,-0.12,-14.18,9.05,-2.02,8.67
17.09,33.15,-2.26,-49.43,-21.8,-15.32,31.31,-5.86,5.2,-25.2,11.5,-15.16,0.66
17.06,33.47,0.93,-46.37,-22.38,-10.61,30.84,-8.8,2.42,-25.31,10.15,-14.46,6.35
16.71,24.22,-11.44,-48.07,-23.72,-20.63,9.04,-25.71,-17.37,-41.38,-14.68,-31.33,-14.49
16.44,19.99,-7.11,-31.43,-17.84,-9.21,13.77,-1.5,4.63,-6.61,7.24,-5.41,0.18
16.1,21.34,-3.64,-29.49,-19.0,-10.25,10.5,-14.97,-18.44,-32.54,-5.55,-5.49,11.41
16.22,41.96,4.91,-53.35,-29.68,-29.34,18.32,-19.87,5.0,-20.56,16.95,-12.41,15.38
16.47,27.37,4.95,-24.52,-23.54,-19.79,11.55,3.97,9.41,-12.67,-0.78,-10.84,5.02
16.75,24.64,-0.79,-33.07,-28.15,-23.53,8.18,-1.67,6.01,-15.01,-1.48,-13.43,0.82
15.62,28.03,1.03,-29.62,-23.43,-18.23,10.47,-3.27,5.16,-16.08,-0.75,-12.99,4.41
15.35,29.87,3.26,-33.37,-23.66,-18.95,11.8,-8.35,-0.37,-21.32,2.26,-10.73,9.5
15.43,23.76,-1.53,-26.08,-21.83,-16.06,6.77,-3.98,-2.6,-21.66,-9.51,-14.11,3.87
15.59,34.14,4.49,-36.98,-22.01,-16.71,17.66,-9.73,1.81,-19.3,7.17,-14.94,-1.13
15.55,27.79,2.92,-22.1,-16.06,-12.61,3.35,-14.13,-9.44,-15.62,4.2,-4.74,2.01
15.73,25.97,3.1,-25.53,-14.12,-5.98,18.43,-9.32,-12.68,-31.31,-3.7,-5.83,11.67
15.72,25.25,-4.52,-40.43,-24.13,-12.29,19.46,-7.82,-0.02,-15.74,16.99,1.48,14.98
15.8,26.95,-5.45,-52.82,-39.61,-29.26,11.63,-14.38,0.67,-14.21,20.88,-2.91,7.72
15.72,27.34,-0.2,-29.12,-18.52,-9.68,18.53,-0.56,4.58,-16.3,2.5,-11.62,4.13
15.62,27.98,-0.15,-36.04,-19.7,-8.2,26.12,-0.56,3.96,-17.83,6.9,-8.72,3.51
15.43,42.91,6.95,-44.5,-18.04,-7.93,27.02,-23.34,-4.06,-24.54,23.17,-8.78,10.23
15.35,31.91,3.44,-34.89,-18.28,-12.14,17.31,-13.3,-5.92,-23.69,6.1,-8.12,7.14
15.96,38.88,9.85,-32.09,-7.63,-4.81,25.78,-15.94,-10.4,-29.43,8.89,-6.38,12.1
16.67,34.16,14.63,-15.62,-13.44,-7.46,17.93,-5.89,-10.97,-26.28,1.25,-5.39,2.22
16.37,49.08,14.98,-46.68,-20.41,-9.9,30.79,-31.35,-14.53,-32.41,20.63,-17.67,8.27
15.96,23.14,0.27,-26.94,-25.32,-21.0,-1.15,-16.84,-15.52,-23.16,1.87,-2.03,1.5
16.53,30.66,-0.87,-32.22,-12.38,-8.03,12.92,-26.15,-21.35,-41.61,-5.46,-15.96,10.06
16.61,27.68,-2.87,-38.66,-15.68,-9.6,15.57,-23.43,-19.27,-38.94,-4.43,-14.71,8.46
16.39,28.86,-1.98,-38.82,-12.65,-4.07,25.9,-17.91,-14.63,-38.35,2.21,-10.36,13.24
16.38,33.19,1.48,-33.0,-7.67,-6.62,22.43,-13.13,-6.31,-28.7,1.93,-11.78,5.61
16.17,39.68,4.33,-40.83,-2.46,-5.4,32.74,-24.29,-12.51,-35.59,17.07,-4.83,17.0
16.27,40.04,4.55,-46.18,-3.99,4.32,39.0,-26.3,-8.39,-32.15,19.19,-7.85,18.37
16.12,42.17,0.72,-41.97,-6.92,-1.46,31.4,-23.4,-5.64,-37.57,8.94,-20.69,12.4
15.88,27.6,5.07,-18.3,-5.47,0.6,18.51,-6.8,-10.03,-25.48,-6.33,-8.66,9.18
15.59,29.3,-2.91,-37.92,-20.2,-12.93,18.2,-13.16,-6.14,-30.63,-1.61,-16.26,7.74
16.96,34.31,-2.0,-47.99,-14.74,-13.28,40.71,5.93,17.68,-23.71,4.97,-16.72,11.82
16.95,40.01,0.36,-50.18,-8.46,-9.88,41.63,-7.17,9.52,-33.89,3.32,-24.08,12.15
16.76,22.57,-4.31,-33.82,-19.93,-10.54,20.67,1.73,4.4,-18.45,-0.49,-8.11,11.23
16.72,41.04,2.36,-59.73,-17.37,-13.57,36.43,-27.35,-6.75,-38.58,15.45,-8.82,26.86
17.18,25.81,-5.38,-45.82,-14.31,-0.93,34.1,-14.95,-11.89,-37.06,10.14,-1.64,24.21
16.46,29.95,-3.78,-42.53,-15.3,-5.74,29.05,-11.55,-3.35,-30.21,8.8,-7.1,18.18
16.31,21.73,-8.43,-40.62,-19.09,-10.15,18.54,-13.05,-11.12,-33.84,-7.1,-12.93,10.53
16.41,28.36,-3.73,-39.24,-16.5,-5.79,31.22,-0.92,4.18,-26.21,2.63,-12.28,15.66
15.9,34.93,4.05,-44.31,-16.51,-2.92,44.85,4.43,12.62,-19.96,16.31,-4.98,22.39
16.11,28.91,-1.89,-41.63,-16.69,-3.17,34.08,-5.45,0.11,-23.51,18.07,5.13,26.25
15.59,30.64,1.69,-37.36,-18.61,-14.89,17.88,-14.3,-6.07,-25.77,12.63,5.57,26.72
15.51,36.42,5.88,-37.97,-20.09,-10.18,27.31,-8.2,0.53,-27.5,10.77,-9.41,15.37
15.42,34.95,4.84,-34.86,-11.97,-8.15,24.39,-8.36,-0.18,-20.8,10.15,-6.38,11.48
15.51,20.24,-5.89,-28.17,-17.2,-7.66,12.81,-6.87,-7.23,-19.6,3.47,-1.21,8.63
17.07,19.59,-7.42,-38.03,-10.31,2.34,31.86,-11.27,-16.65,-42.81,-3.27,-2.3,26.73
16.54,24.16,-5.48,-34.01,-12.58,-3.05,25.32,-4.8,-0.3,-22.41,10.36,1.67,22.04
