19.15,16.02,-18.0,-47.02,-11.2,-3.83,24.44,-22.01,-19.26,-35.42,3.82,-4.46,11.32
18.31,16.77,-20.23,-52.6,-26.0,-16.5,5.15,-37.29,-27.53,-39.5,1.55,-12.89,9.51
17.97,36.93,-5.97,-51.19,-0.89,-10.09,26.23,-37.78,-16.77,-36.58,17.24,-2.13,20.98
19.04,13.88,-14.13,-29.35,-2.96,5.39,14.59,-21.8,-19.38,-25.72,6.48,0.0,13.49
20.64,7.11,-22.77,-43.68,-9.07,-0.21,12.8,-31.24,-22.18,-22.07,22.12,13.63,24.23
21.07,17.2,-16.84,-46.25,-3.18,4.85,21.63,-40.25,-24.73,-32.37,25.07,1.2,18.92
20.49,34.12,-15.48,-74.82,-4.22,-8.33,37.25,-65.81,-31.41,-44.88,36.16,4.04,25.79
19.46,33.19,-13.23,-68.03,-7.85,3.72,38.91,-47.22,-22.82,-42.56,25.12,-14.93,16.86
20.23,18.55,-16.26,-52.42,-3.04,9.82,36.28,-29.03,-16.59,-33.47,18.71,-7.03,13.99
20.29,6.92,-24.36,-47.51,-12.85,2.79,20.76,-33.48,-38.54,-53.23,-4.74,-9.29,12.37
19.49,39.19,-12.34,-74.26,-6.47,-10.49,39.91,-55.63,-22.13,-44.38,24.22,-4.83,20.02
19.33,10.28,-18.27,-32.28,-9.3,2.81,13.77,-16.37,-18.45,-25.6,1.68,0.59,15.47
19.91,31.37,-19.15,-60.75,10.66,-10.42,41.88,-40.05,-10.4,-32.46,17.8,2.44,19.53
19.91,22.08,-13.44,-45.78,2.26,11.48,30.76,-40.3,-26.91,-37.67,27.37,2.57,26.57
19.21,18.65,-13.66,-42.51,-7.69,0.65,21.68,-25.29,-23.36,-40.43,0.73,-4.11,19.29
19.39,28.69,-10.02,-48.31,-0.79,-3.3,29.31,-29.32,-14.22,-35.03,17.24,0.93,22.18
19.22,23.21,-14.57,-51.47,-10.14,-6.83,23.93,-25.68,-12.76,-30.06,18.65,3.7,19.58
19.32,22.1,-20.58,-61.0,-9.28,-11.1,22.67,-37.5,-18.45,-37.78,19.19,5.45,28.25
20.18,20.26,-11.91,-49.87,-10.59,0.31,23.25,-43.44,-38.42,-47.58,20.41,11.17,33.7
19.67,23.36,-10.67,-41.18,-3.44,3.99,23.15,-37.23,-28.22,-38.9,21.23,10.01,34.47
19.84,37.25,-10.95,-78.0,-9.58,-3.02,35.91,-73.74,-35.43,-46.97,30.76,1.71,32.62
20.02,20.74,-18.72,-56.12,-5.74,0.45,29.92,-37.81,-21.73,-37.18,25.39,4.81,30.42
19.72,8.68,-19.05,-35.65,1.79,10.96,20.13,-28.25,-25.76,-30.18,10.08,2.75,14.95
19.3,13.48,-18.5,-43.85,-10.58,-1.32,9.99,-46.55,-44.43,-51.11,2.02,-5.86,13.41
19.4,28.74,-13.89,-49.54,1.41,-10.22,29.03,-26.16,-8.65,-28.96,15.79,3.82,21.1
19.78,17.39,-15.42,-43.91,-5.8,6.07,26.04,-32.87,-28.01,-40.46,17.84,8.91,35.18
19.73,22.5,-13.83,-59.21,-11.77,4.55,34.07,-40.8,-28.96,-41.97,20.9,-7.86,16.4
18.63,31.08,-10.29,-49.49,6.66,4.1,35.99,-32.38,-15.31,-36.16,21.2,0.77,27.16
19.73,25.25,-13.01,-49.26,9.12,10.22,37.25,-35.42,-19.86,-37.9,21.06,1.09,25.04
19.97,9.37,-22.47,-41.64,-5.52,3.8,15.32,-34.89,-26.89,-31.51,18.71,8.6,26.23
19.69,12.8,-17.16,-39.84,-4.21,6.6,22.48,-23.63,-19.83,-27.43,13.51,5.96,20.57
20.21,13.29,-17.17,-39.34,-2.62,11.7,28.5,-26.49,-28.41,-41.33,9.78,5.65,29.77
19.0,30.41,-1.0,-43.11,-4.91,6.53,35.37,-28.95,-23.92,-43.65,15.49,2.1,30.9
19.3,10.2,-21.16,-43.12,-16.0,-5.59,9.0,-32.97,-32.26,-41.19,3.52,5.95,32.41
20.29,20.43,-14.62,-45.07,2.56,8.37,32.25,-24.68,-14.61,-31.87,14.45,-1.62,17.85
20.39,15.35,-16.29,-50.52,-4.2,9.45,29.64,-43.86,-30.55,-34.59,32.83,8.64,24.35
19.22,14.45,-14.15,-37.0,-5.05,2.54,15.28,-31.16,-26.66,-30.45,13.83,9.27,23.85
19.74,15.66,-18.24,-44.86,-13.52,-4.39,10.45,-39.85,-30.64,-34.5,19.18,9.69,28.52
19.69,39.37,-10.93,-58.0,9.34,-16.18,51.09,-37.15,-12.57,-32.2,20.43,7.36,16.73
19.67,36.48,-13.1,-71.63,-3.05,-1.38,37.78,-56.49,-21.59,-44.39,28.83,-2.51,28.05
19.46,16.12,-19.42,-55.78,-17.16,-8.48,13.23,-44.8,-34.92,-43.38,13.03,-0.28,19.11
19.03,14.7,-17.47,-43.14,-15.21,-5.27,19.0,-15.46,-9.66,-24.47,11.75,6.54,24.69
19.97,32.15,-13.6,-57.12,4.39,-8.81,41.07,-32.38,-12.64,-40.0,15.78,2.87,29.31
19.88,18.29,-12.45,-35.27,1.97,12.14,29.03,-25.36,-24.94,-40.24,8.64,2.05,26.67
18.97,37.03,-10.73,-49.15,19.41,-7.15,47.21,-35.09,-11.9,-36.15,11.56,9.34,26.48
19.7,19.19,-14.23,-42.27,1.64,10.54,30.26,-31.58,-25.62,-39.13,18.97,8.72,31.03
20.03,39.5,-12.77,-58.19,17.46,-14.95,51.51,-52.42,-18.83,-34.1,19.2,9.32,14.47
20.03,23.38,-12.95,-46.36,-1.95,1.71,26.22,-34.39,-21.15,-34.25,22.34,5.19,26.15
19.96,4.2,-24.92,-40.31,-7.65,3.19,13.69,-25.29,-25.63,-33.32,-3.7,-7.56,8.27
20.57,6.71,-23.7,-39.35,-6.34,4.11,14.31,-28.6,-22.85,-27.65,11.71,0.53,14.3
20.31,16.92,-15.54,-46.46,-0.36,6.14,23.63,-41.81,-30.25,-37.21,22.6,5.32,23.85
19.9,38.92,-2.61,-66.62,-8.11,8.13,49.03,-50.9,-29.6,-41.33,37.99,-6.74,22.79
18.57,17.74,-10.81,-34.01,-5.53,2.6,19.27,-17.93,-12.97,-21.39,12.36,4.04,16.29
19.41,15.09,-15.26,-38.78,-11.46,0.07,18.41,-22.16,-19.5,-30.42,10.19,4.56,24.65
19.41,33.53,-7.06,-50.26,7.53,5.2,37.78,-36.98,-22.55,-48.35,12.78,-3.78,25.88
18.76,20.85,-7.87,-32.39,-2.51,7.83,23.11,-28.56,-30.92,-44.42,2.33,-1.07,22.79
19.6,22.82,-7.31,-41.96,-6.44,3.7,25.13,-33.15,-26.08,-34.72,21.87,6.67,20.8
19.77,13.25,-18.34,-43.92,-8.85,-0.39,15.97,-34.11,-26.29,-33.56,16.43,7.22,22.43
19.6,10.83,-18.08,-39.95,-3.65,10.4,30.0,-14.88,-13.86,-25.2,13.33,1.63,13.73
20.02,14.16,-22.05,-56.63,-11.38,4.82,30.42,-34.83,-27.28,-42.23,14.82,-9.7,9.72
19.27,32.66,-18.95,-68.62,7.1,-12.03,36.52,-60.04,-29.29,-49.88,16.57,-2.59,17.11
19.12,24.83,-13.44,-50.41,-3.57,5.41,32.21,-32.78,-22.15,-47.13,8.0,-11.28,20.25
19.51,23.66,-11.47,-50.45,-5.53,6.86,38.53,-23.99,-18.24,-39.69,12.59,-8.69,13.51
19.97,24.87,-13.81,-51.63,5.24,12.52,42.63,-30.67,-20.82,-44.21,16.16,-3.68,25.2
18.22,13.44,-15.64,-40.2,-9.0,3.06,22.34,-21.18,-21.71,-35.51,1.41,-6.0,12.0
19.38,18.39,-17.99,-48.54,-8.75,5.08,30.25,-24.96,-19.66,-42.14,5.12,-9.89,21.01
18.93,18.01,-16.14,-49.44,-6.6,5.83,31.95,-24.76,-19.12,-37.29,9.96,-4.88,17.89
20.4,10.98,-18.68,-32.78,4.34,16.79,28.08,-19.18,-18.82,-30.28,7.93,-1.77,14.91
20.1,7.58,-20.36,-36.07,-1.55,8.69,20.98,-19.87,-19.76,-28.67,4.48,-0.53,12.96
18.78,24.33,-18.67,-60.37,-2.75,-3.46,30.64,-39.1,-19.85,-39.48,17.26,-6.87,18.9
19.28,11.56,-18.11,-44.41,-3.91,10.76,30.75,-27.93,-27.65,-38.94,10.86,-2.72,9.81
19.84,27.36,-11.95,-64.21,-5.27,6.13,38.24,-52.89,-34.6,-47.41,27.21,-4.92,21.99
19.63,9.55,-21.24,-43.63,-7.26,2.32,19.52,-23.46,-14.83,-20.5,20.44,11.74,25.93
19.57,15.84,-20.6,-50.58,-12.42,-3.91,16.75,-37.3,-27.31,-43.52,8.58,-4.18,23.97
18.64,29.03,-3.4,-45.01,0.15,10.73,40.13,-32.79,-29.97,-50.65,14.74,-0.99,20.91
18.94,12.7,-18.14,-33.83,-8.84,-0.76,5.27,-31.43,-28.0,-30.35,5.47,2.65,19.7
19.23,25.34,-8.88,-50.9,-8.35,3.98,33.6,-34.04,-26.57,-41.9,20.08,3.41,28.74
20.13,18.33,-12.19,-47.62,-10.72,4.93,31.12,-31.24,-29.95,-44.2,15.05,4.03,27.9
20.07,21.9,-15.54,-59.88,-15.8,-5.39,24.48,-42.62,-28.9,-43.33,18.13,-1.43,24.09
20.41,13.71,-19.41,-41.53,0.65,11.97,28.18,-28.05,-20.72,-32.59,15.7,-1.17,19.1
20.26,7.23,-21.77,-41.69,-2.8,7.53,20.74,-31.68,-31.4,-39.92,6.71,4.36,23.05
18.99,9.11,-22.4,-37.27,-8.96,-3.06,0.99,-38.24,-28.36,-24.15,18.13,11.23,22.68
19.64,10.21,-22.7,-50.95,-10.31,-0.84,16.98,-39.86,-33.07,-40.27,14.46,8.0,29.19
19.19,18.57,-13.53,-41.98,-2.04,9.46,31.12,-26.59,-23.76,-40.14,12.48,3.3,28.86
19.06,45.64,-6.04,-67.92,7.94,-2.64,56.72,-57.32,-17.57,-40.82,25.95,8.65,28.46
19.52,19.15,-15.17,-45.5,-2.17,9.87,30.23,-32.06,-20.8,-29.31,31.65,11.69,29.23
19.58,12.58,-16.55,-35.63,-0.57,11.88,30.36,-8.72,-7.92,-20.32,9.82,0.33,11.22
20.11,9.73,-21.89,-44.87,-5.7,10.19,29.34,-25.81,-24.72,-37.71,12.68,2.11,22.3
20.36,20.81,-15.18,-56.2,-3.35,13.89,48.19,-23.95,-14.66,-34.85,25.79,2.42,27.48
19.6,25.03,-15.91,-63.79,-13.73,4.21,42.75,-25.49,-7.19,-31.31,26.96,-3.67,24.44
19.23,19.51,-9.44,-32.42,4.65,6.92,22.74,-24.46,-14.76,-22.72,18.25,3.25,11.79
20.07,21.92,-14.88,-47.94,-4.55,2.89,34.95,-17.04,-6.93,-28.53,16.05,-1.29,19.33
19.77,7.84,-22.98,-45.03,-2.78,11.56,28.9,-25.01,-25.29,-37.4,7.34,0.82,20.57
19.62,23.19,-17.38,-54.23,-5.41,9.83,37.59,-30.52,-17.1,-35.58,24.9,-2.22,26.1
19.02,19.44,-8.07,-36.1,-5.84,5.22,26.82,-22.98,-25.38,-37.97,10.51,7.01,23.21
19.93,34.04,-10.33,-60.08,1.72,4.75,39.31,-42.67,-14.63,-36.2,29.87,-4.69,21.49
19.81,11.17,-20.62,-43.03,-4.21,2.25,15.89,-31.61,-23.34,-31.32,7.4,-4.2,11.53
20.35,7.11,-22.62,-38.04,-3.38,10.12,22.3,-22.17,-19.19,-25.31,15.03,3.75,16.6
20.36,17.41,-14.98,-41.69,4.95,10.63,30.96,-25.4,-12.08,-20.37,28.93,10.24,21.21
19.57,17.23,-12.89,-38.61,-3.62,8.06,25.52,-31.0,-31.15,-42.78,12.46,6.48,25.32
19.07,21.9,-12.22,-41.19,1.1,6.64,35.17,-12.47,-6.66,-26.35,16.28,5.44,21.74
19.78,10.35,-21.67,-40.27,-10.38,1.06,13.32,-27.78,-23.76,-31.11,7.78,-0.02,17.77
19.69,19.73,-14.76,-54.71,-10.89,4.38,31.44,-36.97,-29.04,-42.75,13.86,-10.77,8.68
18.89,13.12,-17.13,-34.98,-6.9,5.78,19.07,-21.13,-23.36,-35.66,-0.53,-4.08,16.36
19.22,33.6,-8.46,-68.56,-6.92,12.3,56.24,-36.93,-17.73,-37.04,36.64,-6.59,21.62
19.2,18.14,-15.3,-53.1,-10.01,8.18,37.87,-26.94,-22.2,-39.36,16.09,-7.56,9.85
19.83,16.23,-17.9,-47.75,-7.07,2.59,24.45,-29.11,-26.6,-47.06,-8.62,-21.28,2.59
20.48,21.13,-10.49,-39.25,-2.58,9.25,28.7,-28.86,-23.76,-36.47,16.4,2.05,24.24
19.73,8.98,-16.9,-31.27,-3.15,8.01,19.43,-16.43,-20.57,-29.58,-0.95,-1.73,11.05
19.73,29.18,-9.05,-54.43,-16.47,-10.9,19.57,-40.85,-26.64,-42.83,16.38,-3.51,23.1
19.91,16.61,-11.5,-36.31,-6.61,1.22,18.31,-26.03,-24.59,-35.82,5.56,3.65,23.64
19.69,12.89,-18.32,-42.64,-11.89,-0.0,19.36,-27.19,-26.25,-40.26,6.64,3.3,27.36
18.73,11.93,-19.1,-45.12,-12.16,-0.06,22.05,-20.29,-17.89,-32.14,4.68,-3.56,14.1
18.73,21.19,-18.04,-53.95,-12.04,-1.08,26.93,-30.77,-19.29,-42.52,11.87,-7.36,25.37
18.93,24.26,-17.32,-69.48,-19.93,-6.5,30.36,-45.23,-28.06,-44.73,20.45,-5.51,26.45
19.24,14.53,-18.28,-45.5,-18.96,-7.12,13.17,-27.83,-23.37,-33.82,9.34,2.3,21.29
19.64,22.34,-17.09,-61.11,-8.96,1.18,31.46,-36.97,-15.44,-29.23,31.44,3.6,28.06
19.6,16.47,-16.48,-39.78,-4.1,7.55,24.09,-26.71,-20.53,-31.36,15.67,1.24,20.39
18.29,23.7,-5.64,-36.21,-1.14,6.01,23.48,-31.16,-24.64,-33.17,18.53,5.06,18.6
19.45,31.47,-7.77,-48.09,3.55,0.08,32.57,-34.01,-16.73,-34.56,20.05,1.17,24.8
20.0,17.1,-12.4,-37.81,-5.86,2.44,26.11,-12.63,-8.07,-22.03,17.57,13.66,30.32
19.78,12.78,-15.59,-33.26,-4.36,7.63,22.26,-19.3,-21.12,-34.05,2.34,-3.84,13.41
20.6,17.66,-17.56,-57.2,-19.72,-14.48,20.15,-30.81,-20.72,-43.28,14.38,12.89,48.09
19.48,17.99,-11.44,-39.16,-9.2,3.46,29.08,-16.89,-17.11,-37.24,8.28,2.95,26.66
19.73,26.2,-11.88,-50.86,-4.23,-1.0,34.7,-21.71,-10.66,-36.48,12.78,-0.88,25.91
19.98,24.27,-11.42,-45.01,-6.08,3.28,28.57,-26.91,-16.73,-34.27,18.26,1.57,27.05
20.46,4.63,-27.84,-52.36,-14.16,-4.66,12.19,-39.24,-37.41,-49.66,-3.36,-6.53,14.29
19.77,6.79,-22.39,-33.83,-1.24,11.07,17.94,-24.29,-23.01,-25.72,12.97,5.59,15.73
19.8,-0.51,-32.62,-52.81,-21.74,-7.12,10.16,-25.61,-22.03,-23.61,18.05,20.67,37.76
19.41,22.26,-16.14,-49.8,-3.0,0.16,31.97,-19.33,-6.52,-27.07,18.38,4.19,25.08
19.62,23.85,-13.49,-54.58,-6.5,-0.22,26.86,-44.18,-32.06,-46.53,18.53,6.49,34.75
18.95,21.46,-10.98,-36.05,-1.39,3.82,16.93,-37.97,-27.71,-34.27,21.07,8.91,31.25
19.24,21.76,-8.71,-38.85,-4.59,4.55,28.7,-18.76,-16.03,-36.24,4.9,-1.68,20.84
19.85,11.06,-18.6,-37.32,-8.28,4.63,20.91,-18.6,-18.79,-29.78,8.77,4.73,21.49
19.14,27.17,-8.56,-53.19,-8.12,3.53,36.63,-35.02,-28.4,-48.16,14.17,-6.9,17.22
18.63,26.98,-10.42,-48.58,1.74,6.37,42.77,-14.34,-3.79,-31.23,14.64,0.11,26.81
19.4,16.72,-11.63,-37.67,-9.49,1.51,23.24,-16.78,-17.62,-33.18,5.46,5.31,28.31
20.17,19.03,-15.43,-50.2,-11.17,2.05,26.63,-33.97,-27.03,-42.45,14.45,-1.64,22.82
20.58,2.83,-26.62,-42.12,-7.39,4.83,17.38,-21.02,-16.94,-20.0,13.91,6.02,13.4
20.35,22.97,-14.52,-50.17,4.81,9.03,41.05,-25.98,-11.17,-27.64,31.13,8.97,24.85
20.92,20.28,-19.14,-63.9,-7.5,1.87,27.95,-53.81,-33.43,-43.04,29.06,1.38,25.02
21.01,5.63,-27.86,-46.42,-15.38,-4.53,7.5,-33.47,-25.69,-28.8,15.14,8.13,25.11
19.91,14.93,-15.22,-39.53,-0.78,9.58,25.56,-27.34,-25.74,-37.36,7.84,4.01,27.07
19.94,18.8,-12.98,-36.31,0.95,9.08,28.25,-20.38,-14.74,-27.25,18.23,7.48,22.84
19.89,12.75,-17.09,-39.43,0.85,14.23,34.85,-12.49,-10.18,-24.89,13.38,2.71,18.35
19.6,17.39,-18.36,-47.59,-9.02,5.41,28.43,-26.55,-23.28,-45.62,1.81,-10.45,22.02
19.04,17.34,-17.42,-54.53,-21.15,-9.28,17.34,-31.99,-23.41,-33.12,17.89,5.96,25.45
20.16,24.85,-12.81,-48.53,8.18,10.32,41.92,-24.89,-10.91,-31.24,20.86,-0.74,18.1
20.38,9.23,-19.62,-39.36,-1.52,10.73,27.01,-19.7,-18.58,-29.09,10.67,4.19,20.32
19.42,25.9,-9.62,-58.86,-14.57,4.12,39.94,-38.19,-29.5,-45.79,26.3,1.77,28.43
19.8,4.02,-27.49,-53.5,-22.24,-7.03,16.61,-25.0,-24.62,-36.02,5.86,1.55,17.94
20.07,25.26,-10.14,-51.93,-6.84,7.94,37.16,-32.37,-22.2,-39.87,21.9,0.59,31.88
19.57,20.4,-11.75,-46.05,-10.65,-2.78,18.22,-36.44,-26.41,-34.26,20.16,7.56,24.84
20.33,7.83,-20.49,-36.54,-5.48,7.38,19.16,-26.07,-29.73,-38.94,3.05,2.36,21.14
19.71,21.52,-12.13,-50.56,-16.4,-8.12,18.76,-34.89,-26.01,-38.48,15.9,3.37,25.16
19.71,17.17,-12.93,-39.78,-12.31,-5.44,11.18,-34.36,-29.54,-37.73,9.95,4.09,21.28
19.49,21.56,-12.66,-51.57,-10.55,-2.82,19.17,-47.29,-38.26,-51.75,7.2,-6.5,18.29
19.36,17.9,-9.49,-30.26,-5.96,2.65,17.1,-23.03,-25.27,-37.05,1.44,2.23,23.78
19.4,29.37,-14.14,-48.34,9.79,-6.68,32.78,-32.84,-13.99,-34.72,12.37,4.12,24.47
19.93,8.42,-22.5,-41.72,-4.55,5.53,18.28,-31.16,-21.67,-25.43,22.67,7.84,21.5
19.71,27.82,-6.94,-47.56,-3.86,-1.45,19.67,-47.45,-28.22,-34.28,30.06,8.15,27.09
18.82,22.44,-13.71,-51.42,-15.0,-13.23,12.36,-37.01,-20.99,-32.13,17.16,4.28,23.02
19.96,16.65,-16.85,-50.81,-9.67,-1.28,19.0,-41.72,-30.85,-37.48,21.9,8.91,28.12
20.48,11.37,-17.61,-40.02,-2.6,8.77,22.61,-36.02,-34.59,-39.87,18.52,14.19,31.41
20.69,12.75,-14.69,-33.63,1.96,12.3,27.27,-17.33,-15.2,-24.46,11.95,2.15,13.03
19.71,7.43,-22.93,-38.43,-10.34,1.51,15.04,-19.18,-17.22,-24.89,11.01,10.62,28.83
19.52,21.3,-17.94,-58.23,-12.13,-8.72,16.99,-46.05,-29.38,-41.01,19.37,5.2,30.91
19.66,37.81,-10.18,-61.65,5.08,-0.02,37.82,-48.83,-17.16,-41.6,28.5,-5.2,27.77
19.7,12.63,-14.39,-31.51,-1.61,5.79,14.52,-25.84,-22.79,-23.83,14.27,11.9,22.53
19.52,31.43,-5.32,-41.22,0.37,-2.99,28.39,-21.73,-10.41,-33.26,9.43,-3.28,21.32
19.97,24.02,-7.49,-42.44,-5.39,4.62,31.26,-23.1,-18.41,-36.78,12.91,2.27,26.89
20.56,23.32,-18.23,-64.33,-20.0,-8.33,23.73,-46.13,-27.81,-41.82,26.85,-1.8,21.81
20.39,30.54,-11.83,-58.5,2.78,4.36,47.98,-34.09,-15.49,-36.08,26.81,-2.25,20.76
19.38,27.94,-9.83,-55.87,-14.82,-1.82,29.73,-37.35,-25.98,-42.0,18.89,-8.67,14.89
19.92,29.93,-15.58,-64.06,1.08,2.77,44.88,-34.34,-12.18,-39.69,20.36,-5.57,22.36
19.63,22.17,-10.43,-39.84,4.19,13.19,41.58,-18.04,-18.92,-44.03,6.1,-2.86,21.24
18.7,12.75,-16.93,-42.9,-19.75,-10.89,6.46,-30.86,-28.79,-33.35,8.14,7.02,20.78
19.66,14.32,-18.22,-41.31,-4.69,6.56,21.49,-33.49,-29.81,-40.49,11.83,3.7,25.79
19.91,12.5,-21.02,-53.62,-15.12,-0.54,23.58,-32.16,-28.73,-40.86,10.79,0.32,21.49
19.58,19.82,-15.04,-46.2,-6.44,4.85,28.61,-25.93,-16.97,-34.53,14.55,-0.9,23.73
19.67,14.21,-17.31,-44.55,-10.0,1.21,23.93,-18.07,-9.43,-17.77,22.84,7.02,16.38
19.7,11.71,-18.44,-34.14,-3.57,6.76,16.11,-26.33,-23.96,-28.71,11.08,5.98,22.97
19.46,15.68,-13.95,-49.34,-15.24,1.69,28.56,-31.41,-29.49,-35.52,28.35,17.56,33.02
20.2,14.27,-21.35,-49.78,-10.63,-0.24,16.82,-41.76,-31.87,-40.82,18.54,8.22,35.43
20.17,13.17,-14.41,-37.36,1.24,9.09,23.17,-32.35,-27.36,-32.58,20.75,14.34,28.28
20.16,13.42,-17.39,-37.77,-3.47,5.01,19.51,-27.92,-25.38,-37.22,9.02,6.04,26.57
19.96,8.03,-19.43,-37.86,-6.51,5.3,19.59,-20.77,-19.54,-25.67,9.9,1.5,10.57
20.1,6.41,-25.31,-45.63,-11.5,0.89,14.06,-35.87,-33.14,-37.78,12.44,6.3,22.22
20.06,27.46,-14.68,-55.5,-3.08,-7.18,29.9,-31.67,-14.53,-35.07,19.08,1.05,21.92
20.36,11.86,-22.11,-44.27,-8.61,1.87,17.62,-29.29,-17.38,-24.67,21.91,5.18,21.24
19.0,32.33,-12.87,-50.73,10.7,-6.25,40.05,-27.18,-3.4,-26.44,18.72,-1.28,11.98
20.38,3.46,-27.74,-43.48,-16.07,0.88,18.87,-11.67,-13.67,-25.66,3.21,0.73,18.13
20.89,7.53,-19.92,-38.54,-7.13,6.94,26.7,-10.93,-13.79,-27.1,6.93,4.75,19.83
20.18,15.43,-15.6,-40.92,-9.04,3.74,26.64,-17.21,-15.49,-30.61,12.98,6.0,24.84
20.08,9.84,-17.24,-36.23,-0.62,12.39,29.36,-17.43,-21.77,-34.98,6.66,6.79,25.41
19.86,24.87,-17.59,-64.93,-11.62,-1.22,29.78,-44.79,-24.24,-38.61,32.19,4.39,34.4
20.2,29.89,-14.37,-51.47,11.34,-2.34,39.05,-32.9,-12.5,-32.82,19.32,4.12,25.1
19.69,34.21,-6.16,-58.14,2.52,7.5,42.5,-43.66,-21.49,-39.45,30.26,1.08,27.01
19.92,15.14,-14.94,-42.55,-5.22,5.06,20.97,-35.16,-29.29,-32.87,21.44,12.3,27.72
18.8,20.81,-10.05,-34.96,-8.2,-1.66,17.47,-21.18,-16.37,-26.99,12.62,6.57,23.36
20.05,23.58,-17.11,-65.73,-17.08,-8.74,23.54,-45.21,-22.5,-35.08,31.61,8.07,34.45
19.98,20.44,-13.84,-48.26,-12.15,-0.6,24.86,-29.73,-20.99,-35.4,19.19,4.1,26.53
19.6,26.93,-11.18,-46.74,-4.01,-6.97,25.49,-25.7,-11.82,-28.38,18.46,6.38,24.31
19.67,30.02,-14.43,-60.28,-14.75,-3.96,29.77,-39.65,-19.63,-40.42,30.93,1.99,33.81
19.77,13.11,-21.11,-49.5,-12.78,-4.33,17.4,-26.56,-17.48,-28.56,13.3,5.1,24.56
20.61,7.18,-24.68,-46.04,-11.18,0.63,14.91,-35.04,-30.56,-34.9,18.03,13.69,31.68
20.51,2.98,-24.81,-38.93,-6.14,6.19,17.32,-21.28,-20.89,-25.34,8.18,5.54,18.63
19.08,19.52,-12.9,-35.53,0.14,8.46,25.35,-24.08,-19.98,-35.44,12.02,5.08,29.07
19.79,18.11,-18.87,-61.43,-12.49,0.99,27.82,-46.16,-33.08,-42.7,26.07,3.17,27.79
19.2,15.77,-22.59,-58.0,-19.38,-7.46,15.62,-45.69,-35.81,-48.33,10.32,-8.24,14.32
18.99,21.3,-14.8,-48.9,-5.75,-0.4,24.16,-29.31,-16.94,-33.67,12.02,-2.24,20.91
20.01,16.33,-15.87,-38.87,0.05,9.91,26.91,-24.76,-17.08,-27.99,18.46,2.65,19.62
19.66,10.9,-21.42,-47.87,-8.89,0.61,19.95,-29.41,-22.17,-32.62,13.21,4.5,22.48
18.66,20.66,-13.29,-48.18,-17.72,-7.2,19.12,-28.6,-20.69,-34.82,11.95,-1.82,17.79
19.47,22.58,-12.37,-41.33,6.63,10.37,34.27,-22.15,-12.53,-30.19,11.92,-5.46,11.77
19.78,22.2,-12.08,-48.06,1.24,10.78,38.13,-28.26,-16.19,-32.99,22.88,0.29,17.06
20.43,8.85,-20.47,-39.69,-0.24,7.49,17.13,-34.66,-29.45,-33.43,11.97,5.73,22.08
20.54,16.87,-21.89,-55.84,-8.05,2.17,22.03,-48.72,-34.82,-46.81,19.9,-0.53,29.27
19.75,13.66,-13.83,-36.38,-1.64,10.68,30.11,-16.25,-16.57,-29.65,11.69,4.71,19.62
20.11,11.58,-23.42,-55.22,-18.82,-5.46,17.2,-37.7,-27.86,-35.23,23.22,10.32,28.77
19.91,16.6,-16.37,-48.23,-10.74,-0.62,25.53,-23.89,-13.86,-22.78,26.87,12.07,22.35
19.89,11.84,-22.68,-49.59,-10.29,1.51,19.72,-37.26,-28.46,-37.75,19.01,6.53,30.06
19.27,15.06,-18.29,-47.91,-8.37,-0.61,21.36,-27.83,-16.49,-27.41,19.51,8.13,25.41
19.25,8.38,-21.05,-39.11,-10.86,3.31,18.9,-19.12,-17.64,-24.3,12.41,3.47,13.46
19.94,37.69,-5.34,-74.97,-11.01,15.01,56.14,-54.99,-24.23,-42.27,30.01,-15.28,14.02
20.08,12.05,-19.66,-44.61,-15.49,-1.78,20.32,-20.8,-20.37,-37.64,0.2,-8.17,12.53
19.58,13.68,-15.55,-37.51,-2.5,8.09,25.2,-17.83,-14.28,-25.85,8.05,-4.81,8.77
19.81,16.65,-16.59,-43.86,-7.72,7.69,35.32,-8.99,-5.53,-24.89,12.29,-3.83,13.48
19.75,24.7,-11.0,-52.18,-7.88,4.61,35.6,-26.74,-17.29,-38.61,15.57,-1.26,28.41
19.73,12.29,-19.3,-39.74,-13.37,-3.11,11.1,-27.8,-25.39,-34.55,6.07,4.41,25.95
19.63,11.98,-20.55,-52.2,-17.52,-5.97,19.55,-30.49,-30.08,-49.78,-3.04,-5.04,25.19
19.82,23.05,-9.66,-43.07,-4.12,3.76,33.64,-20.69,-12.96,-39.82,11.59,1.34,31.98
19.15,22.64,-9.78,-40.69,-0.23,1.59,21.75,-34.22,-24.47,-35.06,18.49,6.72,24.7
19.54,27.32,-14.93,-61.82,-10.66,-1.95,30.58,-45.86,-24.83,-37.58,32.5,0.84,25.18
19.97,21.65,-13.99,-45.56,3.57,7.4,35.0,-22.0,-12.03,-31.28,18.43,3.7,23.3
19.66,13.32,-17.66,-45.58,-12.91,0.28,24.41,-23.23,-17.28,-26.02,25.45,12.02,23.99
19.96,26.35,-13.44,-55.03,3.97,7.96,37.61,-37.58,-18.21,-36.54,22.47,-5.87,17.66
18.94,18.67,-18.27,-47.59,-8.89,1.99,25.76,-24.86,-15.52,-33.33,14.94,-0.12,24.65
19.19,14.84,-14.86,-41.07,-8.14,2.99,25.23,-16.66,-9.99,-18.81,21.4,5.41,11.65
19.79,14.82,-22.55,-57.32,-20.6,-8.27,15.13,-40.88,-31.79,-46.19,5.24,-13.58,8.89
19.0,7.18,-21.95,-41.1,-14.62,-7.73,1.9,-35.23,-31.7,-33.26,2.46,-0.42,9.83
18.37,11.21,-20.38,-40.73,-10.28,5.23,24.83,-12.91,-12.77,-29.54,1.23,-10.5,8.01
18.45,38.65,-12.09,-60.7,-0.43,-21.46,38.86,-32.74,-5.19,-29.09,17.55,2.94,20.74
18.48,12.14,-25.59,-59.69,-32.83,-19.18,7.94,-32.61,-21.98,-32.09,15.6,4.23,25.91
18.17,20.67,-15.76,-54.96,-12.33,0.42,34.39,-22.7,-16.85,-40.58,5.2,-15.94,5.08
19.42,13.64,-18.85,-39.94,-3.81,7.94,25.02,-22.54,-18.83,-33.89,7.03,-4.82,16.48
19.07,8.44,-19.92,-36.84,-6.95,4.09,17.96,-17.57,-18.99,-29.89,-1.43,-2.69,14.19
19.65,18.33,-17.45,-50.13,-9.62,4.38,27.6,-34.61,-28.31,-44.04,13.05,-1.31,27.54
20.04,32.34,-16.63,-63.27,8.24,-4.88,40.43,-44.55,-12.47,-33.85,23.88,-3.8,15.42
19.77,14.86,-17.87,-42.4,-6.29,3.26,21.82,-24.89,-14.53,-24.99,18.83,2.01,18.16
19.3,9.15,-22.61,-47.4,-18.71,-10.14,5.63,-34.19,-29.52,-35.71,2.32,-2.24,13.4
19.18,24.94,-11.74,-43.03,5.46,4.43,34.99,-18.92,-6.48,-27.27,14.76,-4.33,11.88
19.42,23.43,-11.32,-48.01,-8.42,-3.45,22.28,-32.46,-21.93,-37.06,17.34,4.18,22.47
19.58,9.97,-17.5,-29.84,-5.53,3.95,9.84,-25.66,-25.96,-27.27,9.08,9.86,22.73
18.62,22.35,-3.62,-36.08,-13.11,-3.07,16.47,-34.18,-33.3,-36.52,20.06,16.46,30.02
19.56,29.77,-5.29,-48.14,-4.72,2.85,31.74,-41.3,-29.95,-44.34,28.2,6.96,28.11
19.75,6.79,-20.46,-36.37,-4.02,5.1,13.4,-29.95,-28.67,-30.96,7.68,3.84,14.33
18.25,26.25,-3.4,-29.72,-2.65,0.52,14.83,-28.87,-22.01,-31.12,10.73,2.32,20.41
18.8,21.35,-11.34,-46.6,-8.93,-1.86,20.39,-37.24,-28.54,-39.99,16.21,5.11,25.89
18.98,17.43,-13.15,-37.29,-5.56,4.52,19.27,-31.75,-27.41,-34.44,14.44,2.04,17.92
19.14,5.97,-22.55,-38.1,-12.51,-3.36,6.97,-21.88,-17.95,-22.05,-1.25,-12.2,-5.4
19.35,13.1,-19.23,-42.33,-14.42,-3.88,10.16,-31.94,-25.53,-29.77,13.3,3.81,19.87
18.87,25.76,-7.78,-45.06,-14.11,-8.18,18.26,-26.03,-11.45,-21.23,21.89,-0.01,12.38
19.9,21.46,-10.63,-39.0,-0.41,10.65,33.11,-19.59,-9.96,-24.89,18.31,-5.68,12.18
19.96,11.44,-14.3,-30.1,0.42,5.45,11.61,-30.3,-24.9,-25.17,12.19,5.94,15.59
19.64,27.86,-10.49,-51.91,-7.13,-7.16,23.28,-36.89,-19.0,-33.13,26.95,7.85,27.46
18.55,22.95,-15.09,-49.0,-6.2,-3.43,27.77,-17.87,-5.4,-24.99,14.81,-2.57,15.18
18.44,22.34,-14.61,-46.72,-9.15,1.43,25.44,-27.62,-19.1,-39.64,6.5,-12.17,13.95
18.5,46.51,-5.71,-70.46,-2.54,-17.49,43.18,-56.05,-22.67,-44.24,16.04,-8.44,19.59
18.04,40.5,-7.11,-60.47,-0.16,-5.01,38.22,-35.65,-6.0,-38.35,16.41,-12.51,15.24
17.47,40.3,6.74,-55.2,-21.54,1.5,37.53,-42.16,-27.82,-37.85,25.85,-11.16,19.35
19.31,26.71,-16.92,-60.6,-6.14,2.11,33.51,-40.87,-16.99,-36.29,26.17,-8.72,19.98
18.11,33.1,9.64,-35.46,-10.78,14.5,46.97,-21.64,-21.92,-24.92,32.61,-2.39,6.26
18.36,30.2,1.46,-27.49,1.89,14.6,38.39,-5.48,-2.18,-21.88,9.54,-16.39,-5.26
18.1,28.84,2.87,-28.87,1.37,12.11,36.14,-11.35,-1.82,-10.09,32.32,8.49,14.42
18.18,39.92,10.82,-25.96,9.31,21.0,47.12,-11.1,-2.25,-24.8,18.17,-15.41,4.53
17.54,53.07,21.81,-28.81,4.01,8.67,29.97,-20.71,5.05,-15.63,22.38,-8.7,6.73
17.56,27.51,6.9,-12.75,8.78,18.22,32.59,-7.57,-16.03,-33.74,-7.62,-19.1,-9.92
17.32,23.27,0.96,-17.29,14.01,19.46,28.03,-18.66,-14.46,-18.4,19.98,7.27,15.12
17.27,30.53,5.87,-15.75,14.28,24.03,37.65,-9.19,-6.61,-20.59,13.67,-8.01,3.29
16.26,41.0,15.84,-33.97,0.76,26.08,47.49,-24.38,-11.12,-17.04,33.63,-8.42,11.65
15.91,23.81,2.01,-12.5,13.38,19.12,23.3,-20.78,-19.53,-23.46,12.12,-0.48,5.73
15.72,38.93,9.09,-29.62,10.57,16.02,36.35,-24.4,-13.65,-27.34,18.41,-12.71,1.95
15.57,42.59,16.55,-24.27,3.42,12.16,35.88,-17.34,-14.96,-33.42,7.07,-13.99,3.38
15.62,47.07,18.99,-32.1,4.03,15.51,42.92,-23.96,-14.45,-28.04,22.87,-14.97,-3.79
14.79,33.05,7.45,-25.37,3.39,9.53,28.84,-15.95,-11.37,-28.87,3.97,-9.71,3.71
15.11,46.34,11.04,-40.95,14.94,19.31,52.98,-22.47,-5.73,-27.37,15.43,-19.17,6.56
14.55,36.7,5.46,-26.32,17.65,12.22,35.18,-16.95,-2.51,-17.45,25.57,5.35,15.57
15.14,36.12,5.23,-35.51,8.56,19.82,47.34,-10.83,2.41,-18.78,25.02,-2.76,16.15
14.53,36.76,7.12,-27.26,10.19,13.36,39.35,-5.43,2.54,-23.82,7.2,-10.32,4.25
14.23,29.34,6.53,-20.1,4.62,13.54,29.85,-17.58,-18.5,-32.13,6.3,-8.04,3.16
14.49,34.04,8.14,-19.46,11.83,18.31,34.7,-12.22,-7.76,-20.16,19.57,5.27,22.09
13.94,37.75,11.66,-29.14,7.7,24.11,46.6,-17.01,-8.46,-21.34,25.34,0.89,22.73
13.81,41.67,17.55,-23.75,12.26,21.54,37.19,-19.48,-11.45,-28.31,10.61,-9.14,8.28
15.2,27.14,10.61,-0.89,15.09,21.15,28.04,0.23,-5.56,-9.17,14.39,13.01,17.98
15.16,45.33,20.75,-20.14,11.93,16.47,43.28,-6.93,0.09,-12.39,22.03,9.24,21.78
14.33,24.17,10.75,6.49,17.23,19.51,18.09,-4.14,-11.71,-13.94,1.54,3.76,8.02
14.92,25.92,11.75,4.35,11.05,15.04,18.13,-0.61,-6.34,-9.72,4.57,4.09,4.38
14.23,29.27,12.15,-5.43,23.63,33.29,42.55,0.26,-4.51,-13.67,16.16,4.08,10.86
14.44,33.72,13.84,-12.2,16.76,32.02,50.93,4.78,2.24,-10.36,17.86,-1.38,4.26
14.61,31.57,17.68,-0.67,4.94,13.74,28.07,4.45,-5.61,-14.47,8.91,5.06,8.38
14.75,32.95,14.38,-7.27,15.61,27.91,43.45,7.5,4.11,-8.03,18.61,3.64,8.72
14.08,30.36,18.46,2.86,6.35,14.75,27.07,10.89,-3.93,-18.59,-2.19,0.23,8.72
12.8,36.54,15.43,-18.37,4.81,22.43,39.75,-6.67,-3.52,-19.68,10.88,-0.8,7.02
12.46,22.3,7.51,-2.3,3.86,7.92,10.01,-9.8,-17.2,-17.23,-2.1,3.47,5.64
13.73,34.27,19.75,-3.24,10.61,19.36,33.83,3.96,-3.14,-7.77,11.98,13.84,14.86
12.73,22.49,5.21,-4.55,13.86,20.62,23.92,-7.69,-12.57,-20.4,7.81,5.56,11.86
12.58,28.63,14.46,-4.55,9.82,19.33,33.62,5.11,-5.95,-14.01,8.7,12.24,16.84
12.82,28.79,14.81,-3.5,9.65,17.45,27.54,7.74,-2.34,-7.47,10.2,13.6,15.12
12.4,22.94,12.62,4.69,9.88,15.32,22.81,5.07,-8.46,-20.76,-4.32,4.13,11.64
12.03,23.8,7.46,-5.08,11.09,20.81,28.88,6.69,-1.89,-10.3,5.2,1.96,9.28
11.11,26.03,14.34,-10.16,-0.56,16.62,29.02,13.54,5.39,-5.03,5.72,5.49,9.27
12.03,30.07,22.65,-3.78,5.5,22.62,35.61,12.02,-5.42,-17.52,5.0,8.66,13.19
11.56,27.59,15.93,-21.3,-1.93,30.22,53.3,12.58,-1.03,-5.78,22.33,11.95,14.79
11.08,22.77,7.68,-3.19,4.02,13.27,24.36,5.99,-2.96,-9.31,0.34,3.98,11.98
11.75,25.04,9.69,-5.45,3.75,22.4,35.41,20.94,11.34,-1.82,6.25,6.53,18.43
10.58,19.64,7.6,-13.95,-4.32,20.83,33.86,11.54,-4.67,-15.14,2.17,-1.08,1.35
9.58,20.9,10.4,-16.52,-8.57,26.36,45.99,12.78,-1.02,-7.4,14.29,1.6,-3.92
9.67,21.24,7.81,-20.96,-11.46,18.56,45.3,13.33,1.7,-7.01,8.79,4.83,15.89
9.77,19.33,0.49,-10.46,-3.79,9.82,18.09,3.75,-5.44,-16.86,-6.38,-3.88,1.41
10.58,24.44,8.01,-13.29,-8.59,5.46,32.3,16.91,9.46,-7.91,-2.09,-2.17,10.05
9.75,20.14,3.39,-9.09,-6.03,9.48,20.48,8.23,7.08,-2.29,3.03,6.15,9.77
9.57,22.77,9.21,-14.76,-20.88,3.0,27.49,8.73,-1.76,-11.66,8.26,4.43,14.86
8.67,13.84,0.37,-23.13,-29.17,-3.87,20.17,3.85,-10.5,-20.7,-6.26,-0.88,12.34
7.76,7.73,1.46,-9.72,-16.98,18.24,37.26,30.88,4.58,-8.54,-2.65,6.52,15.13
7.35,9.69,4.97,-8.96,-22.11,12.64,32.58,24.79,-0.75,-5.95,-1.63,7.58,9.02
7.0,6.08,-5.82,-19.11,-22.88,6.11,17.63,9.63,-7.08,-7.54,7.13,6.18,12.05
6.97,3.87,-3.87,-23.3,-23.51,9.37,19.49,8.89,-8.73,-8.36,-6.8,6.59,6.38
5.25,-7.58,-15.93,-39.3,-39.72,-14.11,-10.9,-5.17,-17.39,-8.28,2.05,13.15,7.68
5.56,-0.52,8.66,-12.35,-22.53,11.15,12.87,5.48,-14.78,3.66,-6.18,14.27,9.64
6.84,0.9,-3.72,-27.71,-31.43,2.91,22.79,5.02,-19.81,-12.25,-8.64,12.54,8.75
6.79,-2.38,-7.02,-28.05,-29.86,6.28,17.07,2.98,-19.37,-11.23,2.76,20.84,21.8
7.19,2.75,1.64,-24.44,-32.32,-0.8,21.13,11.34,-19.01,-17.46,-4.51,12.37,11.49
7.94,12.4,5.53,-25.41,-33.65,-0.46,16.45,-10.99,-28.98,-13.4,7.18,4.5,6.59
14.4,23.09,-10.18,-27.6,8.6,-1.43,16.21,-12.91,1.28,-11.38,7.22,-3.69,8.96
17.98,31.49,-15.51,-85.6,-34.52,-12.59,45.57,-34.37,-13.05,-46.83,14.31,-26.35,9.98
17.1,24.38,-13.18,-57.36,-21.55,-9.54,33.82,-9.19,1.83,-26.51,15.87,-2.24,21.28
17.53,23.73,-7.31,-43.08,-16.19,-3.9,33.32,-3.83,-3.39,-34.36,0.68,-12.83,9.95
17.03,42.46,-3.38,-60.8,-6.47,-16.77,38.46,-24.84,-0.23,-38.17,12.98,-13.03,19.38
16.59,30.63,-3.82,-52.21,-28.78,-15.55,24.67,-21.18,-14.59,-40.98,3.02,-16.77,9.83
16.84,24.59,-4.6,-36.12,-8.67,1.13,30.54,-7.0,-6.2,-30.44,-1.22,-12.3,6.97
16.44,28.82,-2.89,-38.22,-16.4,-8.06,23.91,-9.38,-3.09,-28.47,1.23,-15.87,5.24
16.17,23.99,-8.12,-47.65,-28.09,-18.46,13.35,-18.71,-11.54,-28.07,5.52,-8.84,6.79
16.25,12.96,-15.72,-34.52,-22.12,-11.05,5.15,-12.97,-15.61,-28.42,-12.69,-15.22,-0.27
16.19,22.97,-7.68,-39.99,-10.75,0.01,26.22,-12.5,-5.66,-24.08,9.19,-7.45,8.5
16.52,29.03,-8.25,-48.99,-7.46,-6.87,29.32,-19.47,-5.9,-34.1,6.99,-8.24,15.77
16.78,23.09,-9.45,-48.43,-14.95,-0.34,35.68,-10.14,-4.39,-29.95,9.63,-9.74,10.05
15.6,13.77,-16.63,-44.64,-28.78,-15.07,15.53,-5.75,-3.19,-22.38,5.04,-1.97,13.03
15.66,30.31,-8.18,-60.1,-26.29,-16.66,28.88,-14.75,-1.4,-32.16,11.82,-13.44,15.57
14.44,15.46,-12.97,-34.35,-21.73,-10.51,11.11,-6.6,-5.7,-18.6,3.15,2.34,17.33
15.07,22.0,-5.54,-43.41,-26.73,-16.24,25.8,0.01,2.41,-25.6,7.58,1.45,27.67
14.89,16.06,-14.68,-43.11,-24.61,-11.66,16.8,-9.48,-8.77,-26.81,1.22,-7.55,8.08
12.88,31.86,2.33,-52.62,-30.11,-6.51,25.05,-21.99,-9.0,-26.29,12.31,-4.76,20.71
13.08,23.13,-8.82,-42.31,-16.33,-3.69,22.39,-9.04,-1.96,-16.93,15.76,-0.61,12.79
12.63,22.66,-6.12,-52.27,-26.05,-7.99,26.25,-8.83,-9.96,-29.06,6.13,-5.46,19.77
11.39,26.12,12.04,-49.75,-38.23,-0.57,28.66,-9.88,-19.51,-30.25,6.3,-12.41,2.66
10.93,21.87,9.43,-54.43,-46.61,-2.15,32.53,-13.48,-17.38,-10.94,19.25,-4.61,1.38
10.57,21.9,6.72,-48.51,-35.66,-3.39,21.31,-7.71,-12.75,-16.94,12.09,7.12,10.05
9.75,18.75,2.7,-38.42,-29.73,-10.54,11.8,-1.2,-9.92,-9.67,2.67,-1.25,1.97
8.26,12.78,5.28,-33.04,-39.42,-5.09,17.97,3.31,-11.25,-14.89,4.73,13.73,7.49
8.4,8.06,-3.39,-33.61,-35.35,-6.27,13.2,1.26,-11.97,-14.97,3.81,15.0,13.52
7.75,5.13,-6.72,-27.68,-18.57,9.24,17.62,3.91,-16.11,-14.34,-12.27,-1.68,6.35
6.95,6.6,1.2,-18.57,-23.27,8.08,22.05,4.8,-14.96,-12.26,-9.16,-1.44,-3.45
7.11,3.32,2.78,-20.21,-33.62,-0.47,25.8,19.23,-8.82,-14.32,-8.46,1.86,-2.12
7.27,4.75,0.51,-26.93,-34.15,7.32,13.59,-8.82,-20.34,-17.63,-3.4,17.95,11.68
7.66,0.79,-13.34,-37.89,-32.89,0.37,7.53,-8.42,-14.9,-15.71,1.07,9.97,8.99
7.32,4.14,-2.36,-27.75,-31.43,8.01,24.31,-1.0,-16.27,-13.45,-1.93,10.76,6.36
7.16,6.18,4.28,-19.74,-24.76,8.68,26.87,6.35,-15.93,-12.01,-9.31,7.6,5.0
7.07,4.57,-1.73,-24.36,-25.42,8.65,26.99,15.56,-5.71,-0.92,7.86,18.64,9.51
6.87,4.2,1.38,-23.15,-31.3,7.56,26.61,9.79,-9.69,-1.44,16.86,15.19,2.66
7.17,2.57,-0.41,-27.96,-37.48,2.23,29.79,15.26,-7.33,-5.1,9.0,19.99,12.64
7.2,4.34,1.94,-22.41,-30.5,2.1,24.09,6.92,-19.13,-13.27,-2.5,8.46,-1.63
7.47,2.7,-2.07,-26.94,-21.21,15.5,36.71,17.42,-11.32,-16.65,-6.36,-0.69,5.34
7.05,5.62,0.86,-23.53,-26.38,11.91,22.44,8.83,-8.18,-10.66,4.5,13.79,8.05
