19.41,5.85,-13.18,-29.17,-24.78,0.31,15.78,4.44,-4.68,-11.26,4.32,5.78,11.45
19.67,24.25,-4.31,-49.24,-34.87,-19.58,25.82,-7.42,-6.97,-30.01,13.03,2.33,19.53
19.21,43.98,3.04,-68.17,-31.18,-15.44,46.18,-26.23,-6.92,-31.35,31.92,-10.87,15.63
19.09,13.73,-15.21,-42.35,-33.66,-23.26,6.01,-6.13,-2.75,-19.04,4.51,6.8,27.02
18.88,28.34,-2.17,-34.24,-15.96,-12.76,12.89,-10.25,2.37,-11.61,10.55,-2.85,11.49
19.3,46.24,2.79,-66.05,-26.9,-22.12,36.38,-25.27,3.79,-25.09,29.67,-6.47,24.87
18.57,35.73,-0.04,-42.53,-10.91,-13.34,26.71,-15.44,-2.5,-26.25,16.92,2.86,21.84
19.38,29.06,-1.28,-38.79,-19.68,-12.11,27.59,-0.59,4.58,-27.76,0.36,-9.99,20.35
19.39,26.92,-3.01,-37.86,-18.61,-13.28,20.97,-5.37,0.52,-23.62,4.89,-2.22,21.22
19.36,16.0,-14.47,-49.51,-34.13,-18.83,19.52,-4.05,0.24,-18.4,14.85,6.12,21.49
19.57,20.95,-14.45,-53.57,-22.21,-8.58,31.61,-3.47,7.32,-17.76,13.45,-6.35,12.52
19.34,21.3,-13.36,-54.61,-25.88,-9.6,26.09,-17.83,-8.84,-25.05,20.15,2.11,21.08
20.13,19.71,-14.83,-61.84,-33.45,-15.84,27.84,-19.79,-14.31,-37.52,12.58,-2.21,24.42
19.79,26.26,-16.42,-67.99,-31.52,-28.59,18.84,-23.55,-5.32,-34.1,10.16,-8.17,17.23
18.6,16.22,-10.82,-35.66,-22.56,-14.26,6.95,-13.97,-11.15,-17.4,11.99,10.79,18.61
19.22,28.42,-9.57,-62.04,-31.75,-22.05,17.68,-33.5,-20.06,-43.93,7.71,-9.45,22.3
18.47,26.21,-7.25,-43.94,-21.94,-16.22,10.51,-20.47,-5.86,-15.75,18.23,2.81,16.12
18.6,47.08,2.65,-63.34,-14.55,-10.69,42.36,-32.72,-7.43,-26.74,35.47,-7.45,15.65
18.9,19.04,-17.94,-56.38,-25.03,-14.85,16.56,-21.93,-7.81,-22.93,13.96,-3.65,14.01
18.96,21.13,-14.03,-57.67,-29.03,-12.86,26.63,-15.81,-5.99,-24.03,21.31,2.68,21.18
18.73,12.9,-16.06,-39.2,-20.82,-9.85,10.59,-11.44,-7.55,-15.71,7.3,1.14,10.78
18.92,36.73,-2.78,-60.61,-29.15,-21.92,23.59,-28.01,-8.12,-27.03,25.95,-4.25,15.54
18.39,36.56,2.02,-54.34,-24.62,-9.33,37.28,-16.82,-3.52,-29.06,18.72,-13.02,10.46
18.16,20.84,-8.31,-33.95,-16.7,-4.98,21.54,-0.73,2.25,-13.24,10.51,-1.09,8.11
18.5,26.27,-13.62,-61.45,-29.04,-20.49,18.33,-21.61,-0.53,-19.23,22.49,-3.63,15.3
18.03,30.81,-5.93,-48.14,-24.89,-15.28,18.71,-20.29,-4.96,-21.68,21.67,0.8,21.0
17.93,31.08,-1.94,-35.76,-9.99,-10.77,19.24,-8.85,3.68,-18.27,7.67,-4.25,16.54
18.49,30.68,-9.69,-57.1,-22.45,-20.86,20.1,-21.76,-2.89,-27.48,14.69,-3.6,22.51
18.02,28.47,-11.9,-59.7,-27.88,-26.69,18.1,-19.76,-2.55,-33.38,6.3,-7.51,25.23
17.81,29.67,-6.46,-58.2,-32.85,-22.3,20.98,-20.03,-6.56,-29.85,14.97,-6.35,16.2
17.62,35.0,1.44,-45.66,-21.58,-13.85,22.44,-16.12,0.16,-19.94,19.16,-0.73,20.94
18.1,21.13,-9.93,-42.17,-29.09,-18.4,11.86,-9.34,0.1,-9.64,23.73,13.54,23.4
19.34,32.44,-9.09,-70.68,-34.9,-19.32,33.76,-20.58,0.42,-27.53,19.5,-14.82,15.24
18.53,20.03,-14.56,-53.89,-29.1,-12.76,24.5,-12.31,-6.79,-28.93,10.17,-4.55,18.26
19.06,16.42,-11.84,-38.28,-17.56,-2.21,28.13,4.7,3.78,-17.93,1.64,-6.94,8.42
19.16,23.86,-10.86,-51.02,-25.85,-12.14,30.84,-3.92,2.63,-31.96,2.41,-14.0,18.55
19.22,30.78,-4.49,-51.63,-18.1,-3.61,43.0,-1.81,5.95,-27.58,11.31,-13.32,11.61
19.35,14.91,-15.52,-44.4,-22.84,-5.38,27.67,-1.32,-3.92,-28.12,0.94,-5.73,16.03
19.57,14.61,-12.23,-38.41,-16.99,-2.42,29.11,2.61,-1.43,-26.8,-2.88,-6.86,14.58
18.62,15.61,-17.08,-40.54,-19.24,-6.75,17.77,-5.67,-2.56,-21.91,-2.02,-11.08,11.01
19.13,25.71,-6.09,-41.72,-10.38,2.59,35.6,-5.04,0.38,-23.36,9.76,-8.13,9.92
19.77,30.65,2.12,-27.17,5.01,19.32,44.97,-3.75,-6.81,-33.08,1.93,-15.83,2.99
19.67,36.48,9.15,-29.02,-1.68,11.5,50.23,9.41,8.73,-31.0,-8.75,-32.21,-8.47
19.49,30.35,12.13,-15.64,-7.3,2.37,31.68,6.71,-1.58,-32.75,-17.06,-23.08,-5.18
19.3,22.0,5.3,-5.45,0.93,7.1,15.65,0.28,-10.1,-23.74,-16.81,-14.13,-2.8
20.22,31.99,8.02,-16.97,2.48,-0.15,30.43,-2.59,-7.61,-40.43,-24.56,-13.92,-6.21
19.38,28.55,4.44,-26.7,-2.35,12.13,45.05,8.64,3.02,-31.12,-3.57,-13.27,10.59
19.42,40.01,3.51,-39.66,2.69,4.72,49.32,-9.57,3.34,-39.02,-0.97,-18.63,6.37
19.76,45.16,12.22,-40.9,-3.69,7.02,53.8,-6.89,-0.19,-43.5,-3.15,-35.08,-2.95
19.83,29.28,5.48,-17.91,0.92,9.53,37.0,12.1,7.76,-24.22,-12.54,-22.83,-1.7
18.97,21.05,-1.52,-19.76,-1.17,11.01,31.96,7.86,-0.9,-24.4,-11.2,-14.23,3.45
20.82,31.19,2.18,-37.18,-12.58,0.76,45.62,10.46,9.85,-34.28,-9.6,-29.43,-0.12
20.08,23.44,-2.3,-28.89,-7.47,4.02,36.85,11.93,7.31,-27.29,-15.21,-26.1,-3.53
20.62,23.75,-3.18,-34.04,-20.5,-10.79,24.02,2.68,0.67,-31.44,-12.41,-20.92,1.16
20.14,16.83,-6.57,-26.95,-15.75,-5.05,21.0,9.68,6.96,-15.54,-8.14,-12.2,4.18
20.12,27.51,3.84,-36.7,-25.03,-15.86,31.43,8.87,11.4,-27.83,-3.82,-15.77,13.0
19.56,28.06,-0.14,-37.52,-25.18,-21.51,16.26,-2.63,5.34,-25.29,-7.68,-21.57,0.41
19.05,25.59,-4.08,-36.36,-23.35,-14.11,18.52,-0.17,7.9,-14.83,5.75,-9.12,8.33
18.99,33.91,5.05,-38.73,-22.65,-14.68,22.68,-11.55,-4.86,-30.33,4.26,-10.07,12.72
19.09,27.53,2.85,-25.46,-19.51,-12.72,12.75,-2.78,-0.42,-16.74,1.83,-4.99,8.01
18.64,42.52,12.72,-41.9,-18.01,-1.71,41.42,-13.53,-6.83,-34.52,10.86,-20.62,6.51
18.79,40.4,10.14,-41.69,-22.91,-11.71,31.03,-13.37,-5.34,-34.44,5.45,-20.13,3.15
18.97,27.7,1.19,-28.65,-15.19,-8.41,15.6,-7.59,-1.71,-12.98,12.87,2.52,11.68
19.88,44.86,10.46,-39.86,-9.55,-8.13,32.92,-17.81,-0.68,-23.58,25.94,-0.91,16.11
19.87,23.73,-0.87,-26.55,-19.79,-14.77,6.73,-7.5,-4.11,-15.99,1.02,-5.13,3.7
19.48,36.22,1.88,-40.1,-11.91,-9.11,26.17,-16.76,-6.8,-33.77,4.27,-15.19,7.89
20.12,25.89,-0.4,-31.93,-24.83,-20.05,4.69,-12.81,-5.54,-18.15,2.83,-7.66,1.16
20.05,42.68,11.03,-39.8,-19.54,-16.42,19.49,-26.21,-11.21,-29.85,13.96,-11.89,5.04
19.58,52.14,9.26,-38.62,1.37,-28.37,22.6,-25.38,8.71,-12.66,21.08,-0.75,15.82
19.19,47.15,12.98,-36.76,-12.95,-24.2,22.99,-12.47,9.79,-15.77,23.91,0.26,22.62
18.51,28.66,4.25,-24.37,-15.21,-10.0,11.12,-11.17,-7.75,-18.01,6.56,-1.65,5.4
18.98,33.06,7.33,-28.08,-20.32,-17.3,8.4,-18.48,-12.39,-26.09,6.01,-5.07,6.09
18.91,35.57,14.02,-27.09,-21.74,-12.63,19.26,-16.26,-13.91,-22.91,24.73,14.0,21.69
18.2,41.5,5.59,-39.5,-10.37,-17.78,24.19,-15.52,1.66,-21.76,17.75,0.47,19.65
18.15,23.74,0.13,-23.56,-14.88,-8.15,13.56,-1.77,-1.26,-16.84,-2.84,-7.75,6.24
18.06,28.34,5.45,-13.37,-3.41,4.01,18.62,-1.87,-4.9,-19.58,-5.71,-14.17,-5.65
17.65,35.86,12.23,-25.92,-16.9,-12.12,17.6,-13.91,-13.73,-36.94,-5.37,-14.34,6.54
18.07,33.98,12.78,-18.63,-14.13,-10.93,13.53,-10.08,-11.15,-28.7,-2.57,-7.33,5.46
18.24,42.75,13.55,-36.87,-17.43,-12.82,25.95,-20.04,-11.37,-38.97,4.74,-13.93,11.91
17.44,41.57,19.15,-39.07,-21.7,-4.56,38.88,-16.71,-17.94,-35.89,9.02,-16.76,-0.45
19.09,28.95,1.71,-33.39,-20.11,-15.18,18.12,-3.54,4.3,-20.88,-3.91,-22.29,-2.44
18.85,28.21,-0.88,-36.33,-18.51,-7.42,22.27,-12.52,-12.76,-37.47,-8.79,-22.36,-1.85
19.2,33.15,-4.31,-56.95,-19.25,-2.31,44.55,-8.48,3.37,-28.28,12.81,-22.03,2.62
19.35,35.37,-4.09,-60.79,-23.24,-8.33,44.13,-10.08,3.71,-36.04,7.6,-25.33,10.75
18.58,32.22,-1.67,-41.52,-13.42,-10.57,24.45,-11.01,0.45,-26.77,4.0,-10.53,13.47
19.52,37.06,-2.64,-58.89,-29.23,-17.71,27.73,-23.58,-7.85,-39.11,8.94,-21.31,11.88
19.18,24.11,-5.94,-44.11,-20.98,-8.48,26.48,-12.87,-13.66,-40.77,-4.66,-14.71,8.29
19.76,30.17,-5.43,-43.76,-11.86,-7.55,29.03,-14.2,-6.91,-39.66,-5.02,-20.99,9.25
19.83,21.47,-9.09,-39.2,-13.48,-5.68,24.27,-6.03,-2.01,-25.44,2.14,-3.91,18.7
19.98,20.83,-10.51,-41.11,-20.82,-12.64,16.7,-13.33,-9.47,-32.37,-1.69,-7.88,15.9
20.25,30.17,-5.08,-53.19,-22.75,-14.19,29.09,-15.36,-4.28,-36.73,3.9,-14.32,15.17
20.07,20.58,-9.1,-43.9,-25.67,-14.06,19.73,-12.81,-13.43,-39.77,-5.25,-11.63,12.19
19.73,40.76,-4.0,-63.19,-12.64,-13.74,43.61,-25.98,-5.78,-42.23,12.85,-14.21,16.95
20.27,31.07,6.9,-28.34,-4.88,6.62,40.19,-2.48,-8.74,-41.12,-9.03,-19.72,3.9
20.07,31.9,9.64,-14.91,6.73,15.37,36.17,-2.18,-10.47,-33.92,-7.85,-13.8,2.98
19.84,26.08,5.53,-13.12,2.79,12.07,31.12,0.77,-13.17,-40.9,-21.33,-18.64,5.67
19.15,45.95,3.16,-39.51,9.98,-16.16,48.2,-11.97,1.66,-41.03,-11.85,-19.08,4.88
18.97,32.65,11.3,-17.19,-1.22,6.16,34.61,1.44,-2.51,-32.94,-5.17,-11.86,12.31
18.93,29.42,10.02,-13.21,4.21,11.52,33.98,-0.51,-11.33,-38.31,-11.51,-9.75,13.36
18.75,30.97,10.1,-19.89,-1.04,9.29,39.06,1.26,-7.18,-38.53,-9.66,-15.61,7.61
18.38,25.33,5.0,-18.35,-5.71,3.08,25.91,-1.1,-9.4,-32.46,-10.36,-11.61,4.5
18.42,30.49,10.26,-14.0,-0.09,5.01,25.17,-5.38,-12.56,-35.09,-11.19,-11.89,6.59
18.17,42.42,12.76,-28.37,4.23,11.16,45.4,-7.61,-2.99,-34.06,0.13,-23.11,-1.57
18.15,25.54,6.0,-14.57,-3.04,5.58,23.84,-4.3,-14.97,-35.08,-15.44,-18.7,-6.07
18.27,21.49,-1.57,-20.63,-8.62,0.72,18.2,0.91,-1.15,-14.67,-4.36,-12.46,-4.61
19.38,22.48,-8.86,-35.79,-20.44,-13.46,13.69,-0.95,10.46,-6.14,6.75,-11.56,1.75
19.98,37.19,-6.02,-60.52,-12.98,-8.6,47.41,-5.68,14.44,-23.32,19.09,-12.99,15.89
19.82,11.16,-15.02,-35.19,-23.47,-8.67,19.65,9.33,7.56,-11.71,0.87,-3.11,10.48
20.32,33.02,-1.85,-42.97,-5.05,2.67,36.34,-14.42,-4.0,-30.92,6.56,-19.45,0.34
20.03,30.09,0.18,-32.74,-5.95,9.78,42.91,4.31,4.44,-25.01,2.05,-21.65,-4.09
19.77,30.59,-2.12,-38.74,-1.84,6.38,35.37,-13.78,-4.99,-27.34,10.3,-12.63,4.56
20.25,26.06,-4.43,-33.8,-4.06,5.71,33.68,-5.1,-5.09,-31.98,-2.79,-13.71,8.84
19.56,30.02,-1.0,-35.23,0.72,12.75,44.19,-2.3,1.65,-25.01,6.89,-15.71,1.53
19.0,42.68,-0.41,-46.99,-2.22,9.1,47.76,-17.92,2.14,-32.29,19.1,-21.43,11.37
18.64,40.12,5.24,-49.83,-12.38,4.4,47.54,-16.31,-4.38,-32.37,14.67,-20.03,2.01
19.08,32.29,0.99,-33.02,-3.71,7.7,36.98,-5.81,-5.47,-35.83,-8.32,-26.8,-1.52
19.41,29.23,3.42,-30.78,-10.85,3.47,33.29,-6.49,-11.25,-32.13,0.87,-15.67,-3.97
18.91,22.37,-3.05,-19.79,-1.94,10.0,25.8,1.36,-1.02,-15.9,-0.05,-11.97,-3.22
19.19,34.29,1.89,-33.15,-2.13,-3.41,31.59,-6.06,2.36,-23.17,7.95,-10.87,3.99
19.6,20.6,-6.45,-32.2,-12.17,0.13,23.09,-8.41,-8.0,-22.73,6.83,-2.82,10.3
19.81,37.1,-5.57,-57.01,-13.77,-14.65,28.66,-22.33,1.56,-25.24,21.19,-7.69,12.47
19.35,29.7,2.81,-29.68,-12.03,-7.53,21.96,-5.5,-3.75,-28.84,-6.58,-15.35,3.94
18.72,31.9,5.45,-29.66,-11.12,-2.98,29.35,-3.87,-4.84,-34.49,-9.76,-22.86,-2.52
18.65,40.6,1.39,-51.89,-17.27,-16.36,40.01,-4.58,13.74,-24.8,16.42,-10.22,18.92
19.03,24.44,-5.49,-38.87,-16.31,-4.52,26.89,-3.22,1.66,-19.31,7.59,-6.69,8.58
18.79,29.43,0.37,-40.58,-18.81,-3.95,34.44,-5.53,-5.02,-32.93,3.92,-12.83,7.66
18.53,41.2,-0.07,-52.86,-9.8,-14.26,33.42,-20.36,-4.17,-45.21,-3.67,-28.89,1.6
18.42,44.88,0.57,-59.84,-13.61,-12.56,37.75,-22.04,1.7,-33.26,11.36,-28.47,-0.21
18.13,40.21,-4.32,-55.33,-1.25,-2.21,54.22,-5.96,14.69,-20.84,17.17,-17.7,5.58
18.22,17.28,-10.53,-32.0,-15.65,-3.83,15.65,-7.87,-7.24,-18.61,4.42,-4.56,3.03
17.81,20.49,-4.63,-26.77,-8.05,1.72,19.41,-9.25,-9.91,-21.6,0.52,-9.55,-2.84
18.64,42.31,3.93,-44.18,-2.7,9.66,43.32,-23.44,-8.56,-33.95,18.99,-19.78,6.22
19.05,31.32,-7.5,-48.35,-7.56,-5.34,26.23,-22.54,-7.41,-32.14,1.02,-28.13,-7.06
18.4,14.84,-11.54,-26.51,-11.95,-0.44,13.5,-4.92,-6.67,-18.56,-8.41,-19.36,-11.33
18.38,45.38,1.67,-57.71,-5.99,0.67,46.12,-18.0,7.57,-27.95,22.52,-17.5,11.47
18.07,30.69,-4.48,-46.7,-16.13,-9.86,24.15,-23.04,-13.68,-35.34,10.3,-7.76,10.66
18.11,34.07,-2.48,-46.58,-11.74,-6.65,36.14,-4.08,10.51,-18.54,17.2,-5.2,13.4
19.26,24.26,-7.09,-35.97,-17.59,-11.52,9.2,-23.79,-23.46,-44.62,-21.46,-33.23,-12.69
19.76,44.47,10.17,-48.84,-20.06,-6.5,37.97,-19.55,-4.96,-25.1,29.1,-8.1,9.07
20.51,25.25,-7.02,-37.83,-17.94,-7.58,17.85,-14.34,-9.05,-28.59,0.02,-16.44,1.84
19.72,25.31,-4.8,-36.37,-17.68,-10.9,13.23,-11.11,-2.2,-18.0,3.91,-14.22,-4.52
20.31,28.55,-0.7,-35.77,-22.77,-16.5,9.68,-19.72,-12.78,-29.23,2.3,-5.09,7.83
21.96,21.8,-5.14,-34.17,-25.7,-30.58,22.25,5.62,11.57,-9.29,-5.65,-15.1,-4.79
20.79,18.72,-7.14,-31.72,-25.64,-16.44,10.72,3.52,8.9,-7.12,3.96,-5.74,5.11
20.99,17.0,-11.82,-43.29,-34.2,-26.27,6.0,-5.69,-0.6,-22.92,-7.09,-13.13,6.64
21.1,26.12,-4.3,-43.29,-31.55,-23.17,17.63,-4.08,2.03,-29.57,-8.98,-26.91,-2.81
20.65,35.12,0.84,-47.05,-21.99,-15.95,28.25,-5.97,7.36,-27.75,1.15,-23.72,-2.03
20.1,26.33,-2.9,-33.28,-18.29,-7.89,22.11,0.41,6.98,-13.97,5.69,-12.45,2.2
19.38,24.69,0.0,-28.61,-21.8,-17.34,12.99,3.77,8.18,-16.59,-7.73,-18.7,-4.82
19.94,35.74,1.3,-43.29,-16.13,-3.66,38.75,-2.04,8.79,-23.37,12.43,-17.06,3.14
20.59,43.27,3.78,-49.73,-9.6,-11.23,40.55,-10.83,8.49,-30.53,11.18,-14.22,15.67
19.82,12.67,-13.06,-31.7,-20.95,-8.18,16.63,9.33,13.03,-0.3,9.5,0.41,8.31
19.97,19.17,-9.49,-36.02,-15.92,-3.9,20.79,-4.82,-3.46,-20.44,-0.4,-12.49,-1.34
20.07,21.31,-6.17,-28.66,-14.36,-3.61,19.88,0.46,0.82,-19.02,-1.9,-10.77,3.39
19.85,24.0,-3.45,-33.84,-15.04,-6.77,21.28,-6.84,-6.54,-31.05,-8.51,-19.57,-3.9
20.09,33.37,3.23,-35.62,-10.39,1.65,39.11,-3.55,-0.1,-32.32,4.63,-14.73,8.23
20.07,22.73,-1.91,-29.07,-17.55,-12.39,13.53,-7.35,-9.25,-32.41,-11.21,-11.59,6.78
19.6,35.28,2.9,-34.85,-10.39,-0.21,33.81,-8.5,-2.33,-31.36,7.35,-11.0,15.75
18.16,32.83,5.9,-28.23,-9.35,-2.13,27.77,-4.07,-1.48,-24.56,3.0,-9.01,9.11
19.35,32.08,6.23,-25.24,-1.77,6.57,32.49,-8.88,-9.88,-33.35,1.38,-8.56,11.65
19.81,30.83,4.91,-29.95,-5.16,5.94,33.41,-13.29,-13.74,-34.77,3.61,-11.09,7.73
18.94,27.47,0.55,-26.85,-9.12,-1.64,19.49,-14.51,-16.23,-36.15,-8.28,-17.49,0.09
18.72,38.15,0.79,-39.91,-6.42,-13.36,20.51,-18.57,3.26,-14.65,19.48,-7.93,1.73
20.32,36.55,3.27,-35.52,-14.27,-7.91,21.4,-18.27,-7.03,-30.15,3.66,-23.4,-4.96
19.7,33.9,5.23,-35.55,-17.45,-10.51,22.27,-12.29,-5.33,-28.6,3.7,-12.92,8.26
19.72,23.41,-0.4,-24.75,-15.91,-6.89,17.01,-1.25,-3.41,-22.28,-6.41,-13.23,1.34
19.81,26.08,3.06,-24.77,-18.47,-11.69,14.7,-2.34,-5.44,-28.12,-13.56,-20.37,-6.33
19.51,21.36,-3.79,-23.76,-16.43,-8.31,8.73,-4.71,-4.24,-15.93,-4.56,-14.3,-9.57
19.28,30.21,-0.44,-38.26,-15.36,-5.13,24.41,-12.25,-4.92,-23.4,6.79,-15.8,-3.85
19.18,26.88,-8.5,-40.33,-12.91,-4.86,21.81,-17.44,-11.2,-36.17,-8.33,-30.61,-11.0
20.3,38.82,6.29,-40.76,-13.84,-5.08,31.66,-14.08,-4.48,-33.43,0.25,-27.37,-5.25
20.32,28.17,-2.33,-29.83,-2.39,11.48,41.55,5.35,4.46,-28.56,-5.66,-23.06,5.15
19.38,28.24,5.31,-26.43,-13.93,-1.38,32.62,6.61,1.24,-26.44,-3.43,-11.52,6.95
19.86,33.26,1.49,-30.02,-8.8,-2.31,28.4,-0.78,6.26,-24.67,-5.66,-28.19,-6.12
19.38,35.5,8.94,-31.67,-12.6,-1.11,37.15,1.02,1.78,-29.85,-1.4,-20.49,1.62
19.25,54.96,16.32,-45.1,-7.32,-9.38,51.86,-12.21,8.24,-38.32,6.68,-23.06,10.74
19.27,36.79,12.09,-30.39,-12.49,1.17,46.21,10.82,10.58,-24.37,5.01,-15.28,8.38
19.14,43.53,12.18,-36.8,-9.06,-2.59,37.62,-10.39,-2.02,-33.42,0.6,-28.22,-5.18
18.85,29.7,5.61,-21.68,-8.01,-0.86,22.83,-1.08,-0.56,-18.94,0.06,-10.87,1.38
19.25,46.6,8.06,-44.55,-1.66,-2.85,42.94,-14.52,0.77,-35.15,3.3,-27.7,0.73
18.93,32.3,1.89,-32.91,-6.55,0.9,34.54,0.94,6.66,-22.01,0.95,-17.84,1.02
19.0,38.07,9.69,-29.32,-6.24,6.34,43.01,3.31,5.82,-27.3,-0.68,-25.1,-1.02
18.44,27.68,5.28,-20.07,-10.41,-3.51,20.84,2.86,1.3,-21.89,-10.64,-18.42,0.78
18.29,47.73,11.41,-43.7,-5.55,-2.32,49.6,-8.38,4.31,-39.21,2.23,-28.02,3.59
18.2,36.75,1.31,-44.1,-5.19,2.3,47.51,-1.93,6.0,-30.67,7.67,-18.29,7.03
17.53,36.54,4.36,-36.27,-9.02,-5.98,30.81,-6.26,1.21,-27.1,3.39,-16.47,0.89
18.27,32.71,4.46,-35.77,-13.31,-3.47,31.42,-8.14,-2.65,-26.1,12.05,-1.78,18.38
18.71,47.33,5.42,-60.47,-20.53,-23.66,24.72,-30.78,-5.26,-38.92,1.61,-32.02,-1.57
17.9,28.59,2.99,-27.03,-13.59,-6.5,19.01,-6.07,-4.37,-21.81,2.58,-7.07,5.54
17.59,37.88,4.76,-43.12,-17.98,-8.43,32.26,-13.53,-5.26,-36.35,3.07,-17.96,9.14
18.37,31.7,0.81,-39.94,-16.38,-10.37,25.59,-12.41,-8.0,-38.69,-6.06,-18.16,9.82
18.82,45.77,3.66,-65.88,-23.24,-22.9,37.94,-29.58,-10.38,-51.02,1.21,-31.32,4.67
17.86,24.67,-2.59,-32.37,-18.89,-13.09,16.89,-0.15,3.97,-20.45,-4.32,-12.13,7.45
17.75,21.54,-7.35,-34.09,-22.82,-13.36,11.93,-7.06,-4.9,-24.25,-5.55,-15.12,0.96
17.77,43.18,7.11,-49.77,-12.83,-3.28,40.65,-20.95,-5.88,-38.71,10.82,-20.3,4.36
18.2,27.12,1.01,-28.3,-12.18,-1.09,28.46,2.37,3.78,-17.24,8.83,-1.2,14.03
18.46,33.64,3.62,-38.5,-9.58,4.55,42.31,-1.78,1.23,-32.1,-1.87,-24.77,-0.22
18.14,31.71,2.86,-47.99,-23.78,-3.76,39.03,-12.15,-10.1,-31.05,11.21,-17.17,-2.66
18.57,15.02,-13.32,-37.19,-17.49,-6.09,15.23,-10.11,-9.03,-21.79,0.18,-9.46,-1.9
18.92,27.72,-3.35,-44.08,-17.63,-3.35,34.04,-11.89,-9.61,-36.9,6.48,-7.57,19.24
18.41,13.42,-14.15,-37.93,-23.79,-11.38,13.48,-3.39,-2.96,-16.67,0.95,-5.37,2.18
19.56,12.84,-15.55,-40.4,-25.89,-11.99,19.73,3.74,2.6,-24.01,-9.72,-16.67,4.6
20.96,24.7,-7.66,-58.11,-32.97,-19.81,35.88,-3.38,2.11,-39.48,0.22,-16.48,20.78
19.27,17.77,-11.03,-35.76,-20.76,-9.68,16.71,-3.7,-3.6,-23.92,-1.39,-4.12,16.05
20.4,42.89,-1.39,-70.94,-20.55,-16.43,53.77,-21.24,6.47,-39.73,7.78,-18.7,30.27
20.18,29.41,-5.44,-41.84,-10.71,-11.28,33.13,2.83,12.7,-21.55,3.77,-8.54,15.63
19.98,35.09,0.18,-56.54,-25.74,-20.22,32.86,-17.81,-3.85,-44.9,0.6,-18.99,23.07
20.1,31.78,5.85,-33.55,-6.82,2.28,45.34,1.85,0.95,-41.27,-3.14,-13.89,21.43
18.77,42.65,8.22,-34.29,7.78,2.58,45.43,-8.54,-2.03,-41.63,0.86,-15.29,14.82
19.39,29.56,1.87,-32.52,-15.7,-9.14,25.24,-5.41,-2.3,-32.28,0.28,-5.6,28.28
19.4,17.33,-6.82,-28.98,-15.26,-4.77,18.58,-2.0,-6.97,-27.13,-9.24,-9.5,7.71
19.28,43.22,8.5,-48.69,-12.77,-8.75,40.19,-11.9,4.51,-34.49,5.0,-20.69,13.65
19.49,25.47,0.21,-29.21,-12.24,-1.27,28.99,2.69,0.06,-24.71,-0.62,-6.47,13.33
21.09,22.31,0.47,-33.59,-17.05,-9.67,36.72,8.8,3.1,-49.56,-27.81,-31.89,11.29
19.36,49.93,6.91,-59.67,-9.99,-9.02,50.92,-29.58,-5.76,-45.32,3.45,-22.82,15.63
19.94,29.93,-2.79,-40.24,-14.99,-11.8,26.18,-10.17,-7.25,-45.77,-15.79,-26.34,5.82
20.09,25.98,-2.62,-35.21,-12.75,-6.19,28.15,-0.6,2.15,-29.33,-6.23,-14.08,13.65
19.44,23.89,0.32,-28.13,-16.45,-6.94,23.25,-2.2,-7.61,-34.02,-7.11,-6.75,15.62
19.59,53.93,9.71,-65.69,-13.53,3.05,38.93,-28.77,20.12,-20.49,19.22,-16.18,21.97
20.09,29.56,-1.34,-43.24,-24.26,-12.62,27.69,-4.99,1.1,-29.98,0.39,-16.97,10.44
19.56,33.52,-2.66,-49.26,-16.37,-7.98,25.77,-25.0,-11.94,-32.87,11.5,-10.34,13.05
18.85,39.07,12.19,-47.38,-33.21,-18.28,25.06,-26.56,-19.64,-33.96,13.47,-13.99,1.0
19.18,28.68,-0.6,-39.24,-22.35,-12.66,17.06,-17.65,-12.16,-28.22,5.62,-10.15,4.87
19.01,25.8,-5.45,-38.93,-23.19,-15.32,9.22,-21.76,-15.71,-30.43,1.41,-10.9,6.88
18.89,31.44,-3.97,-48.65,-22.83,-16.48,14.92,-26.9,-14.16,-33.61,3.5,-16.55,7.24
18.66,24.09,-6.61,-35.01,-22.06,-15.24,3.76,-21.59,-15.88,-27.32,-2.48,-13.86,1.15
18.06,32.88,-0.5,-43.44,-18.47,-10.96,19.29,-23.62,-12.88,-32.11,3.94,-17.37,0.79
18.77,27.02,-2.68,-41.07,-16.9,-4.85,23.29,-27.58,-26.99,-42.91,7.54,-3.34,15.09
20.59,12.64,-14.75,-36.26,-9.17,5.46,25.97,-8.19,-8.73,-19.57,10.48,0.59,8.82
20.39,18.64,-18.61,-46.18,-6.56,5.1,29.41,-19.05,-11.21,-34.03,4.43,-15.49,10.13
20.51,26.08,-8.29,-44.56,-2.81,8.71,43.13,-8.84,-2.4,-24.76,19.3,-1.57,13.56
20.81,25.62,-12.12,-48.69,-11.12,3.0,34.2,-15.92,-0.43,-19.82,24.68,-6.5,12.58
19.73,23.57,-8.15,-40.11,-9.16,-1.3,21.8,-21.86,-14.08,-26.66,11.73,-1.7,13.99
19.8,21.25,-12.02,-45.1,-17.84,-6.48,20.16,-18.7,-9.41,-23.74,16.66,2.2,18.01
20.43,29.76,-13.4,-52.65,2.88,-2.68,33.95,-27.57,-7.02,-29.34,14.42,-9.03,9.52
20.4,37.3,-6.12,-59.84,-3.66,-4.4,33.69,-40.02,-13.67,-33.7,29.94,-4.71,14.89
19.83,18.57,-9.13,-31.14,-2.84,5.95,22.34,-14.31,-10.88,-21.45,7.68,-2.25,9.25
19.78,32.26,-3.43,-56.96,-22.24,-11.75,22.44,-39.01,-17.66,-26.67,32.48,-0.37,11.29
19.05,53.3,-1.01,-70.12,-11.03,-29.3,43.01,-46.51,-7.7,-30.98,18.46,-10.6,3.95
18.93,43.23,3.28,-59.68,-5.25,-4.88,22.99,-42.19,-7.17,-20.47,32.73,2.96,21.72
18.84,25.72,-4.42,-37.33,-15.2,-8.69,18.02,-13.4,-2.46,-11.33,26.2,13.74,21.94
18.83,52.46,-2.46,-66.91,-14.22,-24.47,38.55,-29.54,14.24,-21.83,35.45,-7.42,20.2
18.67,41.38,-1.98,-77.26,-34.76,-19.9,28.33,-63.77,-41.57,-55.49,21.03,-25.91,-6.7
18.77,30.94,-8.02,-47.58,-12.49,-15.74,21.93,-16.34,-0.06,-21.26,14.03,-2.4,16.8
18.43,27.46,-5.5,-42.47,-21.42,-15.27,14.69,-13.11,0.35,-14.96,12.61,-5.07,8.3
18.58,17.25,-11.24,-32.64,-21.14,-12.51,6.11,-7.82,-1.3,-7.69,11.43,4.53,11.59
19.05,45.56,1.63,-68.72,-24.83,-11.68,26.63,-45.44,-8.66,-30.68,27.08,-18.35,12.69
18.73,21.0,-9.06,-36.26,-23.41,-12.82,10.06,-10.36,-4.52,-13.57,11.74,0.8,8.25
18.29,32.65,1.41,-44.12,-22.25,-9.85,28.05,-14.6,-7.12,-28.52,11.74,-6.77,11.71
18.35,34.83,-3.55,-48.06,-20.88,-9.59,27.4,-13.52,4.5,-19.44,19.57,-11.45,11.19
18.48,45.75,-5.5,-72.51,-21.25,-33.79,32.47,-40.82,-16.65,-52.59,-0.65,-34.24,-2.52
17.87,21.42,-13.48,-46.68,-23.2,-11.37,14.67,-23.99,-11.74,-24.51,15.3,-1.68,14.52
20.86,35.52,0.43,-38.66,-14.53,-23.78,21.62,-6.77,19.38,-10.97,3.9,-4.17,-0.27
22.86,8.52,-17.79,-31.84,-21.13,-48.86,15.36,7.02,29.88,0.12,-33.66,-19.97,-11.68
21.46,19.39,-0.88,-29.71,-24.54,-18.01,18.73,13.78,24.22,-8.69,-6.52,-21.04,-6.17
21.91,16.08,-8.79,-32.97,-25.44,-15.24,16.55,13.09,21.57,-7.05,-3.95,-16.16,0.72
21.39,22.91,-2.26,-36.81,-22.55,-15.32,25.81,15.04,22.54,-20.13,-8.11,-23.48,8.93
21.78,12.14,-15.23,-41.21,-34.67,-24.32,9.63,6.19,12.27,-12.52,-4.75,-13.11,7.13
22.25,13.66,-11.66,-41.94,-31.07,-24.15,30.9,12.19,12.4,-25.35,-23.36,-23.03,3.21
20.47,14.28,-12.89,-32.77,-27.85,-17.93,2.9,-2.71,-2.63,-15.55,-6.7,-8.0,4.16
21.03,20.98,-4.01,-36.52,-30.34,-24.99,12.86,4.48,10.91,-18.36,-6.19,-13.67,12.07
20.83,33.41,-1.37,-53.46,-36.08,-28.19,25.33,-8.16,9.05,-31.15,3.15,-20.81,14.64
20.0,20.28,-5.89,-33.13,-22.35,-13.54,14.66,-1.22,-0.81,-21.76,-6.57,-11.37,6.17
20.54,21.47,-12.01,-52.21,-33.77,-20.36,22.83,-2.4,4.94,-29.14,-4.65,-22.23,7.09
20.51,42.58,-9.23,-58.33,-2.92,-35.11,53.3,-7.3,26.16,-12.31,2.67,-9.2,1.75
20.94,27.87,-1.14,-43.89,-30.08,-21.76,27.49,7.32,20.73,-16.76,4.16,-20.59,8.23
19.84,17.76,-8.43,-40.2,-37.63,-29.55,4.19,-3.7,0.6,-18.36,-1.22,-5.92,9.78
19.61,22.47,-6.22,-40.17,-25.62,-12.45,22.18,-1.15,1.15,-20.59,4.51,-7.44,9.38
19.7,20.53,-7.83,-43.95,-25.94,-9.1,29.01,-1.65,-5.05,-31.97,-4.05,-16.51,4.2
19.64,22.33,-10.99,-48.74,-30.64,-16.95,19.9,-5.9,3.23,-19.27,8.03,-11.96,6.65
19.45,24.46,-9.7,-54.06,-29.04,-14.46,25.08,-14.39,-6.55,-29.13,9.38,-8.05,15.59
19.45,35.2,1.1,-51.82,-27.77,-12.37,40.51,-1.94,10.58,-23.31,16.15,-15.81,8.8
18.62,14.67,-17.2,-50.45,-35.33,-24.4,5.89,-16.78,-13.18,-31.12,-6.57,-13.48,5.98
19.67,30.26,-10.08,-62.76,-29.24,-14.36,30.39,-19.02,-2.28,-30.12,14.41,-17.19,12.29
19.13,31.26,-7.8,-52.13,-12.72,-8.87,36.29,-7.37,6.44,-24.6,12.32,-11.75,11.88
19.24,17.95,-14.25,-49.67,-22.27,-3.3,31.38,-8.55,-4.51,-22.26,16.65,-0.7,16.21
19.18,14.35,-18.6,-51.2,-26.91,-10.39,23.39,-2.67,3.24,-16.34,8.01,-7.55,7.88
20.5,21.74,-7.64,-44.03,-23.2,-5.95,35.74,6.09,5.78,-23.75,3.4,-11.64,8.65
21.28,8.12,-21.92,-51.02,-40.7,-29.44,5.03,-4.16,-2.18,-27.84,-17.35,-22.8,-1.47
20.46,24.01,-14.92,-62.12,-31.6,-24.57,25.91,-11.68,-0.92,-46.49,-10.77,-25.94,17.53
20.63,31.45,-10.9,-70.21,-30.49,-15.46,38.42,-13.49,6.43,-31.03,8.75,-26.42,5.49
20.25,17.69,-9.87,-33.58,-23.4,-12.04,15.41,4.84,7.49,-11.39,0.84,-6.77,9.76
19.68,17.12,-11.11,-41.54,-23.64,-9.97,21.46,-5.28,-6.97,-29.15,-3.48,-9.57,9.1
19.98,35.59,-4.04,-61.4,-29.85,-13.91,43.34,-6.19,10.89,-26.13,19.72,-17.47,10.57
19.39,10.41,-17.86,-41.8,-27.07,-12.94,16.56,4.14,6.1,-10.13,5.83,-0.42,8.66
19.32,26.21,-9.12,-45.06,-24.02,-13.26,21.7,-5.7,6.7,-16.98,11.07,-11.01,10.76
19.19,35.2,-2.13,-56.43,-26.59,-18.93,33.85,-5.23,14.86,-18.98,14.73,-14.44,15.2
19.6,17.68,-11.43,-40.67,-29.29,-17.01,17.34,3.7,7.84,-15.41,2.44,-7.63,9.53
18.75,40.33,-1.14,-61.88,-22.99,-14.62,34.57,-23.78,-2.1,-32.69,20.66,-15.19,13.23
18.92,39.63,2.16,-59.82,-30.45,-14.81,35.45,-21.9,-6.1,-30.68,19.93,-18.46,6.68
18.69,27.29,-3.82,-39.04,-17.92,-11.41,20.64,-8.43,-2.5,-25.6,0.5,-11.84,6.51
18.94,28.51,-2.31,-37.25,-17.34,-11.58,19.03,-10.56,-4.32,-23.89,3.9,-10.2,5.21
18.71,32.91,3.73,-44.08,-24.27,-7.87,30.63,-17.84,-16.56,-38.29,5.61,-17.03,3.41
18.41,39.72,-0.28,-46.64,-3.3,-2.32,41.5,-11.36,3.78,-27.87,9.38,-20.74,3.48
18.45,37.74,-1.51,-51.27,-7.08,-4.23,32.01,-31.0,-15.0,-41.64,9.68,-17.65,9.68
19.96,19.6,-15.24,-39.67,-6.56,-4.31,18.45,-16.43,-7.64,-26.94,1.42,-7.83,11.92
21.54,30.43,-12.11,-55.2,6.25,5.22,46.53,-23.82,-7.0,-38.8,12.84,-15.42,8.17
20.98,17.28,-11.47,-32.63,-1.88,9.19,29.72,-9.1,-7.18,-22.92,11.28,0.11,11.05
21.54,22.94,-8.91,-43.36,-3.94,5.98,39.26,-12.81,-8.53,-30.6,16.67,-0.91,14.72
21.63,17.54,-14.09,-36.57,-2.63,7.36,31.14,-6.69,-1.56,-18.6,13.65,0.76,14.69
20.95,14.82,-13.31,-35.91,-5.01,4.92,23.81,-16.02,-12.7,-23.2,12.57,4.51,16.36
21.09,14.93,-20.68,-48.54,-14.13,1.78,27.6,-16.92,-9.34,-26.55,14.6,-4.29,13.76
20.16,14.53,-17.39,-47.97,-18.1,-4.62,20.28,-20.52,-14.86,-26.52,10.45,-5.3,5.84
20.38,16.45,-15.95,-40.74,-12.54,-0.28,19.91,-18.76,-13.27,-25.42,11.78,-1.81,12.46
20.22,25.8,-10.12,-50.34,-6.77,1.31,30.55,-29.56,-17.33,-37.63,10.81,-13.76,4.56
19.55,25.28,-2.48,-33.12,-8.49,5.15,31.48,-10.51,-11.32,-31.66,3.6,-10.85,4.55
19.64,34.05,-0.69,-40.65,-2.2,3.12,38.85,-7.91,5.24,-21.02,15.68,-6.34,14.12
19.84,35.7,-1.01,-51.1,-9.67,6.04,46.46,-15.14,-2.78,-30.4,15.93,-18.57,6.77
19.28,27.8,-5.16,-49.49,-25.97,-14.14,23.04,-16.33,-7.82,-28.13,11.74,-7.55,8.87
18.82,27.17,-3.42,-39.77,-20.58,-8.73,24.5,-5.42,-0.07,-23.89,0.92,-20.7,-6.39
19.65,26.52,-3.9,-40.51,-13.81,-0.97,30.36,-9.86,-6.45,-30.75,0.04,-17.66,3.72
19.1,36.4,0.9,-43.29,-7.24,2.98,37.38,-17.23,-2.76,-30.98,11.38,-16.83,9.62
19.27,12.71,-12.22,-28.26,-3.19,10.49,27.36,-0.88,-0.92,-9.47,13.25,4.29,9.52
18.93,31.04,-2.19,-42.54,-14.39,-4.2,30.97,-14.25,-9.15,-35.4,0.35,-20.62,0.84
19.73,29.36,-7.9,-57.07,-19.61,-7.8,29.41,-26.86,-12.21,-31.98,19.92,-10.27,8.65
18.92,12.16,-16.81,-31.95,-13.26,-1.01,12.38,-9.15,-7.38,-14.68,3.84,-5.83,0.83
18.65,22.93,-7.58,-37.83,-9.42,2.39,33.09,0.72,3.03,-22.39,1.11,-15.87,-0.39
19.74,14.29,-14.36,-40.72,-25.11,-10.18,20.92,1.45,0.88,-21.16,-1.92,-10.25,7.36
20.18,24.58,-8.04,-51.02,-25.33,-11.2,33.73,-0.99,4.09,-30.46,-0.29,-17.98,11.36
19.81,21.42,-13.76,-54.76,-29.59,-13.99,25.48,-12.38,-8.94,-40.29,-9.7,-30.4,-4.52
20.06,14.13,-17.02,-45.96,-19.96,-2.83,31.86,5.56,4.0,-25.41,-8.66,-22.14,-1.17
19.85,24.3,-11.05,-51.75,-24.48,-8.58,30.62,-9.54,-4.9,-34.61,-0.72,-22.45,2.73
19.49,39.01,-2.49,-54.34,-8.77,-6.11,40.5,-17.04,-0.14,-37.17,3.31,-28.17,0.89
19.62,21.86,-14.07,-47.38,-23.79,-21.73,9.89,-17.71,-9.64,-36.36,-8.36,-14.53,14.68
18.94,40.05,-1.59,-59.61,-14.19,-9.53,44.99,-15.56,3.27,-42.86,4.02,-20.44,18.3
19.25,25.61,-6.65,-39.98,-19.57,-11.07,18.9,-14.17,-11.56,-38.39,-6.86,-16.46,10.96
20.05,20.91,-9.02,-40.7,-16.58,-6.79,20.03,-14.9,-10.86,-28.68,4.28,-4.85,13.48
18.76,32.76,0.26,-35.9,-14.03,-5.2,28.53,-5.05,3.73,-23.4,8.75,-10.33,12.34
19.04,35.86,3.47,-45.34,-17.29,-3.55,41.88,-1.62,8.19,-22.39,15.67,-9.81,13.94
18.74,38.1,-2.94,-43.06,-9.16,-5.0,28.15,-21.87,-2.28,-32.61,14.99,-12.67,20.11
19.37,20.86,-7.34,-34.69,-12.36,-2.42,22.16,-9.09,-10.07,-32.11,-7.79,-14.43,5.07
19.89,16.88,-13.73,-39.61,-16.45,-3.56,21.86,-11.1,-12.68,-34.59,-2.38,-6.53,16.91
19.6,18.68,-8.58,-34.92,-10.05,2.48,28.38,-6.61,-10.15,-32.4,-4.58,-12.14,3.72
18.54,28.88,-1.79,-36.59,-11.5,-2.16,30.29,-5.4,-1.58,-29.88,0.61,-13.11,8.71
18.94,42.08,3.78,-38.08,8.81,1.14,44.05,-13.96,-2.79,-33.73,5.7,-16.01,9.27
18.65,41.95,11.0,-30.47,-6.37,-3.88,34.01,-5.95,2.28,-26.91,6.26,-15.91,3.64
18.86,36.36,1.53,-42.11,-12.32,-8.14,24.6,-20.49,-11.83,-43.33,-14.88,-39.55,-14.19
18.43,31.58,3.01,-33.76,-14.95,-5.56,28.82,-2.79,-1.81,-29.72,-3.32,-21.18,-5.08
18.75,24.65,-0.18,-25.04,-6.92,2.61,22.36,-8.87,-11.8,-26.96,-2.5,-11.18,-0.49
18.99,35.89,-2.05,-43.09,-10.38,-14.8,26.59,-7.93,9.4,-21.2,2.51,-22.69,-2.29
18.94,32.21,4.41,-36.78,-21.13,-9.67,24.51,-12.11,-10.58,-33.55,-2.07,-20.41,-2.95
19.16,32.43,0.14,-41.22,-14.43,-1.85,32.32,-13.0,-6.35,-29.43,9.12,-13.91,5.56
18.78,29.39,-5.95,-46.89,-19.55,-15.47,16.3,-23.0,-12.15,-36.04,-4.51,-21.32,-0.43
20.06,17.33,-12.65,-40.51,-20.78,-10.42,12.22,-21.33,-18.76,-31.85,6.35,3.66,24.8
19.78,15.26,-12.05,-34.87,-18.0,-8.01,10.77,-13.81,-14.18,-25.04,-2.16,-6.65,4.25
19.78,19.55,-12.49,-42.38,-15.45,-5.13,21.36,-18.59,-15.61,-35.92,2.74,-8.02,11.96
20.01,25.79,-4.5,-39.33,-10.34,-1.21,28.9,-15.14,-14.45,-42.39,-9.9,-22.11,1.01
19.41,23.52,-3.0,-28.21,-12.82,-2.76,21.15,-4.81,-5.51,-25.24,-1.27,-8.09,9.59
19.8,31.68,-10.32,-55.22,-7.38,-15.07,25.13,-34.76,-16.47,-44.68,1.18,-19.95,3.34
19.95,22.82,-7.98,-42.89,-17.55,-5.16,25.83,-16.42,-13.87,-37.87,-0.81,-16.75,4.91
19.24,16.72,-7.67,-24.07,-7.41,1.53,15.72,-4.01,-3.04,-10.1,6.9,1.56,7.08
19.66,39.9,1.16,-56.13,-15.96,-6.92,37.74,-30.62,-13.51,-35.25,23.42,-9.71,15.52
18.62,19.99,-7.44,-35.96,-13.59,-0.02,27.25,-6.14,-8.81,-29.91,-2.88,-14.25,-1.94
18.93,36.05,-6.4,-61.78,-17.49,-12.21,40.13,-22.72,-4.48,-32.43,27.19,-4.02,20.09
17.87,42.96,-4.32,-53.66,1.08,-19.85,34.23,-28.76,-2.53,-26.1,15.07,-11.16,3.96
17.53,42.38,-0.49,-52.82,-11.65,-15.71,28.26,-22.25,2.83,-21.36,21.09,-14.13,4.78
18.14,30.63,-1.51,-38.05,-7.88,1.8,34.66,-3.59,3.21,-24.12,3.3,-16.11,4.63
18.35,25.28,-1.06,-26.54,-13.88,-5.07,16.23,-7.74,-7.92,-24.07,-2.26,-10.8,1.55
18.18,29.44,1.92,-35.07,-16.68,-6.2,27.07,-5.72,-3.67,-26.58,4.63,-9.35,5.4
18.5,22.26,-6.75,-34.87,-18.57,-8.23,15.48,-12.78,-11.89,-29.44,-3.27,-12.8,3.97
17.94,19.04,-12.06,-41.11,-25.87,-20.31,-0.15,-20.5,-7.73,-11.45,14.31,4.96,15.4
18.11,36.33,4.42,-32.71,-16.15,-12.7,18.26,-9.05,5.89,-14.59,14.0,-7.49,8.92
18.37,32.32,7.66,-27.87,-15.24,-5.25,24.48,-8.14,-9.61,-30.94,-0.92,-12.19,3.56
18.75,36.07,6.46,-33.15,-11.59,-1.63,34.76,-0.67,6.12,-19.04,12.88,-7.94,10.18
18.29,53.93,2.39,-53.06,4.22,-27.44,45.1,-30.01,3.72,-25.96,11.34,-10.17,4.06
17.86,32.88,4.15,-29.93,-15.99,-8.35,16.26,-11.98,-1.95,-12.48,15.9,-4.08,4.14
18.14,40.43,7.07,-40.69,-7.72,-2.66,31.65,-23.14,-10.39,-36.77,7.75,-16.11,9.91
17.93,36.41,6.94,-29.12,-2.12,6.81,31.31,-17.15,-13.16,-34.04,1.86,-18.04,3.43
19.7,33.53,13.94,-14.05,-2.42,7.65,31.34,-3.26,-14.78,-36.31,-8.13,-13.4,0.95
20.13,38.62,9.98,-20.75,10.89,14.37,39.76,-7.31,-4.61,-31.7,0.28,-18.5,2.35
19.39,39.73,12.58,-30.39,-0.2,13.53,46.49,-10.98,-9.08,-34.55,6.96,-18.83,6.66
18.84,38.26,7.48,-23.99,-0.54,3.56,25.17,-14.1,-7.6,-31.53,-5.06,-26.44,-4.17
19.37,23.58,2.58,-16.47,2.5,11.02,25.26,-8.94,-16.22,-31.59,-7.38,-12.86,-2.34
19.42,25.59,3.85,-13.5,3.74,12.12,24.95,-7.07,-13.75,-27.86,-2.46,-6.09,5.96
