2.27,-40.5,-21.43,-11.85,-16.49,-7.56,-14.02,-5.0,-7.26,5.44,3.27,9.01,0.52
3.02,-22.12,-9.64,-4.7,-6.68,11.68,-6.37,-5.46,-9.78,5.04,0.1,1.26,2.77
10.44,24.42,4.68,-23.78,-8.64,5.64,25.82,2.98,-3.74,-21.28,-3.26,-4.66,10.84
12.07,35.11,18.84,-28.75,-16.77,-1.31,26.6,-5.22,-9.99,-36.02,-1.31,-2.7,14.53
12.21,39.05,18.31,-36.6,-20.55,-1.66,16.56,-14.32,-6.61,-19.57,12.88,-4.49,0.24
13.22,25.26,-3.05,-26.4,-12.85,-7.19,9.58,-11.36,-9.51,-25.51,-10.13,-18.23,-4.0
14.72,28.0,3.26,-27.7,-13.76,-9.03,19.46,-11.94,-13.71,-37.65,-13.15,-16.45,3.25
14.64,23.88,2.13,-21.59,-16.57,-11.51,7.67,-10.02,-13.53,-30.91,-11.76,-12.85,1.07
14.8,30.7,7.25,-28.38,-19.43,-15.4,15.01,-12.67,-12.72,-36.31,-5.18,-6.85,18.66
14.86,44.32,18.08,-26.55,-14.36,-16.66,16.98,-18.36,-10.83,-33.81,1.23,-7.0,10.21
14.39,29.61,6.55,-20.69,-7.79,-4.48,19.6,-7.38,-10.71,-33.37,-11.25,-16.66,1.28
15.09,28.7,8.6,-15.69,-11.35,-6.73,12.19,-8.15,-10.16,-21.05,5.13,8.31,22.01
15.64,33.42,13.09,-17.33,-13.73,-11.57,14.11,-4.8,-3.88,-23.33,1.17,0.96,19.08
15.51,40.21,18.3,-25.48,-14.12,-7.18,25.47,-10.78,-8.28,-26.42,14.0,3.4,21.47
15.61,27.24,10.52,-6.26,-9.52,-11.15,-2.12,-10.96,-9.02,-11.16,3.22,4.96,10.44
15.58,37.58,17.94,-14.77,-9.31,-11.27,10.73,-13.1,-7.68,-22.45,12.66,8.95,22.62
15.93,37.33,16.68,-21.35,-16.13,-13.68,16.75,-11.07,-4.78,-20.22,19.51,13.2,28.62
15.95,52.61,24.38,-40.25,-4.39,-4.63,16.97,-29.47,-8.71,-28.05,14.01,-7.71,22.87
16.07,35.88,11.86,-19.19,-6.3,-3.51,20.98,-6.29,-0.74,-14.77,14.56,8.51,23.81
16.52,43.16,17.41,-28.14,-11.78,-7.99,24.77,-18.95,-9.92,-28.6,16.02,3.31,21.0
16.88,30.3,10.31,-12.92,-13.27,-14.75,0.51,-9.77,-2.43,-7.51,7.59,0.94,8.53
17.24,50.06,21.54,-34.81,-13.96,-9.89,20.52,-33.23,-17.63,-34.93,15.17,-14.28,6.22
16.99,41.42,14.56,-24.61,-9.3,-13.1,11.17,-24.15,-9.45,-20.56,18.54,3.86,18.02
17.25,34.06,10.56,-17.94,-11.39,-9.61,12.39,-9.38,-3.99,-18.6,6.44,-1.18,12.3
17.2,29.26,10.39,-11.18,-9.4,-6.56,11.28,0.51,1.29,-10.17,3.62,0.31,9.36
17.31,38.8,11.4,-18.54,-7.36,-7.18,12.73,-13.22,-4.74,-21.56,3.78,-11.82,5.41
17.33,45.93,21.21,-26.74,-14.0,-8.37,28.48,-14.29,-3.85,-23.11,21.61,0.99,19.59
16.99,38.83,18.68,-21.03,-16.22,-11.49,22.67,-5.31,-4.85,-26.82,8.1,0.44,16.08
16.52,53.21,15.83,-31.71,6.79,-24.85,26.21,-21.69,-0.72,-31.63,-0.64,-4.29,22.35
16.04,42.19,13.09,-25.8,-9.9,-7.34,24.41,-8.81,2.29,-24.65,11.46,-4.14,22.72
16.91,52.18,18.42,-29.54,4.9,-5.23,28.85,-21.4,-3.36,-28.27,10.86,-9.77,12.16
16.9,33.16,12.44,-10.77,-6.37,-2.86,14.44,-1.71,-0.85,-13.84,0.6,-6.66,3.31
16.52,28.49,11.24,-5.6,0.95,5.16,18.29,-1.45,-7.32,-16.74,4.26,9.59,21.62
17.19,35.69,16.58,-10.59,-8.1,-5.95,14.6,-2.18,-0.99,-15.2,4.1,-1.15,11.71
16.71,29.85,12.7,-4.66,-0.63,0.51,11.67,-6.89,-12.27,-22.4,-3.16,1.76,14.71
16.76,30.85,14.0,-4.65,1.73,2.54,12.5,-12.95,-16.24,-23.19,2.86,4.55,12.7
16.89,48.91,21.46,-23.83,-4.5,-5.59,25.61,-19.45,-12.66,-31.37,11.93,-10.37,9.19
17.34,42.04,15.36,-15.2,0.63,2.98,23.16,-11.1,-8.16,-28.84,-1.26,-17.23,2.44
16.86,38.18,17.55,-9.05,3.02,2.56,15.95,-15.51,-14.57,-27.83,0.77,-2.3,16.28
16.4,27.25,9.55,-3.33,-4.87,-4.73,0.02,-7.18,-5.1,-4.68,2.61,-1.39,-0.63
17.17,50.12,30.12,-17.96,-8.99,-3.09,31.63,-21.03,-21.15,-36.3,11.49,-14.85,-0.43
16.61,33.98,19.07,-5.82,-5.68,-3.82,12.74,-7.58,-10.75,-21.12,1.51,-0.61,4.79
17.08,35.76,13.75,-15.28,-6.41,-7.22,9.21,-20.08,-18.02,-32.33,-3.22,-4.53,15.1
18.07,43.57,7.08,-45.76,0.19,1.13,29.29,-45.71,-23.28,-38.81,19.88,-16.02,2.12
17.9,23.4,-0.2,-20.7,-0.43,2.05,9.99,-27.58,-26.46,-32.59,-3.02,-12.29,-6.69
17.83,30.11,3.36,-31.8,1.39,10.36,30.42,-30.0,-24.77,-35.95,16.21,-1.4,14.72
17.29,24.43,0.38,-19.39,3.07,8.86,21.42,-11.15,-9.89,-20.43,2.91,-6.87,1.79
18.04,34.22,5.4,-32.51,-3.13,6.61,30.0,-22.11,-12.84,-24.46,19.53,-6.34,6.21
18.35,50.94,3.01,-48.14,24.53,-5.01,39.03,-49.65,-9.23,-30.89,24.93,-3.53,7.65
18.3,39.49,12.77,-44.88,-1.46,16.08,42.65,-45.94,-33.07,-35.35,31.53,-9.61,4.5
16.79,48.95,5.52,-40.69,17.96,0.14,42.06,-32.11,-10.07,-35.32,8.84,-13.34,6.98
16.99,32.71,7.31,-25.28,-6.46,1.12,21.39,-21.94,-20.07,-29.29,12.07,-3.94,5.74
17.23,32.91,10.27,-18.57,-5.01,-0.2,17.45,-18.3,-19.93,-31.55,1.12,-6.28,5.43
16.22,39.04,11.79,-29.59,-7.77,-0.95,23.54,-24.79,-13.27,-22.91,21.94,1.13,14.54
16.4,37.76,9.41,-26.1,-4.75,-5.1,15.34,-23.74,-13.31,-24.94,11.84,-8.79,0.19
17.11,31.16,6.52,-17.92,2.52,7.51,17.96,-24.13,-21.31,-27.25,11.2,-0.71,10.18
17.0,35.61,10.65,-24.65,-6.26,-0.56,22.43,-19.2,-15.65,-31.16,7.3,-6.41,9.17
16.87,32.6,13.19,-17.19,-7.94,-0.62,21.4,-11.54,-17.7,-30.69,2.6,-1.85,7.22
16.52,55.58,11.73,-50.5,9.95,-5.65,36.76,-22.19,4.69,-20.63,34.88,0.82,30.88
16.35,34.53,9.28,-17.77,-5.65,-1.87,14.9,-14.95,-13.6,-28.15,0.74,-5.38,12.25
16.6,38.3,12.89,-21.25,-3.64,0.98,23.88,-12.45,-7.38,-26.62,-0.68,-15.14,1.02
16.61,30.08,7.21,-11.84,-3.16,2.06,14.51,-5.42,-5.91,-16.79,-1.72,-8.81,-1.53
15.87,47.47,11.14,-42.5,2.68,4.86,35.04,-27.16,-8.8,-31.13,19.31,-16.64,7.23
16.59,39.84,14.5,-22.87,-1.04,5.67,29.32,-21.71,-17.26,-30.39,15.5,-2.74,12.57
16.55,33.27,8.64,-15.21,2.03,0.83,14.27,-13.05,-7.21,-21.87,-3.37,-13.08,-1.09
16.26,40.22,15.35,-34.7,-7.46,6.23,36.28,-20.48,-8.74,-13.22,38.21,9.58,17.18
16.18,37.01,8.39,-29.01,-6.76,-7.9,9.47,-34.82,-16.44,-20.15,24.28,4.94,13.91
15.83,37.89,12.13,-22.77,-5.83,-7.84,9.97,-22.91,-10.62,-19.26,14.2,1.15,9.41
16.63,31.54,10.43,-14.44,-6.69,-7.87,3.27,-21.52,-15.77,-19.65,8.16,1.68,6.82
16.82,34.61,15.74,-5.61,-4.37,-5.79,3.22,-11.92,-7.4,-12.33,2.68,-5.0,1.83
16.39,54.22,23.8,-33.12,-1.24,3.71,38.36,-27.29,-10.56,-31.04,14.64,-11.24,17.41
16.81,28.67,8.65,-10.34,-7.17,-3.96,6.12,-11.75,-15.18,-23.09,-4.67,-3.25,6.53
16.1,38.93,14.17,-21.9,-7.37,-7.38,14.58,-19.17,-12.94,-24.45,10.63,-2.92,10.65
16.01,31.39,12.16,-8.2,-1.58,0.3,12.32,-12.77,-17.44,-30.03,-6.58,-5.79,6.2
16.29,31.23,11.23,-17.79,-19.67,-18.09,3.68,-13.49,-16.02,-31.81,-12.88,-17.75,-5.38
16.55,57.12,28.87,-43.19,-17.79,-12.32,30.57,-35.6,-17.4,-24.63,17.92,-29.21,3.88
16.13,40.38,14.53,-18.95,-0.87,-2.58,19.17,-13.22,-6.76,-26.29,1.94,-9.13,11.06
16.25,39.45,16.06,-23.43,-14.87,-10.73,22.05,-9.66,-8.47,-31.4,2.98,-7.75,8.91
15.91,34.25,10.67,-20.72,-10.26,-9.3,12.08,-16.52,-11.51,-25.05,3.9,-2.74,8.99
15.86,25.06,3.45,-16.29,-13.19,-7.87,7.34,-5.89,-9.45,-22.09,-8.24,-8.22,2.05
15.94,45.61,8.48,-35.58,2.44,-10.35,28.53,-21.09,-9.05,-38.96,-2.82,-24.08,-0.54
15.91,30.48,8.24,-18.75,-8.02,-0.31,23.08,-2.97,-4.71,-22.85,1.83,-4.81,8.91
16.55,29.51,6.31,-19.74,-11.26,-8.77,8.03,-14.03,-7.85,-14.97,6.31,-5.42,-1.29
16.42,37.84,13.05,-22.8,-8.96,-11.28,6.07,-29.82,-24.07,-31.41,5.06,-6.09,4.75
16.02,44.58,22.04,-17.8,-9.04,-6.76,19.37,-17.31,-7.56,-17.4,22.75,0.82,8.54
15.49,48.37,18.88,-25.57,-1.98,-10.45,23.17,-10.83,4.2,-15.63,18.32,-2.7,16.53
16.25,38.74,17.87,-19.43,-16.24,-12.8,15.54,-10.27,-7.68,-24.82,7.86,-0.08,18.21
15.95,39.71,13.99,-18.67,-6.96,-9.22,13.05,-15.9,-8.59,-27.42,-0.5,-12.51,5.44
15.54,26.72,5.85,-13.53,-4.58,-0.09,12.28,-7.87,-11.07,-23.1,-9.46,-13.87,-2.4
15.79,52.67,27.94,-37.43,-19.56,-4.2,34.07,-29.15,-22.09,-39.65,9.7,-26.31,2.35
15.4,34.29,12.27,-17.41,-12.08,-9.93,12.84,-4.87,0.4,-13.23,7.37,-1.24,10.14
15.44,30.42,8.78,-16.89,-15.38,-13.2,4.1,-13.09,-10.25,-16.99,6.71,4.73,15.2
16.28,51.85,20.42,-38.82,-19.13,-22.55,16.1,-36.16,-20.59,-45.92,0.39,-22.63,12.94
15.95,46.91,19.02,-30.15,-13.75,-16.81,16.58,-22.88,-4.4,-30.55,6.23,-9.32,11.98
15.65,42.26,16.69,-29.55,-18.25,-12.01,23.03,-14.74,-9.41,-30.56,10.03,-7.17,13.3
16.52,28.87,8.53,-10.84,-9.65,-10.18,-0.86,-16.87,-15.67,-22.28,-6.26,-9.26,0.22
16.67,28.0,11.25,-8.82,-14.99,-16.18,-2.27,-9.36,-10.51,-20.46,-8.52,-7.45,0.51
17.15,41.33,16.35,-19.2,-7.45,-7.94,16.56,-17.99,-15.28,-34.63,3.52,-2.08,21.3
17.1,32.34,11.1,-13.35,-7.33,-6.21,10.07,-7.61,-5.65,-19.46,-4.67,-8.81,5.32
16.32,40.88,8.57,-30.7,-5.86,-10.79,16.41,-27.21,-15.05,-33.11,6.07,-10.98,7.35
16.28,48.21,16.64,-35.87,-5.58,-2.73,33.1,-16.23,-6.48,-27.88,16.39,-12.59,11.69
17.23,30.03,2.87,-23.03,-13.69,-9.59,9.75,-10.47,-4.84,-18.8,3.25,-4.67,10.93
17.8,34.85,11.47,-28.74,-25.92,-21.78,15.75,-4.38,0.3,-22.87,5.65,-3.1,14.67
18.02,36.42,6.25,-33.86,-26.47,-28.77,1.8,-18.8,0.59,-18.04,9.9,-9.24,13.04
18.07,33.28,6.17,-32.52,-24.4,-26.02,6.71,-12.67,-0.7,-23.82,0.52,-9.06,13.1
18.29,37.28,6.4,-42.18,-27.86,-21.41,19.11,-16.61,-5.86,-33.09,3.42,-16.69,10.46
18.17,28.26,1.82,-37.19,-28.03,-20.66,19.78,1.31,9.51,-15.62,9.26,-4.75,9.64
18.78,40.72,7.41,-43.01,-22.84,-19.38,22.89,-17.45,-2.37,-30.95,11.36,-9.64,14.42
18.68,34.75,4.93,-41.16,-27.59,-19.3,18.74,-13.55,-3.08,-22.65,12.56,-9.26,6.15
18.53,30.23,6.1,-35.87,-30.16,-20.93,18.27,-8.38,-9.27,-33.15,-0.79,-9.14,8.94
18.46,25.13,1.2,-31.89,-26.08,-17.62,18.54,3.29,2.95,-23.01,-2.65,-7.63,11.2
18.64,33.1,0.15,-41.03,-20.14,-11.65,28.21,-6.75,2.62,-29.5,6.25,-10.45,21.81
18.97,33.83,5.47,-43.35,-24.21,-8.92,38.05,-2.69,0.28,-30.25,9.36,-11.48,13.12
18.77,32.82,-2.55,-39.81,-11.29,-12.88,28.7,-0.91,11.51,-18.39,8.04,-9.6,11.5
18.25,20.83,-3.8,-26.16,-14.74,-6.02,17.22,3.44,4.22,-13.34,-2.83,-9.22,3.64
18.06,28.47,-0.7,-30.04,-14.85,-7.12,20.51,-0.25,6.41,-14.64,5.48,-6.62,13.54
18.32,19.89,-7.44,-34.95,-18.93,-7.6,20.61,-0.1,0.36,-22.01,-5.51,-14.14,1.73
18.18,32.16,4.4,-35.43,-25.17,-16.8,19.59,-4.44,2.06,-18.55,9.41,-6.56,7.94
18.41,22.86,-4.69,-34.68,-25.27,-19.85,6.31,-8.98,-4.46,-24.4,-11.7,-24.32,-12.72
18.7,28.96,4.31,-31.3,-24.53,-18.35,19.53,2.79,7.09,-22.13,-0.64,-9.44,14.27
17.95,23.59,-5.41,-39.56,-25.46,-16.95,15.49,-6.2,-0.63,-20.2,5.33,-4.24,12.2
17.58,25.03,2.42,-23.08,-17.75,-9.7,15.5,-0.07,-2.05,-17.62,3.56,1.6,11.78
18.66,41.76,9.15,-39.79,-11.02,-5.23,39.34,-4.83,4.85,-30.53,8.69,-14.91,10.92
19.58,29.69,1.71,-32.44,-21.03,-20.45,4.18,-27.35,-27.02,-50.69,-18.85,-22.2,1.47
19.08,40.1,3.28,-33.86,-2.84,-21.56,18.14,-16.52,2.1,-22.63,5.96,-0.99,22.17
20.33,42.21,2.79,-49.05,-11.19,-12.33,34.57,-20.34,-1.86,-36.64,10.3,-13.83,16.98
20.65,23.15,-7.74,-44.0,-23.42,-14.63,14.46,-17.98,-8.29,-23.52,8.67,-7.34,5.82
21.26,27.31,-6.91,-44.72,-20.71,-11.63,26.85,-0.76,11.04,-15.22,13.17,-5.2,14.78
20.75,24.2,-2.91,-38.75,-23.34,-11.55,22.37,-8.25,-8.97,-32.45,-2.44,-14.08,1.63
20.53,26.15,3.06,-27.4,-20.74,-11.54,20.71,3.07,2.86,-16.43,6.09,-2.93,4.64
20.93,22.41,-4.72,-40.48,-30.58,-21.52,14.25,-7.09,-4.73,-26.72,1.58,-5.65,8.95
20.32,22.95,-3.37,-32.7,-19.65,-8.41,24.47,4.91,5.38,-17.44,4.58,-7.08,2.83
20.82,21.97,-5.77,-34.86,-21.38,-12.32,17.04,1.94,9.01,-9.28,4.8,-10.32,-0.78
20.48,22.45,-4.87,-25.73,-10.8,-1.55,16.78,-5.09,-5.03,-20.95,-3.79,-11.31,3.56
20.49,42.3,0.84,-52.83,-7.54,-9.32,37.56,-22.32,-4.27,-39.57,6.03,-21.65,9.72
19.92,36.47,8.21,-31.23,-8.29,-7.0,26.96,-12.68,-7.22,-32.64,6.06,-6.6,12.86
20.18,42.32,10.16,-44.09,-16.33,-6.38,37.87,-15.48,-5.11,-35.73,12.52,-12.76,13.84
20.28,24.01,-2.99,-28.5,-18.7,-9.54,15.24,0.89,5.89,-10.7,1.41,-14.0,-2.31
20.11,27.66,1.69,-25.85,-13.61,-9.35,12.73,-6.53,-1.27,-18.64,-6.32,-21.47,-9.39
20.63,48.62,10.85,-43.53,-11.86,-11.38,38.52,-12.63,6.07,-31.02,12.3,-19.27,13.26
20.09,31.67,10.08,-26.22,-17.24,-4.59,28.6,-4.48,-11.04,-32.78,2.78,-3.08,16.06
19.75,26.85,1.03,-25.16,-14.03,-5.97,16.45,-8.09,-10.19,-31.16,-11.32,-18.36,0.32
21.1,39.7,8.45,-48.78,-16.8,0.55,44.44,-22.28,-13.44,-40.65,16.49,-15.35,11.56
20.7,33.97,3.25,-34.78,-11.47,-10.61,24.28,-11.73,-8.01,-41.18,-10.53,-20.71,7.01
19.91,27.28,3.38,-25.68,-10.65,-1.86,22.9,-8.94,-14.9,-37.22,-8.61,-10.85,9.56
19.89,30.13,3.53,-30.91,-18.59,-9.65,19.86,-10.22,-13.22,-36.73,-7.75,-16.24,1.44
19.71,35.77,6.35,-41.13,-25.36,-16.1,24.07,-13.51,-7.51,-31.99,5.46,-15.76,3.4
20.27,33.55,4.25,-37.62,-19.54,-10.49,22.85,-16.14,-13.01,-34.64,3.29,-11.38,7.54
20.13,30.56,4.7,-29.14,-16.98,-10.04,15.87,-13.51,-11.11,-25.92,3.46,-6.71,7.19
20.06,37.67,10.75,-31.21,-16.68,-8.16,28.15,-8.42,-6.07,-31.52,4.84,-10.29,9.55
19.38,38.07,10.04,-34.34,-16.63,-7.26,31.31,-6.03,-0.47,-25.78,9.95,-8.66,10.41
19.06,59.29,19.85,-62.95,-26.01,-14.93,51.36,-42.11,-16.94,-27.55,33.59,-16.58,11.12
18.91,24.93,0.75,-26.92,-22.17,-18.03,4.92,-10.67,-8.5,-22.16,-1.58,-1.75,14.3
19.17,38.97,6.25,-34.11,-8.56,-10.05,27.78,-7.51,4.23,-22.74,6.88,-10.7,11.38
19.79,32.12,7.05,-29.68,-17.58,-8.72,24.31,-4.87,-5.61,-30.86,-4.29,-15.39,5.64
19.64,29.71,7.53,-23.18,-15.6,-9.41,17.02,-7.44,-10.85,-31.27,-4.22,-5.07,14.76
19.9,30.02,1.97,-31.09,-14.26,-9.25,13.26,-19.87,-16.28,-32.05,-3.05,-12.89,5.19
19.41,24.57,1.13,-20.3,-16.18,-14.98,-4.76,-21.8,-18.46,-21.97,-3.13,-6.65,0.83
19.42,31.09,8.73,-20.93,-9.73,-3.74,15.48,-19.38,-23.24,-36.51,-3.74,-8.94,4.8
19.51,31.1,9.05,-12.58,-7.8,-5.72,5.62,-15.62,-16.67,-25.48,-4.67,-7.31,3.88
19.36,32.13,8.02,-24.51,-14.81,-10.33,12.02,-16.86,-13.47,-23.06,11.99,6.82,19.36
19.82,29.51,6.03,-20.24,-18.76,-17.58,-1.29,-15.81,-11.78,-20.49,-3.48,-9.56,0.9
19.67,30.21,5.91,-24.23,-16.12,-11.06,12.38,-8.84,-5.32,-19.83,1.73,-6.48,5.61
19.81,38.48,8.82,-37.34,-20.52,-11.65,22.24,-19.6,-12.18,-29.54,13.95,-6.28,11.5
19.27,42.0,5.4,-40.22,-10.09,-16.9,27.22,-9.05,12.24,-14.33,16.57,-10.39,5.81
19.84,32.9,5.27,-29.48,-19.03,-13.19,14.43,-13.47,-9.53,-29.88,-0.38,-10.91,8.18
19.96,28.45,5.26,-24.52,-19.57,-18.27,4.59,-15.8,-16.03,-36.43,-15.01,-13.19,12.02
19.74,41.2,11.95,-30.64,-15.61,-13.15,23.82,-9.11,0.17,-30.38,5.74,-10.45,15.91
19.84,48.69,5.04,-53.92,-13.92,-29.83,30.31,-17.02,10.92,-30.94,11.1,-18.52,10.62
18.89,36.5,8.26,-32.78,-15.95,-12.24,23.97,-10.43,-5.37,-33.51,-0.97,-13.71,13.03
19.18,36.36,7.76,-32.65,-16.94,-15.72,21.99,-1.8,10.6,-18.91,2.93,-15.16,9.8
19.17,22.21,0.33,-19.75,-19.22,-15.53,-0.17,-10.78,-13.07,-24.08,-10.98,-9.55,2.68
19.19,42.3,15.22,-36.28,-27.99,-22.65,16.32,-19.83,-8.69,-29.12,9.54,-14.71,3.04
18.64,42.42,4.1,-48.8,-22.88,-26.75,22.32,-14.07,14.31,-10.57,28.34,-0.68,26.47
19.05,44.88,15.52,-41.78,-24.74,-12.16,34.38,-13.88,-0.47,-18.29,26.54,-11.29,3.31
18.88,43.45,12.37,-40.47,-19.71,-12.96,28.77,-11.96,5.82,-10.45,35.91,7.59,22.29
18.27,29.6,6.34,-24.12,-12.66,-2.55,25.68,-0.48,-4.73,-26.76,-3.41,-12.6,1.61
18.34,49.89,13.05,-36.47,-6.21,-6.91,30.36,-19.52,-0.76,-30.77,19.54,-8.35,21.99
18.04,22.8,0.93,-18.99,-9.49,-3.94,10.8,-10.19,-13.95,-25.88,-6.17,-4.59,8.45
18.3,33.7,5.73,-25.03,-2.55,6.16,33.29,-5.24,-2.92,-29.01,3.57,-9.51,15.46
18.02,32.56,4.47,-28.71,0.11,9.94,41.11,3.47,5.49,-24.22,2.41,-13.73,8.65
18.75,32.3,4.0,-31.13,-15.36,-5.72,27.22,-1.14,3.08,-21.82,5.05,-11.13,7.67
18.5,33.59,3.42,-31.86,-8.3,-5.94,30.14,4.39,13.92,-15.47,6.24,-9.35,13.67
18.83,15.68,-9.75,-30.34,-29.65,-22.71,-2.64,-5.74,-3.93,-14.82,-6.51,-9.67,-3.23
19.37,38.42,0.21,-43.7,-13.7,-25.38,23.12,-8.7,11.38,-18.28,9.49,-9.88,9.35
19.79,30.06,3.53,-30.97,-20.13,-10.32,27.06,8.29,13.98,-10.01,13.16,-2.64,10.19
19.67,35.95,3.43,-48.37,-25.97,-11.29,33.44,-8.75,2.81,-21.92,14.75,-19.47,-2.69
19.13,26.73,-4.2,-30.62,-17.25,-10.56,9.4,-13.09,-7.18,-24.79,-6.04,-20.26,-3.17
19.11,26.24,0.26,-27.21,-11.42,-4.31,18.26,-9.21,-9.51,-26.28,-2.21,-7.28,8.21
18.69,33.6,5.62,-34.96,-20.77,-9.89,27.0,-2.49,3.93,-18.01,14.94,-2.15,14.94
18.42,46.81,16.0,-49.52,-27.84,-8.65,44.78,-16.04,-5.11,-26.59,24.96,-18.34,2.73
18.9,27.87,4.98,-22.0,-15.1,-9.84,14.56,-1.89,4.01,-9.68,9.24,-3.76,3.76
18.96,31.45,3.06,-32.62,-20.46,-16.73,12.15,-9.94,1.07,-14.64,8.89,-6.94,4.84
19.02,32.27,3.54,-34.17,-23.25,-16.23,20.51,-1.69,6.82,-15.21,12.94,-2.19,16.13
19.36,24.8,0.83,-32.28,-26.4,-21.58,13.62,0.2,4.03,-23.89,-7.06,-15.07,5.14
19.43,26.47,2.75,-26.43,-22.67,-17.78,14.72,6.03,11.41,-13.33,2.08,-3.05,18.82
19.52,30.12,3.34,-32.68,-23.02,-20.18,16.11,2.73,14.41,-11.85,3.87,-11.0,8.0
19.5,28.88,2.89,-35.28,-27.6,-20.02,25.05,13.04,22.4,-8.69,10.13,-6.24,13.14
19.24,31.83,8.36,-30.12,-22.92,-17.85,26.21,13.13,21.81,-10.55,7.34,-9.17,11.35
18.96,41.68,12.32,-36.72,-21.45,-14.61,32.36,-0.59,12.62,-21.18,8.87,-20.37,0.53
18.9,36.78,8.58,-35.49,-17.07,-6.04,36.38,5.85,15.29,-12.38,14.79,-11.43,6.31
18.04,31.16,1.1,-33.2,-15.78,-4.41,31.86,9.6,19.53,-4.45,19.62,-0.29,18.2
18.34,41.89,9.42,-37.7,-11.95,-8.74,37.97,2.2,16.95,-14.97,20.42,-5.68,10.8
18.98,42.23,6.93,-38.78,-15.57,-19.19,23.98,-10.56,8.45,-20.65,13.07,-12.53,8.81
19.4,26.32,1.92,-26.31,-19.69,-13.34,13.19,1.89,10.19,-0.69,17.8,7.79,13.83
19.22,28.09,5.49,-16.59,-12.72,-9.41,10.13,2.91,13.46,4.64,15.14,-0.61,1.68
19.12,46.72,9.29,-42.85,-10.46,-18.17,30.87,-15.57,5.98,-22.44,21.29,-4.31,17.33
18.65,34.09,8.95,-23.25,-12.12,-8.47,20.91,0.44,6.95,-12.7,8.6,-5.37,5.26
18.97,46.5,13.14,-38.45,-7.85,-8.02,38.41,-9.31,2.37,-34.98,5.29,-18.29,13.42
19.75,38.13,12.08,-41.93,-26.35,-16.28,37.19,-0.41,6.41,-30.57,9.06,-11.92,13.06
18.97,26.78,2.61,-25.74,-18.13,-12.04,16.02,4.05,10.59,-5.59,9.64,-1.52,7.2
19.87,42.2,6.34,-48.2,-14.57,-17.68,37.81,-13.24,0.35,-40.33,3.78,-14.88,23.93
20.37,37.36,5.4,-44.72,-22.62,-19.55,23.59,-17.22,-5.89,-39.15,0.86,-15.82,11.73
19.96,38.51,9.2,-31.46,-10.73,-3.74,34.79,-3.49,1.6,-33.52,2.89,-12.75,19.38
19.49,27.9,7.23,-19.9,-16.05,-14.83,9.96,-6.37,-8.4,-33.31,-16.87,-16.92,4.74
19.3,31.4,3.58,-35.42,-23.55,-15.93,20.27,-4.27,3.22,-21.65,5.88,-8.44,11.11
19.3,24.69,1.35,-21.61,-15.91,-13.63,1.87,-13.26,-10.9,-22.65,-11.76,-21.54,-15.39
19.08,38.34,8.77,-30.56,-13.22,-7.57,20.86,-20.18,-14.72,-36.6,2.54,-13.01,10.26
18.34,38.32,12.34,-29.1,-14.6,-7.23,22.69,-15.92,-13.31,-36.21,-1.13,-14.57,7.42
18.91,28.94,7.93,-16.72,-12.37,-9.32,9.58,-10.8,-14.2,-30.66,-8.5,-6.66,10.72
19.16,32.65,11.53,-19.48,-16.31,-14.18,12.33,-6.61,-7.99,-31.02,-11.16,-13.27,8.86
18.96,42.56,10.09,-37.17,-16.88,-11.98,21.23,-23.7,-10.7,-33.34,6.58,-19.24,2.85
18.72,33.29,7.08,-26.44,-10.2,-3.52,22.18,-9.43,-6.94,-26.01,0.9,-13.27,0.1
18.01,29.47,1.49,-28.28,-12.32,-13.89,7.81,-19.32,-16.75,-37.1,-14.64,-22.38,-8.18
18.35,22.57,-0.37,-21.27,-8.92,-1.59,14.8,-7.65,-9.91,-22.4,-5.47,-11.48,-1.95
18.79,32.1,7.1,-22.02,-11.17,-8.95,13.15,-16.57,-18.74,-43.65,-15.32,-17.67,6.86
18.28,32.17,8.31,-17.39,-1.58,2.02,22.67,-5.83,-9.54,-30.64,-10.4,-18.23,-3.36
17.99,33.74,12.38,-15.87,-8.29,-6.54,17.06,-7.63,-11.65,-38.86,-14.84,-15.05,9.31
17.88,25.45,7.75,-9.03,-2.22,2.18,15.74,-5.08,-14.07,-28.42,-9.31,-4.95,5.81
16.83,32.18,10.04,-15.75,-6.33,-2.88,14.45,-9.56,-10.14,-22.3,2.27,-1.58,9.34
18.26,35.49,11.03,-25.81,-10.18,-1.04,26.12,-12.88,-12.48,-30.03,5.76,-9.25,4.39
17.94,49.99,15.72,-34.6,-1.69,-6.28,30.47,-21.75,-7.19,-32.9,13.88,-12.11,12.31
17.98,57.83,16.71,-43.29,5.11,-6.13,50.77,-15.54,6.27,-32.94,16.79,-12.68,24.08
17.58,44.62,10.77,-40.83,-9.58,-10.42,23.85,-27.34,-14.29,-40.15,0.48,-21.75,2.42
18.05,33.23,11.54,-19.92,-6.74,2.85,31.83,1.0,-3.04,-25.08,4.55,-2.74,11.84
17.77,48.82,26.38,-43.32,-16.05,7.93,43.72,-31.46,-18.09,-20.48,22.87,-19.66,5.41
17.68,36.77,15.05,-28.55,-24.6,-12.46,23.07,-15.29,-19.07,-36.78,1.26,-14.54,0.42
18.12,29.74,8.42,-11.31,-8.3,-5.83,6.37,-8.25,-8.0,-17.35,-3.56,-7.67,0.75
17.71,31.64,11.68,-13.51,-10.92,-9.7,9.27,-6.71,-5.29,-19.22,-1.2,-3.79,9.3
17.46,28.98,8.08,-14.28,-11.61,-7.95,7.75,-7.72,-9.14,-19.53,-0.81,-2.31,6.55
17.33,44.23,17.4,-31.67,-12.34,-4.94,26.38,-27.79,-20.76,-39.47,9.08,-13.85,10.17
18.05,38.44,11.88,-24.8,-13.48,-11.58,14.16,-20.07,-14.45,-34.04,1.06,-7.88,15.56
17.55,32.68,14.38,-11.47,-10.45,-7.29,11.61,-8.89,-14.93,-30.14,-9.41,-9.62,3.52
16.74,37.46,11.57,-22.84,-7.83,-8.01,10.95,-25.66,-18.63,-30.51,8.53,-0.81,16.19
16.92,43.53,16.8,-32.05,-17.88,-10.78,20.62,-26.6,-17.51,-29.34,21.49,-0.91,14.35
17.98,28.14,5.76,-18.67,-13.42,-8.28,10.93,-8.81,-11.77,-26.05,-3.77,-3.94,8.99
18.19,31.6,8.9,-22.97,-16.3,-12.76,11.3,-12.68,-9.85,-22.49,7.59,2.04,12.44
18.0,34.81,8.28,-28.19,-17.5,-17.72,6.78,-18.97,-9.41,-22.95,5.89,-5.29,7.23
17.87,36.85,13.75,-27.75,-22.64,-14.83,21.21,-5.37,-1.98,-22.33,8.28,-7.44,5.39
17.8,42.55,11.29,-36.19,-12.14,-6.68,34.88,-9.11,4.33,-22.5,17.53,-5.37,16.97
18.05,28.58,3.41,-24.41,-12.62,-6.4,16.27,-4.1,0.97,-13.23,4.71,-8.08,0.3
17.57,48.7,17.35,-33.55,-15.37,-14.07,21.84,-15.37,0.83,-22.18,18.31,-10.02,16.89
17.76,44.52,15.41,-35.9,-15.33,-6.35,29.43,-21.07,-8.4,-25.68,22.15,-6.69,10.92
17.2,45.76,8.71,-35.22,-6.65,-6.11,28.87,-17.27,2.72,-23.33,17.97,-11.07,11.81
17.02,38.97,7.82,-36.15,-10.49,-5.99,30.68,-11.68,-1.79,-27.79,12.07,-6.44,12.87
17.11,39.04,5.66,-37.49,-15.73,-13.26,18.72,-25.43,-13.46,-33.66,11.0,-11.51,4.74
17.27,52.36,9.75,-50.62,2.05,-0.95,51.6,-20.02,5.67,-27.33,23.93,-17.92,9.1
17.08,33.01,5.17,-27.2,-9.72,-3.42,24.31,-3.94,1.72,-19.54,7.4,-6.31,9.89
17.33,49.96,6.75,-43.88,6.67,-5.77,39.72,-28.67,-2.96,-28.88,16.85,-11.47,9.3
17.3,34.44,4.75,-32.65,-8.33,0.31,27.27,-15.7,-8.94,-26.49,13.74,-6.3,9.36
17.39,26.28,1.54,-23.17,-5.24,-1.5,16.25,-13.07,-9.99,-21.86,6.82,1.12,10.35
17.5,38.29,8.23,-32.31,-10.24,-2.12,27.84,-15.17,-7.62,-27.16,11.89,-8.39,8.36
17.45,35.14,7.99,-29.23,-12.62,-7.03,19.63,-16.46,-12.6,-29.86,2.77,-10.88,7.2
17.39,33.52,6.39,-29.18,-10.5,-0.41,27.21,-8.6,-4.37,-22.14,9.96,-7.61,7.52
16.81,27.88,2.64,-23.42,-7.93,-5.9,10.0,-18.84,-10.99,-16.64,13.77,5.89,13.92
16.68,33.56,8.04,-27.11,-12.19,-3.87,22.86,-11.41,-8.39,-18.82,19.98,7.12,14.59
17.36,34.77,6.78,-31.16,-10.41,-5.41,19.51,-22.74,-15.7,-31.65,8.49,-5.1,11.92
17.16,57.03,22.27,-50.34,-11.73,-6.8,38.54,-36.13,-9.85,-34.06,18.75,-16.69,13.62
18.0,38.94,11.67,-29.36,-14.38,-10.04,19.46,-17.15,-12.84,-34.19,-0.99,-16.5,1.65
17.79,46.06,13.34,-28.56,-10.34,-9.81,19.92,-19.4,-6.13,-30.74,6.51,-17.04,9.19
16.61,50.72,13.18,-44.87,-2.63,2.53,29.95,-21.79,7.01,-17.82,23.11,-10.96,15.81
17.35,39.99,13.58,-31.68,-16.03,-6.27,28.23,-12.25,-6.58,-21.89,17.44,-4.35,6.94
17.82,23.87,0.11,-25.5,-21.9,-21.24,-6.02,-22.04,-15.42,-20.83,-2.95,-13.45,-10.56
17.69,31.82,7.12,-20.81,-16.96,-18.0,-1.12,-18.84,-11.43,-23.28,-3.08,-9.43,5.8
16.88,22.82,1.57,-14.77,-6.3,-4.93,1.35,-19.21,-18.44,-19.6,-0.92,-3.6,-0.09
17.47,30.59,6.89,-14.41,-5.53,-1.3,11.05,-12.06,-11.83,-21.38,-3.14,-12.97,-3.15
17.53,34.47,12.87,-19.85,-13.13,-7.32,16.57,-14.01,-17.38,-33.46,-2.14,-7.0,6.21
17.36,33.5,9.9,-21.12,-10.77,-7.23,14.34,-17.32,-18.88,-38.53,-6.69,-9.12,12.02
17.58,39.35,11.38,-27.72,-10.58,-10.3,17.28,-18.06,-9.11,-27.12,8.76,-3.43,15.81
17.93,31.23,5.83,-21.99,-13.56,-12.17,2.05,-29.15,-29.24,-41.32,-12.34,-16.59,-0.22
17.35,39.93,9.48,-26.12,-3.78,-12.25,14.6,-17.86,-5.54,-28.01,2.01,-9.47,11.82
17.31,40.44,11.29,-24.68,-2.43,-1.75,26.07,-12.05,-8.38,-34.31,-1.01,-15.1,8.65
16.63,32.75,10.25,-24.64,-15.14,-3.25,29.19,1.84,0.54,-19.15,7.86,-5.18,5.13
17.56,33.61,4.82,-34.34,-14.76,-3.24,29.87,-10.96,-11.18,-36.79,-0.81,-17.58,3.75
17.25,28.69,5.17,-21.75,-8.35,-1.05,18.56,-11.22,-15.09,-32.73,-9.34,-15.15,0.7
17.52,38.25,13.73,-29.44,-12.94,-3.97,29.18,-9.33,-5.47,-28.02,5.69,-8.95,11.16
17.45,23.46,0.9,-21.5,-13.85,-8.15,7.84,-13.81,-18.36,-30.0,-9.9,-11.48,-1.39
17.5,44.69,7.29,-30.22,-3.33,-0.22,28.21,-19.44,-5.25,-36.8,3.08,-21.92,13.55
17.43,40.33,9.95,-33.87,-1.81,7.23,42.33,-10.45,-5.79,-36.51,3.52,-18.19,8.5
17.25,34.46,8.73,-30.73,-18.56,-11.04,19.82,-14.45,-14.29,-36.17,-1.24,-11.16,8.58
17.19,42.09,12.31,-34.27,-14.08,-8.13,26.56,-16.07,-8.0,-31.87,7.29,-15.12,3.76
17.07,34.95,7.62,-30.67,-12.94,-3.36,28.32,-10.47,-7.44,-29.3,6.57,-7.15,14.64
17.24,27.02,1.45,-25.97,-13.05,-7.51,14.42,-7.91,-6.19,-22.46,-2.56,-10.19,3.62
17.35,32.38,7.67,-27.12,-16.02,-10.21,13.82,-17.56,-16.39,-30.41,-2.44,-16.99,-9.09
17.45,45.2,18.57,-30.74,-10.15,1.4,35.12,-21.73,-20.18,-37.08,13.12,-12.82,6.55
16.96,47.02,19.83,-37.56,-13.98,-2.73,34.5,-26.13,-17.47,-30.76,16.98,-13.6,4.75
17.65,40.31,13.43,-22.1,-2.37,0.33,25.3,-13.99,-9.78,-29.36,2.05,-13.14,3.68
17.16,24.01,3.33,-15.13,-15.13,-11.59,-0.26,-12.41,-16.3,-23.68,-11.23,-12.31,-7.99
17.07,42.39,20.15,-29.39,-22.98,-4.97,30.61,-18.28,-19.42,-25.23,25.53,-5.36,3.67
17.24,29.62,8.76,-13.13,-11.07,-8.35,5.49,-9.55,-9.06,-16.8,-0.84,-5.93,1.4
16.9,46.76,11.62,-34.98,-4.6,-14.89,28.13,-14.24,1.77,-20.88,17.98,-5.43,12.15
16.83,49.98,11.88,-42.51,-16.09,-12.22,26.42,-31.5,-12.47,-37.64,8.05,-24.76,4.34
17.35,55.37,17.1,-40.76,-3.86,-16.11,34.64,-20.41,-2.11,-33.29,10.06,-23.73,5.28
16.8,34.21,10.97,-18.6,-4.62,-3.24,21.17,-5.98,-8.22,-35.24,-13.17,-11.75,15.99
17.55,28.31,6.91,-16.02,-9.27,-6.11,11.48,-6.32,-6.61,-20.94,-2.61,-2.28,13.35
17.09,35.58,8.18,-23.6,-11.21,-8.66,14.78,-11.64,-2.75,-18.58,9.01,-3.93,11.83
16.5,32.53,9.46,-18.18,-9.32,-6.16,13.87,-7.95,-4.68,-18.42,3.54,-4.21,7.31
16.72,39.51,17.87,-28.86,-21.7,-12.01,26.07,-8.33,-6.7,-25.28,11.02,-6.3,9.34
16.95,24.42,6.04,-9.23,-4.47,-0.05,13.99,3.46,0.95,-10.59,-2.28,-3.44,5.73
17.08,56.33,20.29,-42.55,-4.24,-4.46,39.93,-20.77,-4.95,-35.19,13.85,-22.06,4.97
17.0,22.55,-0.5,-24.07,-14.96,-8.76,12.09,-7.87,-12.44,-31.88,-15.25,-15.24,3.69
17.35,31.1,3.45,-32.5,-21.69,-15.12,14.5,-15.41,-14.74,-41.41,-14.21,-26.03,-5.93
16.89,22.36,-0.63,-22.77,-17.01,-12.72,6.75,-5.17,-3.81,-17.24,-3.21,-2.69,13.7
16.22,33.31,8.42,-22.61,-14.91,-11.79,14.67,-6.76,-4.1,-25.73,-1.72,-8.69,14.93
16.48,28.53,4.64,-25.76,-20.07,-14.86,10.3,-7.45,-5.6,-23.61,-4.79,-12.79,0.03
16.73,43.35,14.9,-33.09,-17.24,-10.92,29.17,-9.97,1.91,-27.27,6.71,-18.26,6.02
15.65,32.75,8.63,-21.73,-8.35,-3.41,23.01,-1.99,-0.65,-22.75,-2.28,-9.46,12.04
15.61,38.55,11.02,-28.34,-10.2,-1.31,28.56,-11.88,-3.08,-19.47,20.58,0.02,16.84
16.52,33.11,5.85,-25.11,-2.03,2.64,26.94,-7.48,-3.03,-24.05,3.93,-7.17,10.74
16.56,21.64,-2.48,-17.5,-1.97,9.13,23.0,1.05,-3.2,-15.92,0.65,-2.87,10.85
17.15,28.44,3.82,-26.65,-3.95,9.11,38.01,-0.9,-6.22,-33.37,-4.75,-13.12,10.22
16.85,36.56,7.79,-30.37,0.38,7.22,40.65,-8.48,-9.22,-37.55,4.46,-6.77,22.59
17.05,40.19,6.28,-39.7,-1.19,8.49,43.52,-14.43,-1.22,-23.07,22.25,-3.89,14.78
16.81,19.65,-3.41,-18.91,-4.86,6.58,23.87,4.91,0.92,-14.6,0.48,-2.35,12.03
17.3,35.28,6.2,-36.29,-9.54,1.78,39.02,-6.94,-3.07,-31.63,10.01,-3.62,24.18
16.61,29.03,4.59,-20.15,-7.01,1.23,24.76,-0.66,-3.46,-24.72,0.76,-1.53,21.23
16.94,37.33,8.03,-38.1,-12.62,1.39,42.98,-4.07,-0.3,-29.78,10.78,-9.16,18.01
16.59,31.3,5.6,-24.77,-1.46,12.44,45.8,10.37,7.21,-19.97,10.47,-0.72,20.96
16.41,36.56,8.33,-27.91,-0.66,7.1,38.45,-1.88,3.14,-23.74,6.93,-4.17,20.85
16.85,40.8,3.64,-38.92,-2.6,9.08,49.52,1.0,15.5,-21.01,19.23,-11.73,25.0
16.53,23.81,1.12,-21.71,-6.76,3.38,28.41,8.04,4.71,-17.64,-0.62,-2.08,18.94
16.32,39.62,15.95,-33.36,-7.54,11.27,54.87,3.02,1.95,-28.68,16.26,-7.02,11.58
16.4,33.15,3.86,-33.05,-7.01,1.96,33.84,-3.58,2.36,-24.75,6.38,-6.58,20.86
16.7,25.76,-0.65,-28.49,-4.49,9.37,39.62,4.22,0.09,-29.57,1.94,-1.46,30.09
16.04,34.86,2.88,-34.97,-2.03,1.08,37.05,-2.88,6.67,-18.93,18.2,3.54,27.39
15.7,25.79,-0.17,-21.68,-1.1,11.37,32.18,4.67,5.86,-9.66,13.55,1.91,14.57
15.67,50.02,11.2,-48.62,5.08,3.99,51.96,-10.5,4.09,-21.76,32.43,0.45,27.76
15.34,41.22,5.59,-38.47,6.46,5.88,41.86,-7.98,5.66,-21.76,16.55,-7.14,13.19
15.27,39.09,7.03,-38.2,-4.77,5.81,43.26,-2.87,8.43,-12.77,26.66,-2.15,12.4
15.15,43.02,9.14,-43.94,-0.64,5.69,41.19,-11.76,2.01,-20.13,19.9,-11.87,4.86
15.28,24.08,0.59,-25.23,-8.77,2.46,28.74,2.57,-0.46,-19.38,4.23,-2.44,9.93
15.21,38.5,5.92,-35.64,-6.45,-3.75,36.68,1.53,14.18,-17.2,15.56,-1.35,23.11
15.08,43.09,12.42,-38.71,-8.77,6.14,49.38,-3.26,6.83,-19.85,28.45,-2.79,20.53
15.28,30.07,1.37,-36.66,-10.88,3.08,40.26,1.88,5.41,-17.89,19.2,3.98,23.1
15.34,30.54,0.33,-31.35,2.35,7.87,37.12,-1.74,5.27,-20.26,15.17,3.64,27.75
15.57,41.64,2.05,-50.14,-1.58,2.39,44.81,-10.57,8.78,-17.19,33.43,5.58,39.18
15.58,35.36,2.1,-38.86,-1.1,5.24,47.47,4.11,10.31,-20.56,20.44,4.92,32.01
15.04,41.66,10.25,-32.69,3.78,3.76,46.03,-1.73,11.42,-26.33,10.69,-0.98,31.46
15.13,38.57,13.62,-37.98,-4.8,21.26,57.8,-5.74,-6.83,-24.32,27.34,5.13,25.34
14.91,25.65,-2.1,-19.25,-0.18,9.86,25.02,0.39,4.07,-6.75,13.3,2.35,16.22
14.87,34.7,6.59,-26.44,1.01,5.15,33.3,2.46,8.35,-12.89,16.09,3.9,22.35
15.23,23.98,2.0,-18.32,2.35,17.01,41.35,11.44,5.68,-13.68,12.87,8.78,24.04
15.03,42.44,6.33,-35.02,14.51,12.68,48.57,-0.41,13.28,-13.58,24.15,-3.17,18.43
15.28,45.74,15.98,-51.0,-7.89,17.92,56.97,-19.01,1.81,-17.5,39.8,9.82,36.36
15.54,31.46,7.73,-26.27,-1.22,16.29,51.98,12.49,10.35,-12.27,23.52,12.45,31.85
15.05,35.5,13.57,-22.57,1.1,16.82,49.25,11.95,9.44,-14.26,14.67,1.19,20.37
15.36,33.28,9.52,-25.65,-2.34,11.73,48.66,16.02,11.59,-20.47,5.84,-8.53,18.33
15.51,39.04,14.99,-32.18,-0.43,21.26,60.99,13.08,7.19,-23.42,14.2,-11.92,12.84
15.24,23.47,2.39,-14.86,1.17,13.18,35.78,19.14,14.83,-7.77,-1.29,-8.57,6.39
15.48,24.92,4.7,-12.13,-1.01,10.66,35.62,24.23,20.4,-1.55,5.2,-2.02,11.73
15.35,29.72,9.89,-16.92,-7.43,3.06,35.58,18.4,14.57,-12.24,3.69,-1.82,15.03
15.43,32.41,12.97,-12.91,-0.93,8.12,33.84,11.08,4.55,-16.38,5.0,3.12,19.82
15.72,36.35,14.92,-15.08,3.72,11.95,35.1,-4.03,-8.04,-30.18,4.54,0.75,20.57
15.45,27.19,5.16,-14.14,-1.22,8.15,25.8,3.27,-1.83,-20.01,-2.01,-1.81,17.97
15.73,37.47,9.81,-25.56,2.54,5.21,36.69,-4.52,0.1,-29.14,7.09,1.79,35.08
15.69,30.49,8.71,-14.56,-1.84,5.46,24.65,-1.48,-5.44,-24.89,-0.94,-0.33,22.97
15.4,25.19,8.26,-4.55,2.18,7.61,15.65,-0.97,-7.01,-14.98,-0.8,2.04,11.22
15.51,33.46,17.19,-11.72,-5.96,1.74,29.49,7.32,0.45,-16.71,8.88,9.17,20.78
15.72,30.51,12.58,-8.7,4.81,13.76,32.56,3.55,-7.03,-27.28,-1.82,0.97,19.48
15.42,31.92,14.11,-8.26,3.0,10.57,33.14,9.82,1.94,-22.26,-3.37,-3.14,17.73
15.75,33.02,17.18,-7.03,-6.01,-0.94,22.02,3.83,-5.41,-25.01,-5.07,-1.51,14.32
15.56,30.9,16.25,-3.38,1.78,6.61,25.5,4.65,-5.77,-24.51,-3.62,2.83,21.53
15.72,42.84,20.72,-21.14,-3.27,4.36,39.52,2.43,6.51,-20.59,16.51,0.44,20.1
15.19,37.68,16.46,-19.2,-7.32,-0.43,31.05,3.69,2.24,-23.9,2.6,-7.77,11.91
