1 1130.864832 819.091148 -1949.959019
1 1145.926861 835.126346 -1981.056056
1 1017.652844 912.790466 -1930.445904
1 1136.913195 875.853457 -2012.769374
1 1107.005316 795.202694 -1902.210627
1 1083.897911 837.487540 -1921.388164
1 1211.646144 725.506645 -1937.155919
1 1089.274493 845.237961 -1934.515136
1 1078.574920 856.911009 -1935.488582
1 1082.992868 852.511215 -1935.506660
1 1035.937933 942.619255 -1978.559758
1 1012.579954 869.570867 -1882.153405
1 1160.137611 722.913714 -1883.054155
1 1082.859486 797.913805 -1880.776225
2 960.778246 993.908942 -1954.689760
1 1018.945216 882.437757 -1901.385673
1 1271.921700 771.374011 -2043.299019
1 1325.936003 595.270191 -1921.210098
1 1175.192546 718.741831 -1893.937333
1 1028.978004 931.143514 -1960.124050
1 1063.171650 909.929384 -1973.103568
1 1158.001351 815.804847 -1973.808994
1 1191.551333 795.568394 -1987.122570
1 1190.665444 777.413538 -1968.081786
1 1213.655909 784.539631 -1998.198355
2 742.032837 1011.262862 -1753.297709
1 1167.475637 820.260308 -1987.738852
1 1216.192967 796.721750 -2012.917552
1 1245.962885 918.188101 -2164.153875
1 1067.976288 761.317230 -1829.296593
1 996.642431 895.565768 -1892.210978
2 892.038730 1312.494231 -2204.535711
2 772.604319 1210.585317 -1983.192476
2 702.679922 1233.233858 -1935.916582
2 838.620211 1013.508964 -1852.131724
2 825.426145 1051.507380 -1876.936015
2 858.976126 1031.270926 -1890.249592
2 788.857040 1106.141026 -1895.000358
2 379.035687 1295.001471 -1674.038679
2 796.271627 1023.315415 -1819.589354
2 917.671123 980.789450 -1898.463234
2 875.863398 986.857086 -1862.723029
2 956.233769 1055.318469 -2011.554839
2 746.642191 1171.490212 -1918.134735
2 771.000837 1164.923055 -1935.926284
2 724.911257 1092.801016 -1817.714614
2 921.983137 1096.196585 -2018.181850
2 808.175270 1173.410176 -1981.587688
2 843.433757 1132.854501 -1976.290315
2 718.591302 1182.477605 -1901.071492
2 746.827289 1213.993001 -1960.823032
2 711.939187 1256.688483 -1968.630143
2 789.116504 1113.758320 -1902.877615
2 1024.159029 1047.986527 -2072.148044
2 960.163904 1216.218182 -2176.384837
2 928.424302 1212.992866 -2141.419938
2 851.349847 1281.640682 -2132.993401
2 928.395723 1223.548684 -2151.947286
2 884.146169 1255.458185 -2139.607156
2 713.947434 1412.546029 -2126.495812
2 832.548982 1141.761761 -1974.312556
2 812.685498 1112.155491 -1924.843006
2 905.488381 1141.337352 -2046.827762
2 823.342073 1124.778958 -1948.123064
2 789.866665 1140.972800 -1930.841376
2 852.124173 1046.056401 -1898.182840
2 920.995281 1020.821393 -1941.819072
2 950.673334 1109.755535 -2060.430733
2 857.687714 1119.778599 -1977.468372
2 746.301790 1199.236139 -1945.539856
2 988.212635 1082.897325 -2071.112007
2 1010.658072 1115.081270 -2125.742044
2 641.648805 1240.702380 -1882.353458
2 750.560852 1189.824950 -1940.388170
2 859.628211 1317.312582 -2176.943108
2 978.357606 1381.398971 -2359.758788
2 1012.224882 1214.651244 -2226.878698
3 -459.910604 213.307126 246.601216
2 -536.882272 322.014892 214.865306
2 -495.985800 299.175965 196.807379
3 -501.714859 227.192335 274.520193
3 -508.358856 62.289131 446.067890
2 -701.710688 481.007539 220.701395
2 -844.170130 468.779021 375.388949
2 -750.529274 512.960932 237.566497
3 -656.817822 309.456516 347.359195
3 -463.057781 226.332262 236.722915
2 -481.879172 258.594082 223.282595
2 -529.799911 271.927793 257.869338
2 -563.540142 318.362389 245.175049
3 -25.822654 -359.211476 385.031282
3 54.944143 -420.002012 365.054896
3 -344.128414 -83.539269 427.665122
3 -297.026280 -45.376221 342.400053
3 -339.802112 42.519402 297.280818
3 -1003.828954 452.813259 551.015029
3 97.239189 -295.615220 198.374327
3 -462.170546 95.042130 367.126416
3 -366.956035 31.444906 335.508873
3 -375.719442 17.250029 358.466987
3 -617.578316 74.448960 543.127193
3 -601.477698 86.684834 514.790517
3 -530.992078 23.808690 507.181185
3 -561.602463 -13.448607 575.048812
3 -527.493368 185.401840 342.089876
3 -438.145911 160.347755 277.795888
3 -464.737686 -99.386002 564.122184
3 -192.714108 -157.464169 350.175364
3 -214.269773 -309.739450 524.006208
3 -731.344288 200.689602 530.652354
3 -449.122208 -132.132777 581.252693
3 -621.796803 -1.210684 623.005303
3 -159.146523 -190.710497 349.854519
3 -237.239503 -338.548274 575.785252
3 -361.843448 -168.483627 530.324152
3 -159.571041 -339.327310 498.895988
3 -774.908213 -110.752281 885.659052
3 -1075.199775 326.070621 749.128046
3 -667.222108 -42.148652 709.368949
3 -1104.962564 468.162426 636.799049
3 -617.112751 -30.439844 647.549935
3 -601.133874 -118.921290 720.052677
3 -621.250791 -23.434333 644.682870
3 -535.921042 -171.646372 707.565103
3 -711.037469 91.426073 619.608830
3 -648.385833 15.989273 632.393859
3 -579.261748 -24.144058 603.402722
3 -651.967720 25.773185 626.191645
3 -691.875135 36.623435 655.248907
3 -615.101545 -49.366875 664.465533
3 -623.841324 -14.697761 638.536288
3 -669.803201 47.072958 622.727459
3 -594.789136 -84.228887 679.015358
3 -557.515904 -139.101645 696.614704
3 -539.551397 -101.467120 641.015810
3 -640.621241 -65.194400 705.812717
3 -652.636449 12.966301 639.667419
3 -765.655754 153.462992 612.190307
3 -1044.658267 433.136404 611.520269
3 -624.442534 96.435605 528.004214
3 -601.444074 -10.304675 611.745953
3 -502.129706 -68.394827 570.521469
3 -477.392381 -139.978965 617.368435
3 -584.182365 -65.301829 649.481066
3 -778.682229 234.210275 544.469236
3 -573.354627 -53.843597 627.195233
3 -574.351429 -69.026334 643.374782
3 -616.719234 -17.895728 634.612229
3 -550.708758 -131.415177 682.120830
3 -579.210635 -90.957629 670.165336
3 -559.330063 -150.780554 710.107583
3 -771.050175 99.561215 671.486499
3 -709.727315 111.768352 597.956102
3 -558.780749 -98.055667 656.833463
3 -650.843966 -8.943769 659.784895
3 -650.857093 -22.204057 673.058483
3 -721.435957 130.801393 590.631991
3 -475.683867 -44.539902 520.220945
3 -544.727968 -20.101688 564.826731
3 -535.522616 17.550941 517.968557
3 -541.590176 7.253646 534.333728
3 -525.682589 -9.948284 535.628042
3 -584.132142 28.739765 555.389692
3 -549.380385 29.890220 519.487493
3 -434.532170 -148.761153 583.290273
3 -310.617300 -211.030782 521.644974
3 -629.497217 208.627604 420.867064
3 -1071.875954 333.437972 738.436508
3 -465.387835 150.363918 315.021363
3 -569.206316 199.012635 370.191293
3 -481.597454 121.375663 360.219174
3 -463.112971 77.286439 385.823862
3 -502.920058 73.251594 429.665830
3 -533.332798 76.080842 457.249194
3 -512.916473 118.526517 394.387363
3 -522.282475 226.599288 295.680784
3 -468.193048 91.215397 376.975027
3 -447.322660 166.412446 280.907407
3 -352.244747 5.169769 347.072040
3 -451.342249 62.022312 389.317183
3 -394.149598 -20.602985 414.749655
3 -395.635697 38.788960 356.843782
3 -403.259705 -35.776733 439.033216
3 -485.175152 64.388430 420.783983
3 -373.852169 -126.044270 499.893541
3 -118.220423 -301.592243 419.809456
3 -332.825454 -53.767130 386.589378
3 -409.009886 14.032855 394.974260
3 -414.884092 40.013368 374.868164
3 -335.837552 -97.391125 433.225594
3 -560.018020 233.113738 326.901965
3 -736.001229 259.175026 476.824025
3 -586.367322 33.194838 553.170016
3 -712.549021 224.052647 488.494253
3 -578.960251 138.897470 440.060271
3 -548.516080 96.713060 451.800177
3 -676.157502 248.235680 427.919404
3 -560.467675 152.831990 407.633034
3 -539.262742 57.405069 481.854995
3 -648.164462 105.209847 542.952156
3 -779.073196 334.048227 445.022916
3 -606.451096 136.478674 469.969996
3 -673.776958 154.260857 519.513787
3 -541.285813 1.537975 539.745151
3 -574.869633 62.362497 512.504353
3 -597.014769 144.921188 452.090851
3 -620.058492 157.018638 463.037109
3 -746.225453 316.521759 429.701346
3 -514.523553 80.693149 433.828215
3 -590.731738 62.255481 528.474066
3 -609.404236 119.658350 489.743606
3 -680.269155 192.063092 488.204077
3 -668.754474 169.033188 499.719404
3 -710.148683 265.841220 444.305041
3 -754.859913 331.853570 423.004014
3 -704.460669 287.047584 417.410703
3 -787.042603 300.335136 486.705169
3 -527.035036 88.540316 438.492437
3 -518.874389 22.911267 495.960892
3 -466.481840 54.983508 411.496220
3 -466.020488 -9.150675 475.168855
3 -384.524882 173.354914 211.167822
3 -211.979392 10.276230 201.700662
3 -288.973973 84.661037 204.310304
3 -990.400207 429.681640 560.717186
3 -243.410939 99.959217 143.448814
3 -132.249461 16.878127 115.368527
2 -180.792996 124.719551 56.070806
3 -340.104291 86.591978 253.509368
3 -342.689366 1.507775 341.178826
3 -373.514182 36.479405 337.031851
3 -452.844584 21.338502 431.503239
3 -549.706558 153.014671 396.689229
3 -478.333063 133.006582 345.323762
2 -591.709583 302.993366 288.714381
3 -584.513164 208.848919 375.662408
3 -587.100049 183.896063 403.202098
3 -479.436207 167.922520 311.511697
3 -413.357597 -38.539976 451.894599
3 -573.879315 125.725898 448.151141
3 -633.767707 279.404920 354.360510
