1 294.580772 -29.080081 -198.499251 -66.998171
1 371.541718 210.499034 322.400440 -904.439149
1 347.209415 -24.433312 -248.455195 -74.317612
3 -789.202392 182.342232 396.371139 210.491566
3 -1795.349577 -67.911979 952.777855 910.486732
2 145.431495 211.182700 -346.967565 -9.643246
4 -1917.668500 145.865990 856.832230 914.973209
4 -717.527343 182.831335 159.191636 375.507318
4 -1942.737165 192.427834 728.726980 1021.585479
1 571.027836 -70.960844 -327.718527 -172.345098
2 51.247603 214.778257 -324.847080 58.824545
4 -1207.623598 372.947314 272.959472 561.719674
3 -731.843407 -54.325494 601.301664 184.869830
3 -2340.165470 217.945825 1084.679118 1037.543207
4 -1049.078354 284.673721 350.682766 413.724771
3 -918.427101 209.962782 433.534537 274.932271
1 546.326214 -73.054238 -297.103250 -176.165428
1 457.143474 146.613259 242.476935 -846.231550
1 267.436772 -30.325942 -188.408439 -48.699080
4 -1974.152240 122.337153 876.392240 975.425832
4 -1104.733464 330.258117 310.866142 463.612157
1 267.436772 -30.325942 -188.408439 -48.699080
1 248.459283 -61.829518 99.022568 -285.649511
4 -1131.710374 350.537333 234.999211 546.176762
1 333.990073 -17.489061 -247.343939 -69.153749
1 296.408959 -33.069894 -160.813192 -102.522669
4 -785.234732 240.491373 228.085602 316.660458
2 -174.660514 291.599853 -266.037166 149.101043
4 -1313.926336 374.697589 330.455898 608.775719
1 202.537010 129.162653 -284.430674 -47.265811
1 468.745062 -53.863120 -269.544199 -145.334460
4 -1354.021683 453.723037 292.663546 607.637958
1 369.616496 41.425509 -216.755754 -194.283082
4 -1239.732998 386.007786 236.101139 617.626972
1 555.115748 -51.574065 -215.836087 -287.702450
1 376.209431 -70.669004 -188.138201 -117.398925
1 477.315917 -12.510702 -354.342377 -110.459467
3 -748.169489 118.367149 318.362175 311.443114
1 377.185764 -87.087487 -181.161139 -108.933902
1 314.973433 -7.407394 -299.539979 -8.022763
1 280.027591 26.373925 -272.528715 -33.869493
1 557.424161 8.559174 -311.717753 -254.262263
3 -2069.602111 -79.400015 1200.766787 948.238200
1 215.498028 -4.210550 -230.302702 19.018466
1 443.137270 -82.273715 -132.893035 -227.967242
3 -435.364943 11.588249 233.203494 190.576179
2 -80.648624 287.597195 -346.824605 139.879319
4 -1766.282418 32.469671 831.914145 901.901635
1 217.253730 77.349503 -295.255727 0.655709
1 511.770218 -110.850902 -110.171208 -290.744953
1 331.800182 61.577547 -398.646728 5.272345
1 453.790583 -89.860122 -215.697251 -148.229893
2 -175.533090 354.917336 -396.209496 216.828508
1 168.194445 76.595859 30.068435 -274.855887
4 -2211.346850 371.482051 713.259853 1126.607947
1 249.025568 38.462294 -269.690882 -17.793788
1 222.868294 56.429061 -210.612174 -68.681958
4 -458.756814 163.098245 28.417440 267.244055
4 -1347.260101 453.760319 321.563897 571.938699
4 -1313.926336 374.697589 330.455898 608.775719
1 384.382008 -48.633758 -257.618615 -78.126328
2 98.017802 168.981241 -259.165524 -7.830248
1 296.158072 -7.138612 -213.825363 -75.190812
3 -547.107489 -69.719535 484.437530 132.392146
1 334.081967 -17.444604 -292.493941 -24.140107
1 468.745062 -53.863120 -269.544199 -145.334460
3 -2044.651273 -118.328100 1265.840135 897.142119
4 -1242.778816 369.040703 346.179996 527.560967
3 256.842412 -107.713480 265.575690 -414.701874
3 -946.281580 225.314589 548.323160 172.646237
1 458.829062 -44.901041 -191.728903 -222.195882
4 -1245.249023 413.379976 292.933784 538.938112
1 70.937488 -19.762126 -57.353736 6.181633
1 334.369193 -20.449206 -81.949299 -231.967620
1 219.789402 40.166004 -254.648563 -5.303648
1 209.012356 114.522725 -382.943410 59.411674
1 369.691717 -3.931926 -279.304515 -86.451994
4 -1692.855062 -1.971539 743.881391 950.948370
1 571.683311 -114.562002 -112.279296 -344.838907
3 -872.136292 162.192546 598.150839 111.795246
3 -764.303571 112.926447 449.864696 201.514938
