17.05,20.76,3.07,-27.28,-23.28,4.76,27.14,1.09,-5.47,-14.86,13.77,3.38,12.17
16.87,31.23,0.99,-31.45,-8.09,-3.2,23.34,-11.26,-3.12,-22.06,9.79,-5.16,11.42
16.74,25.74,1.39,-23.55,-9.14,-1.44,23.2,4.7,5.97,-14.9,-2.21,-13.27,0.49
15.87,32.98,5.01,-27.07,-2.67,4.86,28.44,-12.45,-9.19,-28.39,6.64,-8.26,10.12
15.97,50.38,10.47,-48.71,-4.11,-7.33,40.46,-16.28,6.03,-18.01,24.77,-8.52,9.41
15.68,27.98,4.65,-19.09,-12.84,-5.56,15.36,1.05,3.64,-5.52,13.05,6.74,13.89
15.54,45.04,10.63,-41.47,-12.46,-14.1,23.67,-21.03,-0.16,-15.52,22.28,2.41,23.18
15.61,22.46,-4.26,-23.24,-15.28,-8.42,4.18,-8.24,-2.39,-4.73,12.06,6.36,14.14
16.56,42.6,11.81,-39.13,-14.69,-10.24,19.96,-32.64,-17.37,-30.02,21.14,-0.91,20.84
16.66,29.04,4.58,-20.97,-13.58,-10.38,5.44,-16.15,-11.89,-17.35,11.12,7.21,16.07
16.84,38.95,11.09,-33.31,-20.61,-19.69,13.29,-15.8,3.86,-10.52,24.47,-1.35,6.86
16.47,34.35,8.16,-30.3,-22.88,-18.26,15.04,-5.98,6.93,-9.91,20.18,4.57,17.8
16.65,41.93,4.81,-45.0,-18.33,-26.9,13.36,-21.74,4.68,-11.64,24.74,-4.07,10.98
17.22,26.9,3.87,-24.97,-23.48,-19.5,6.6,-1.6,8.24,-2.62,13.89,-0.43,4.02
17.43,47.38,15.6,-38.41,-17.0,-24.06,25.67,-10.05,8.96,-19.44,17.69,-9.05,12.32
16.52,40.82,5.08,-43.61,-24.06,-23.07,14.78,-25.15,-1.88,-21.94,19.31,-13.59,6.64
16.76,43.71,10.28,-42.68,-20.7,-25.92,23.63,-7.95,17.02,-19.61,9.07,-21.08,-0.8
16.29,41.13,13.26,-38.95,-25.61,-18.61,29.06,-2.86,10.16,-23.93,16.08,-4.25,22.96
16.31,35.55,9.67,-33.2,-25.24,-22.24,18.44,-1.83,9.98,-18.25,4.78,-9.77,14.24
16.64,34.84,3.17,-41.2,-31.25,-28.12,7.91,-19.34,-4.64,-25.31,8.29,-10.16,11.55
16.25,50.4,16.57,-55.54,-27.92,-22.51,25.7,-22.38,1.55,-26.98,14.85,-11.86,12.47
16.1,38.1,9.21,-41.83,-26.48,-20.37,18.5,-19.21,-7.82,-29.82,14.17,-5.4,15.55
16.28,45.14,5.06,-51.18,-15.49,-24.43,28.28,-15.02,14.06,-16.01,22.0,-2.47,18.86
16.39,36.18,8.25,-34.88,-23.01,-19.75,17.58,-7.86,1.72,-23.36,6.88,-7.73,13.73
16.29,50.01,12.92,-47.47,-17.58,-19.06,26.76,-19.56,5.25,-22.07,25.51,-5.04,20.78
16.49,32.92,4.24,-33.92,-25.04,-19.63,14.7,-7.22,4.23,-14.94,12.45,-4.49,10.57
16.67,45.68,14.48,-46.98,-28.18,-18.13,35.33,-8.66,11.27,-14.6,30.23,-7.66,13.56
17.01,43.73,8.15,-45.6,-18.35,-24.21,26.52,-6.11,14.96,-23.57,8.61,-18.96,14.5
16.8,28.51,3.0,-29.17,-23.09,-21.39,5.95,-5.76,6.18,-11.03,1.87,-14.43,1.01
17.11,24.7,-1.29,-31.14,-22.18,-14.06,13.16,-6.35,-5.5,-23.24,0.82,-1.91,19.72
17.32,28.99,-0.3,-38.07,-22.34,-17.4,14.76,-15.23,-9.97,-29.28,6.16,1.05,21.38
17.08,26.02,-1.86,-31.99,-22.8,-16.53,10.78,-8.97,-6.42,-27.84,-5.82,-11.06,13.2
16.94,25.77,1.16,-26.02,-17.57,-13.81,10.14,-6.25,-4.5,-25.8,-12.88,-18.65,1.03
17.22,44.16,20.22,-42.08,-32.79,-24.95,25.93,-19.42,-13.55,-45.9,-0.88,-22.49,10.41
17.18,25.64,2.94,-22.61,-18.23,-15.21,4.95,-10.44,-8.98,-23.92,-9.63,-15.49,0.14
16.45,35.97,9.31,-34.86,-16.79,-11.43,28.11,-6.5,-1.66,-30.54,2.54,-6.9,22.71
16.96,40.43,5.1,-49.56,-23.45,-16.41,27.79,-16.12,0.63,-25.34,18.73,-6.31,22.37
16.22,27.16,4.29,-23.66,-19.27,-13.12,14.54,0.68,1.5,-18.01,2.21,1.68,21.05
17.11,33.26,10.6,-26.32,-25.32,-24.93,9.66,-3.6,3.75,-21.02,0.76,-3.63,21.23
16.85,35.99,9.25,-32.72,-20.76,-14.84,24.38,-1.77,8.19,-19.46,9.67,-6.15,18.7
17.22,46.76,17.24,-47.18,-28.54,-11.9,43.15,-9.18,4.97,-24.59,22.0,-14.71,13.92
16.8,35.07,6.39,-32.69,-19.58,-14.66,20.21,-7.37,0.88,-26.43,-1.76,-19.96,4.17
16.62,30.74,7.65,-25.18,-15.65,-9.67,24.83,3.74,3.16,-26.15,-6.18,-11.21,13.29
17.18,43.32,8.75,-40.76,-6.64,-12.24,23.15,-21.6,-6.21,-32.66,-0.87,-19.08,8.87
17.5,35.07,3.91,-37.37,-21.17,-21.86,10.61,-16.24,-1.09,-21.55,8.53,-4.38,18.22
16.62,43.96,17.66,-44.98,-29.43,-15.12,34.83,-15.95,-8.54,-28.68,19.15,-11.56,8.18
16.68,30.97,10.88,-16.34,-16.62,-15.45,7.42,-3.58,-0.45,-15.02,2.43,-2.09,8.12
16.34,24.06,3.67,-14.28,-14.35,-10.56,4.26,-2.5,-2.83,-12.3,-2.6,-3.02,6.23
17.1,43.57,13.87,-25.68,-5.85,-16.31,11.21,-25.17,-12.89,-32.75,2.64,-10.18,8.58
16.8,28.67,10.85,-9.74,-14.69,-15.96,-0.65,-7.55,-10.13,-23.75,-12.07,-5.88,11.58
17.25,25.1,7.71,-9.39,-12.71,-12.51,-2.66,-12.47,-16.37,-24.68,-13.27,-8.5,3.74
17.28,26.66,10.75,-4.48,-9.56,-12.35,-4.57,-11.41,-12.55,-20.37,-12.44,-7.85,6.53
17.14,35.5,15.27,-11.07,-7.02,-8.94,9.47,-10.14,-9.05,-24.44,-5.57,-10.25,6.14
16.91,51.74,13.76,-37.86,-3.5,-18.1,20.08,-30.67,-9.19,-38.81,-1.92,-26.16,5.16
17.13,37.96,16.31,-23.01,-15.89,-9.04,23.83,-7.97,-10.65,-36.3,-3.99,-12.47,11.54
17.16,33.45,11.48,-17.62,-14.27,-11.07,13.38,-4.69,-3.12,-21.75,-0.1,-4.65,13.43
16.31,32.96,10.6,-21.77,-19.98,-20.17,4.26,-13.75,-11.46,-29.41,-10.38,-17.76,-0.91
16.78,35.23,16.1,-14.21,-15.13,-17.29,0.96,-16.86,-13.9,-24.98,-0.55,-2.7,11.72
16.86,27.48,7.77,-14.46,-15.79,-16.28,-0.75,-9.3,-4.05,-9.44,8.05,7.62,16.43
16.29,31.5,8.45,-19.22,-13.54,-10.44,8.45,-9.55,-1.92,-7.71,18.21,8.46,15.39
15.98,34.22,13.97,-20.44,-20.66,-16.36,14.74,-3.01,-0.51,-20.31,5.84,1.62,18.37
16.01,41.07,13.28,-27.44,-13.73,-9.65,20.55,-10.07,-0.24,-22.36,7.69,-9.52,12.31
15.94,31.56,7.5,-26.78,-25.46,-24.39,-0.8,-19.89,-13.78,-26.35,-2.77,-12.16,-2.26
16.31,21.95,-1.55,-22.22,-19.62,-16.06,0.23,-8.13,0.54,-1.75,14.04,5.44,6.56
16.38,35.41,12.32,-22.73,-18.68,-19.18,8.47,-10.22,2.08,-10.94,13.51,1.56,11.16
16.31,30.95,8.01,-16.97,-11.97,-7.59,12.98,-1.42,5.0,-7.15,9.81,-1.14,7.86
16.05,35.64,16.2,-12.93,-12.29,-15.34,9.29,-3.4,1.87,-15.61,6.12,3.38,18.62
15.95,32.8,12.68,-16.68,-17.74,-18.79,2.66,-14.53,-12.18,-24.38,1.25,1.12,11.62
16.19,40.87,15.83,-28.51,-17.35,-16.31,13.63,-20.65,-4.4,-15.04,26.55,1.21,7.06
16.17,36.17,13.77,-21.74,-22.16,-22.31,7.35,-8.73,0.01,-15.77,12.04,3.8,18.55
16.6,37.59,18.21,-21.35,-22.6,-21.39,14.97,-2.16,7.97,-10.92,17.44,1.1,10.66
16.48,45.63,12.47,-34.52,-20.04,-20.11,17.39,-18.96,5.46,-15.57,23.06,-6.06,13.69
16.15,22.25,-0.26,-25.48,-25.76,-22.61,-0.35,-8.99,-8.42,-23.79,-12.62,-16.86,-7.37
16.08,34.95,7.39,-30.24,-20.46,-26.47,1.95,-18.26,-2.78,-17.41,9.19,0.2,18.03
16.22,28.77,5.12,-29.01,-29.92,-27.72,-1.41,-18.57,-14.38,-26.19,1.3,-2.34,12.44
16.43,51.61,14.07,-51.27,-22.57,-23.7,16.18,-36.18,-13.38,-29.64,29.75,-2.08,29.65
16.1,37.47,12.07,-30.1,-22.89,-21.32,13.53,-6.85,6.6,-10.25,21.8,4.9,15.7
16.22,23.97,2.23,-20.81,-24.36,-22.05,-1.93,-4.48,-0.46,-10.52,1.66,1.45,11.34
15.95,30.9,8.53,-21.79,-18.58,-16.8,7.78,-8.18,-3.29,-17.96,4.24,-1.06,11.5
15.49,25.93,2.49,-22.2,-17.84,-11.01,12.71,0.97,2.93,-13.85,1.27,-4.22,9.02
16.77,31.66,8.01,-24.13,-19.67,-17.78,11.27,-1.85,6.79,-9.9,8.22,-3.03,10.15
16.35,29.1,4.67,-23.73,-19.62,-14.61,9.43,-5.32,-3.28,-19.3,-0.04,-4.1,11.37
16.32,42.9,10.75,-38.76,-18.89,-17.39,18.85,-16.32,2.79,-21.85,18.85,-3.67,21.28
16.28,29.59,5.4,-18.65,-12.77,-9.62,6.92,-13.37,-10.96,-22.83,-0.79,-5.15,8.61
15.69,50.13,18.86,-46.8,-23.91,-14.06,31.66,-22.8,-4.44,-26.47,22.2,-1.03,28.35
16.12,40.15,9.3,-32.23,-10.56,-7.68,25.62,-11.19,2.79,-19.31,18.54,0.43,24.59
16.36,25.37,0.24,-22.95,-8.14,-4.86,10.21,-12.27,-4.06,-8.01,17.69,11.32,19.32
15.98,23.4,-1.75,-24.29,-12.23,-3.44,17.66,-3.1,-3.38,-19.51,2.32,-2.26,11.6
15.68,49.36,14.0,-44.66,-15.97,-12.58,22.8,-29.78,-7.12,-28.1,22.64,-12.15,17.18
15.61,39.83,7.52,-35.84,-17.49,-19.05,9.13,-27.68,-14.3,-30.96,6.52,-14.9,1.97
16.57,34.35,10.24,-30.36,-29.75,-32.11,-2.3,-22.38,-14.93,-34.39,-9.42,-20.38,-0.57
15.83,28.15,1.68,-42.55,-33.49,-23.38,13.87,-11.57,-2.98,-19.12,10.67,-4.2,13.11
15.88,48.65,11.63,-50.79,-16.1,-16.94,27.91,-20.82,-3.65,-28.29,18.35,-11.32,21.23
16.34,27.8,4.42,-18.4,-18.14,-16.36,0.46,-9.11,-4.92,-13.8,-0.25,-3.24,6.59
16.47,33.88,10.67,-21.82,-17.71,-17.15,7.27,-9.77,-1.89,-13.98,9.13,1.3,14.48
16.74,26.09,8.09,-10.81,-13.72,-13.23,1.26,-5.05,-2.28,-7.53,5.64,3.98,9.07
16.73,23.32,5.25,-12.92,-15.54,-14.59,0.21,-7.1,-10.87,-22.88,-10.95,-2.73,13.05
16.28,35.53,6.31,-28.76,-12.64,-14.18,10.7,-19.19,-11.66,-29.68,-0.59,-12.04,4.83
16.72,28.44,1.6,-29.17,-14.35,-10.53,10.85,-17.57,-10.93,-22.95,7.57,2.3,19.33
17.19,24.68,-5.89,-32.93,-15.79,-8.74,9.99,-20.52,-13.95,-25.1,7.62,0.23,21.81
17.4,33.25,5.71,-28.84,-2.06,2.25,27.17,-19.28,-17.08,-37.83,0.55,-10.04,10.48
17.46,27.5,3.45,-18.64,-7.45,-2.85,11.68,-14.34,-16.67,-31.84,-12.42,-17.29,1.24
17.29,19.13,0.1,-13.9,-16.46,-18.93,-14.65,-22.18,-20.32,-20.46,-9.19,-4.82,3.1
17.34,27.29,7.63,-11.86,-16.28,-18.74,-7.78,-13.16,-8.12,-13.47,-3.46,-5.96,3.76
16.87,56.72,22.88,-51.92,-21.27,-19.28,32.97,-31.47,-13.42,-26.43,19.61,-22.79,19.6
16.76,39.19,9.25,-36.4,-21.57,-19.35,19.91,-14.89,-5.14,-35.91,0.36,-12.32,20.14
16.44,40.93,10.51,-39.11,-22.23,-22.27,18.93,-9.63,9.43,-15.25,17.17,-2.98,17.71
16.82,31.42,8.98,-23.76,-20.68,-17.68,9.73,-5.12,2.41,-12.91,8.52,-4.14,6.15
17.06,29.57,7.8,-23.07,-20.35,-16.2,12.46,-1.03,4.7,-11.3,8.31,-2.8,5.2
16.3,28.26,2.84,-22.82,-19.73,-18.24,-1.75,-17.09,-10.95,-19.72,-1.29,-9.68,0.19
16.79,42.13,12.39,-36.69,-21.46,-20.31,19.54,-13.9,-3.54,-34.64,2.57,-16.78,7.48
17.03,45.62,8.02,-42.36,-10.11,-20.75,16.43,-32.09,-9.06,-31.59,14.26,-6.1,18.19
16.98,41.32,9.45,-36.18,-14.58,-15.91,15.59,-23.86,-7.86,-26.41,9.7,-6.34,18.28
16.73,34.22,5.97,-25.24,-17.43,-20.15,-1.11,-20.6,-8.25,-18.66,4.72,-8.24,6.76
16.12,35.42,12.42,-26.36,-21.88,-18.49,12.71,-10.82,-6.55,-28.17,1.19,-5.15,15.48
16.46,32.78,11.94,-20.93,-21.92,-22.23,4.18,-11.1,-7.63,-25.69,-6.23,-13.97,3.45
16.96,34.0,10.22,-23.51,-20.7,-22.33,3.12,-13.08,-2.64,-18.94,3.5,-4.88,12.31
17.27,39.02,14.64,-25.27,-22.9,-26.47,9.7,-11.22,-6.29,-42.78,-17.09,-22.59,10.95
16.7,30.88,9.88,-16.29,-11.7,-9.44,12.03,-5.63,-5.09,-19.51,2.34,0.57,13.31
16.53,31.41,7.85,-16.86,-13.84,-16.07,-1.59,-17.56,-12.25,-25.6,-13.24,-21.3,-6.22
17.01,52.97,20.45,-40.74,-17.35,-14.79,23.59,-31.86,-13.15,-34.37,13.94,-17.44,3.63
16.79,46.05,16.18,-25.26,-6.58,-11.29,20.36,-11.18,4.71,-19.18,9.02,-14.63,2.02
16.71,28.12,8.18,-14.77,-9.91,-5.01,14.15,-2.16,-3.7,-16.47,1.93,-2.53,4.64
16.6,28.11,-3.81,-38.39,-20.95,-13.27,14.11,-13.82,-0.89,-13.28,20.47,3.32,18.76
16.72,28.45,3.72,-22.69,-9.79,-6.7,13.24,-9.82,-6.24,-19.15,4.26,-2.55,6.62
16.69,40.86,18.02,-36.38,-19.55,-5.06,34.76,-16.11,-12.86,-20.18,27.69,-2.59,7.32
16.4,31.33,2.81,-28.17,-10.72,-13.13,8.3,-20.54,-13.85,-30.19,-1.07,-9.17,4.59
16.66,49.58,14.05,-45.62,-10.94,-3.14,38.74,-27.81,-6.47,-31.02,21.71,-16.39,6.41
16.08,48.28,13.02,-49.8,-23.21,-13.99,30.78,-26.86,-5.58,-26.9,21.15,-16.1,8.27
16.27,42.56,10.5,-33.26,-12.28,-17.09,25.31,-7.34,5.6,-22.99,6.57,-15.06,5.15
16.75,50.66,13.99,-42.36,-12.46,-17.47,28.7,-25.35,-4.38,-28.52,17.37,-17.4,3.98
15.91,45.27,18.15,-41.52,-23.11,-7.98,40.73,-9.26,1.98,-14.54,28.7,-12.51,-1.1
16.19,43.36,15.89,-35.76,-23.08,-15.46,25.18,-12.81,-2.46,-27.84,9.56,-13.05,6.81
15.78,48.39,14.6,-41.98,-14.94,-5.79,37.77,-17.71,-4.65,-33.41,17.4,-17.15,6.64
15.97,39.03,12.52,-24.74,-11.99,-12.28,14.97,-12.16,-0.9,-19.11,10.91,-2.84,14.98
16.37,32.83,3.99,-26.99,-15.76,-12.25,9.4,-16.66,-6.73,-19.94,10.96,0.18,17.71
16.51,25.53,2.03,-22.43,-12.48,-6.48,13.53,-4.81,-2.72,-14.39,5.16,-2.3,4.81
16.37,34.82,7.0,-30.23,-20.35,-16.35,10.74,-19.62,-10.61,-28.48,4.64,-9.95,8.34
16.65,42.38,13.42,-35.34,-19.9,-19.41,14.27,-27.27,-18.68,-38.2,4.05,-11.93,12.31
16.63,32.48,6.11,-33.26,-24.38,-19.01,12.51,-15.65,-11.71,-33.57,-0.06,-6.26,14.99
16.53,35.41,6.1,-36.68,-20.67,-16.15,14.89,-21.86,-12.91,-30.72,6.12,-7.71,14.92
16.71,25.7,-5.92,-38.23,-24.96,-21.52,4.57,-16.42,-5.46,-17.87,12.16,4.54,22.6
16.67,33.07,6.01,-37.89,-26.53,-15.65,24.18,-4.76,3.27,-16.14,22.14,7.51,24.96
16.55,26.98,0.55,-25.54,-15.57,-10.86,10.5,-9.05,-5.37,-19.68,5.47,1.88,16.63
16.3,26.18,1.79,-28.53,-22.28,-17.4,10.73,-5.53,-0.08,-13.81,10.09,6.98,20.08
16.16,31.66,5.27,-32.89,-26.1,-19.9,16.44,0.79,9.09,-11.15,13.82,2.32,20.56
16.06,33.64,7.23,-33.31,-22.7,-15.2,21.64,-3.33,4.52,-17.92,10.42,-2.36,19.28
16.33,40.77,11.71,-33.88,-16.72,-8.49,30.26,-6.75,4.0,-14.16,23.87,-0.07,15.98
16.3,48.08,12.7,-50.16,-19.7,-0.74,28.95,-30.17,3.43,-19.04,19.23,-15.67,15.96
16.77,27.9,0.36,-29.95,-20.75,-14.71,12.16,-7.53,-0.62,-15.93,12.91,7.01,23.91
16.28,26.07,-0.69,-30.99,-19.25,-11.62,14.17,-6.47,-1.08,-14.18,9.1,1.15,16.18
16.73,43.31,7.68,-43.07,-14.94,-13.52,38.55,-2.51,19.05,-19.2,24.56,4.01,42.13
16.65,18.02,-4.29,-21.43,-8.48,3.31,24.37,10.27,6.92,-8.43,3.99,3.03,17.09
16.37,31.47,4.38,-23.99,-7.98,-2.76,24.45,0.32,3.56,-20.84,0.31,-8.9,12.32
16.11,36.13,10.89,-33.22,-12.42,-0.41,44.19,5.32,10.9,-21.24,15.53,-0.24,24.1
16.01,49.17,17.59,-52.79,-18.06,0.27,47.41,-21.54,-3.47,-26.19,26.82,-8.64,12.46
16.22,30.17,2.18,-29.78,-7.5,2.4,31.38,1.83,9.45,-8.82,16.87,-0.81,11.29
15.69,31.69,6.1,-21.15,-7.51,1.06,27.66,5.95,10.74,-7.34,14.15,0.03,12.1
16.47,45.03,11.16,-34.96,-6.9,-14.85,30.19,-0.83,23.53,-7.61,22.18,-4.46,13.67
16.95,38.04,15.32,-30.41,-21.79,-13.89,30.24,3.39,11.24,-13.55,18.69,0.77,18.58
16.61,24.15,3.56,-18.33,-14.63,-10.29,10.87,1.85,3.35,-13.82,-6.29,-12.4,2.15
16.88,41.84,5.97,-43.6,-20.09,-16.45,26.31,-10.02,13.19,-20.12,17.34,-16.11,13.69
16.87,33.3,1.68,-39.85,-17.8,-12.87,25.18,-3.19,10.51,-15.69,12.27,-9.77,6.53
17.21,44.97,1.5,-57.47,-10.04,-7.05,41.38,-22.24,2.79,-30.13,20.83,-15.82,19.22
16.86,34.85,1.61,-36.33,-8.81,-10.76,24.56,-7.85,5.19,-20.48,9.09,-6.41,15.98
17.21,27.2,-0.94,-29.91,-15.14,-4.93,23.14,0.31,5.23,-14.01,9.96,-1.4,16.52
17.42,48.88,-1.33,-65.87,-1.95,-4.36,54.63,-19.36,13.09,-26.58,22.8,-24.13,10.92
17.34,37.2,3.71,-54.66,-27.21,-7.76,45.13,-7.18,4.67,-23.49,21.11,-14.32,8.59
16.92,23.85,-4.18,-39.97,-21.3,-8.21,29.8,-0.06,0.26,-26.94,3.84,-5.3,16.87
17.38,31.59,-0.47,-44.23,-26.41,-19.68,27.49,2.57,15.59,-22.76,5.56,-10.29,23.44
16.46,24.94,-0.74,-28.42,-12.04,-3.23,21.84,-2.66,-0.01,-16.66,7.78,0.43,14.04
17.24,30.44,1.04,-34.86,-21.22,-12.32,24.23,3.5,12.1,-15.0,6.96,-10.28,11.97
16.89,33.23,0.32,-43.87,-18.27,-8.12,33.87,-1.78,8.57,-19.21,15.4,-5.83,15.74
16.64,30.16,-0.58,-35.79,-22.9,-16.41,18.62,-1.02,9.98,-18.19,2.48,-15.66,6.11
16.59,26.72,-0.29,-31.35,-17.55,-9.77,17.12,-5.44,-0.6,-14.07,10.85,-1.61,6.99
17.34,21.33,-7.76,-41.0,-29.11,-16.73,19.35,3.36,9.03,-13.36,6.46,-7.81,7.56
17.32,36.53,-0.11,-47.98,-15.81,-18.2,36.46,2.97,20.85,-22.11,6.74,-13.26,16.0
17.46,36.53,1.73,-41.47,-15.46,-18.48,28.8,-0.77,15.81,-19.43,6.21,-13.93,15.02
16.85,28.1,0.98,-36.57,-22.2,-12.4,26.84,1.79,5.73,-23.15,0.95,-10.74,11.13
17.26,27.8,-5.41,-40.29,-20.23,-13.46,19.57,-8.97,-2.52,-33.47,-14.62,-36.93,-14.77
17.29,52.34,5.38,-59.84,-1.01,-7.01,59.03,-14.57,9.81,-22.49,18.6,-24.91,-0.72
17.22,34.7,-2.13,-43.92,-9.35,-10.92,31.39,-9.13,2.88,-30.03,-0.91,-22.25,-2.03
16.8,23.02,-6.0,-36.46,-18.65,-10.56,16.52,-8.02,-3.71,-23.66,-3.16,-13.74,3.78
16.54,21.46,-5.1,-28.1,-15.68,-5.77,14.72,-5.48,-5.68,-19.59,-0.42,-8.05,4.19
16.64,46.51,2.95,-51.44,-11.68,-29.76,20.16,-25.6,1.91,-30.29,4.91,-25.31,-0.28
16.91,47.19,4.21,-64.14,-25.72,-24.27,33.12,-26.43,6.46,-19.94,27.83,-5.95,25.19
16.7,44.79,5.6,-57.34,-24.87,-26.65,27.3,-19.04,9.03,-22.8,17.72,-13.6,18.29
17.8,22.36,0.69,-23.72,-23.56,-20.57,7.07,7.11,16.76,-0.09,4.54,-8.99,1.44
18.0,40.27,4.73,-42.56,-15.32,-35.24,19.38,-6.51,26.43,-4.4,20.41,-8.38,10.71
17.42,25.22,0.93,-36.02,-31.82,-29.53,9.56,-0.54,10.91,-18.22,-3.92,-22.39,-1.07
16.98,23.59,-3.52,-35.37,-26.2,-19.51,8.93,-8.59,-4.18,-20.91,-0.2,-7.34,8.47
17.35,26.09,-7.52,-44.94,-29.52,-27.57,3.71,-19.76,-1.72,-17.37,11.35,-5.64,11.12
16.6,22.05,-6.86,-37.9,-23.64,-16.44,10.39,-10.88,-3.85,-18.63,4.15,-6.01,6.99
16.7,21.86,-6.64,-31.99,-19.92,-8.52,17.84,2.68,6.98,-11.32,0.83,-15.42,-4.47
16.73,33.73,-1.95,-46.5,-11.51,-8.15,30.33,-14.08,1.3,-22.58,14.75,-8.64,10.74
16.72,24.86,-2.15,-27.77,-11.28,-2.39,20.65,-5.44,-0.65,-15.76,8.05,-7.57,0.33
16.54,22.01,-1.75,-25.86,-12.81,-2.1,24.72,6.88,2.94,-21.53,-11.16,-19.44,-4.22
16.58,39.77,8.38,-41.0,-14.84,-1.37,39.44,-10.59,-1.15,-23.61,16.95,-13.06,6.98
16.8,25.68,0.02,-26.12,-5.31,2.73,25.86,-3.51,-0.61,-18.56,5.53,-5.42,7.69
16.72,29.51,-0.8,-28.82,-4.99,3.78,28.68,-6.61,-0.84,-23.15,7.77,-8.06,11.53
16.24,41.84,6.62,-45.65,-8.25,-0.45,40.64,-14.89,4.4,-19.03,29.63,-5.84,13.14
16.64,37.8,1.95,-41.65,-15.71,-13.37,23.95,-16.59,-0.07,-27.68,6.21,-21.46,-1.35
17.11,37.65,1.7,-48.99,-23.79,-20.61,22.93,-13.52,6.08,-20.86,11.36,-21.05,-1.76
16.25,21.5,-3.6,-25.22,-16.81,-6.87,16.99,8.1,13.86,0.98,10.16,-6.04,-2.02
16.14,35.45,6.23,-38.13,-17.84,-7.45,35.8,3.42,14.45,-8.62,23.54,2.73,20.32
16.46,29.21,4.09,-27.24,-12.65,-2.91,29.23,5.35,7.86,-14.93,7.15,-7.36,8.06
15.9,32.87,8.02,-29.56,-17.05,-9.0,28.72,5.74,9.17,-18.27,6.25,-7.23,13.06
16.43,35.74,8.56,-27.27,-10.43,-5.99,25.81,-5.57,-1.22,-23.35,10.18,-0.07,17.68
16.39,54.76,12.39,-52.58,-4.91,-17.41,38.58,-20.34,7.13,-20.28,27.98,-0.38,19.99
15.84,34.67,4.8,-30.73,-13.76,-11.42,21.41,-5.25,3.52,-17.07,12.12,-3.85,8.0
15.73,37.82,9.26,-35.69,-18.0,-8.79,28.94,-4.82,7.87,-11.31,21.91,-1.43,10.16
16.37,26.43,-1.2,-31.98,-12.83,0.44,30.86,3.95,8.58,-7.67,21.02,4.69,13.92
16.47,40.31,-2.47,-40.73,7.1,-15.63,38.93,-11.96,11.13,-12.82,20.57,10.8,22.32
16.41,37.61,-2.11,-46.58,0.52,-1.47,42.17,-11.79,8.89,-20.83,21.58,-1.02,24.3
16.87,29.09,-4.33,-41.12,-10.94,-3.17,34.04,1.06,13.46,-12.56,15.25,-1.78,18.48
17.38,21.31,-10.17,-40.11,-18.42,-6.5,19.76,-13.61,-8.51,-26.18,7.96,-1.47,21.15
16.89,39.81,-7.73,-48.63,10.14,-17.17,44.98,-24.48,-2.8,-32.31,-0.34,-10.52,1.78
17.38,21.34,-5.18,-25.69,-7.92,3.56,24.47,0.49,-0.61,-18.98,0.51,-6.0,12.51
16.8,35.38,0.65,-39.0,-1.51,0.43,43.72,2.92,11.54,-25.14,4.51,-14.29,11.98
16.69,21.41,-6.1,-30.94,-10.45,3.05,29.2,2.26,2.11,-17.92,5.41,-6.28,8.25
16.1,24.73,-3.08,-35.63,-16.63,-4.56,27.71,0.73,5.89,-12.5,16.49,5.55,21.75
16.63,22.47,-3.49,-30.09,-20.73,-11.69,13.21,-3.29,2.56,-7.54,17.37,8.99,16.65
16.18,26.17,0.16,-28.26,-14.66,-7.66,17.85,-2.69,1.62,-14.6,5.32,-3.46,9.82
16.23,30.24,4.84,-25.25,-11.39,-6.04,23.55,3.17,10.82,-8.37,11.65,-2.38,6.95
16.1,26.13,2.09,-21.89,-11.39,-7.75,9.39,-10.53,-5.58,-11.67,12.65,10.04,19.94
17.23,32.81,5.44,-35.15,-25.67,-21.02,17.98,-2.3,7.98,-12.94,18.25,8.95,31.01
16.83,42.95,17.28,-36.78,-28.11,-20.89,27.91,-3.0,10.93,-21.48,15.13,-5.92,19.45
17.04,37.42,5.84,-34.73,-16.79,-27.5,13.28,-8.4,8.44,-20.35,0.35,-13.95,11.05
17.16,33.02,7.47,-27.13,-18.75,-17.69,11.84,-4.03,7.76,-9.71,11.58,1.19,20.23
16.32,39.77,6.96,-41.23,-22.36,-18.22,23.72,-6.43,12.76,-13.87,21.13,-0.52,26.81
16.05,28.87,3.53,-25.47,-13.93,-7.61,14.47,-7.08,-0.59,-10.54,14.94,6.6,18.19
16.04,38.23,6.45,-29.1,-9.45,-11.27,13.36,-20.38,-5.78,-18.94,19.73,7.94,29.06
16.64,32.61,9.37,-22.65,-16.73,-12.8,15.7,2.21,10.39,-5.42,13.85,2.63,15.0
16.62,32.35,1.84,-33.02,-13.68,-7.58,23.48,-6.41,5.69,-11.92,20.76,4.36,21.67
17.27,24.84,-4.95,-37.26,-17.99,-9.19,19.98,-3.19,9.73,-2.61,23.68,8.37,19.72
17.09,20.26,-5.21,-26.47,-14.32,-5.99,14.01,-1.81,5.92,-0.66,22.51,14.18,18.44
16.79,26.77,-0.13,-29.0,-7.98,1.76,26.43,-2.27,5.72,-4.1,24.81,9.27,16.23
16.64,29.87,6.49,-27.36,-8.91,3.97,32.71,-4.11,-1.69,-15.18,20.68,3.78,10.9
16.74,38.92,4.39,-38.52,-2.21,-1.07,32.82,-17.12,0.94,-23.45,13.78,-9.48,11.79
16.11,29.21,4.23,-20.83,-6.1,1.0,20.62,-6.24,-3.27,-15.37,13.76,5.26,16.46
16.78,25.92,-0.15,-29.59,-8.21,1.14,26.72,-5.87,-0.83,-15.13,16.68,4.96,17.21
16.57,34.59,5.52,-27.74,-4.94,4.0,31.39,-6.52,1.52,-17.87,18.52,1.56,19.8
16.44,28.15,7.27,-15.16,-10.53,-8.09,9.44,-3.41,-1.21,-13.17,2.39,1.87,16.45
16.76,27.59,5.13,-15.4,-9.02,-4.44,12.62,-0.29,3.5,-6.65,7.6,1.25,13.76
16.5,44.21,15.45,-28.76,-11.35,-14.58,19.49,-8.15,12.63,-12.29,12.98,-17.84,1.97
15.84,35.42,10.33,-26.64,-14.48,-6.3,26.35,-3.67,-0.37,-20.62,9.04,-4.5,10.1
15.99,44.79,11.69,-33.56,-5.0,-7.75,26.03,-13.41,7.43,-12.28,29.16,6.44,20.39
15.76,41.9,13.12,-33.68,-9.15,-7.94,25.01,-7.62,6.9,-17.44,14.17,-4.6,16.93
16.05,30.23,8.33,-18.91,-10.5,-2.8,22.73,4.44,4.54,-12.2,8.04,2.13,15.85
16.19,37.19,7.76,-33.72,-12.03,-4.2,35.06,2.62,10.44,-16.49,15.21,-4.35,14.72
16.78,31.21,7.21,-28.87,-16.0,-6.74,30.43,3.48,4.31,-22.3,7.31,2.8,26.44
16.71,37.84,5.8,-37.75,-15.15,-10.75,28.45,-8.78,0.37,-25.64,12.26,-3.16,24.65
16.94,33.1,8.19,-28.57,-21.58,-16.15,16.71,-0.49,10.02,-4.04,22.0,6.18,15.07
16.75,34.07,9.74,-31.11,-22.0,-14.82,21.4,-5.43,-0.66,-17.26,17.51,8.26,24.28
16.59,42.37,18.72,-27.63,-18.24,-8.77,30.28,-4.42,4.48,-10.37,29.25,5.41,15.89
16.31,35.21,7.68,-27.87,-14.58,-9.46,17.05,-11.19,-3.53,-18.43,13.06,0.9,18.89
16.91,33.83,7.66,-29.64,-14.19,-5.8,25.64,-5.34,2.3,-13.09,20.35,7.99,22.64
17.08,33.29,0.25,-42.74,-14.51,-0.74,37.32,-6.92,3.22,-21.39,19.41,-4.42,19.93
16.15,33.76,-3.13,-37.08,4.28,-0.81,35.97,-8.45,5.55,-16.97,19.08,2.42,19.43
17.13,44.9,11.49,-55.61,-18.5,1.31,47.28,-26.06,-6.3,-19.55,45.55,6.28,28.37
16.73,34.15,8.24,-26.08,-9.45,-4.53,24.67,-3.45,2.99,-15.63,15.83,5.84,23.15
16.62,24.07,0.43,-18.69,-4.37,5.41,25.9,6.22,5.66,-9.62,9.44,3.08,12.91
16.63,44.17,11.24,-42.97,-6.7,7.26,50.83,-11.63,2.38,-21.59,27.4,-5.41,18.4
16.91,35.03,-0.44,-42.97,-13.13,-13.41,23.54,-16.11,-1.32,-24.41,12.36,-6.92,13.37
16.62,43.05,-4.72,-51.57,-2.57,-29.2,33.37,-21.1,6.89,-17.61,16.32,7.41,27.59
16.54,45.04,5.68,-50.65,-6.57,-6.95,40.66,-13.25,6.75,-27.79,13.2,-11.49,15.44
16.69,32.96,8.23,-24.44,-10.91,-7.85,23.9,2.81,7.87,-20.6,-1.26,-11.02,15.2
17.07,34.37,9.36,-21.15,-11.46,-5.87,18.76,-5.55,-0.86,-17.26,9.79,1.83,17.79
16.31,56.4,17.38,-53.47,-5.98,-4.45,38.26,-27.32,-4.22,-27.38,19.72,-13.05,9.43
16.96,36.42,9.5,-29.66,-11.77,-2.0,32.03,-5.84,-1.9,-24.81,13.18,1.1,24.75
16.81,47.14,8.12,-40.1,-0.43,-13.21,37.49,-16.45,1.4,-30.24,12.82,-3.11,23.27
16.36,26.88,2.48,-19.37,-4.72,3.0,19.92,-6.7,-6.84,-19.65,3.83,-2.53,11.3
16.1,24.99,0.15,-25.5,-13.57,-7.12,16.54,-0.61,3.64,-8.83,13.6,10.95,25.42
16.74,34.11,6.59,-34.49,-16.63,-7.7,26.61,-11.71,-7.52,-30.89,8.69,-2.07,22.72
16.81,57.8,16.24,-52.2,-2.69,-11.67,40.18,-23.26,2.05,-25.04,12.79,-21.56,16.08
17.09,45.75,3.49,-45.59,-8.59,-6.7,33.5,-24.3,-0.05,-35.89,15.42,-16.85,22.54
16.96,23.3,0.41,-20.66,-2.13,7.22,25.71,-4.01,-10.45,-29.26,-6.46,-5.4,16.76
16.99,18.93,-4.49,-20.14,-8.66,0.45,15.41,-2.69,-5.92,-18.52,-1.55,-0.74,15.33
17.1,36.08,7.33,-30.16,-7.82,-4.25,26.41,-10.27,-4.04,-29.35,0.83,-11.36,13.24
16.3,18.82,-5.41,-22.46,-14.97,-7.92,5.16,-9.28,-10.06,-18.97,-3.26,-1.74,13.01
16.53,29.27,2.92,-31.14,-17.1,-9.62,21.19,-5.22,-3.44,-27.91,-4.98,-13.06,8.17
16.6,30.98,0.12,-36.51,-26.35,-24.56,5.93,-15.76,-2.88,-26.38,-5.33,-25.06,-4.43
16.77,39.67,6.92,-45.75,-23.94,-16.6,30.72,-8.18,9.01,-19.22,20.01,-12.5,11.38
16.44,30.96,3.39,-28.55,-17.3,-9.87,19.84,1.1,12.02,-6.88,11.47,-12.12,-3.51
16.49,33.47,5.97,-31.7,-19.64,-15.05,18.84,-2.95,7.57,-9.18,18.99,2.17,14.49
16.27,42.55,8.36,-42.52,-12.39,-8.1,32.87,-13.06,1.0,-27.68,12.02,-12.89,9.92
15.89,26.09,0.76,-24.44,-8.59,-3.18,14.82,-11.21,-5.71,-15.83,7.42,-1.88,7.89
16.54,40.22,14.76,-53.46,-28.87,-2.64,39.73,-27.14,-15.04,-15.66,32.36,-9.99,9.84
17.1,24.97,-3.87,-38.27,-18.72,-6.43,27.04,0.57,6.31,-14.53,10.91,-3.85,13.6
16.84,22.24,-8.1,-38.75,-24.92,-17.48,5.09,-21.5,-15.76,-27.8,3.98,-3.25,13.84
16.5,21.94,-5.29,-34.79,-18.47,-9.92,13.46,-16.6,-15.16,-30.81,-2.75,-9.6,5.68
16.56,29.58,0.88,-29.19,-10.25,-2.92,20.31,-14.34,-8.74,-25.92,6.23,-7.94,7.5
16.2,32.98,5.13,-32.55,-13.04,-5.73,26.48,-4.26,2.08,-19.54,12.19,-3.44,11.87
16.22,45.69,7.28,-50.42,-16.64,-17.0,27.7,-14.88,5.33,-23.72,20.81,-7.46,21.21
16.22,35.22,4.99,-40.18,-22.91,-13.99,23.3,-10.07,0.16,-20.18,16.22,-4.39,14.41
16.87,44.38,5.71,-47.76,-22.16,-19.87,31.74,-9.53,16.15,-24.89,12.23,-18.31,21.47
16.6,22.73,-2.43,-27.84,-14.71,-5.04,20.82,2.69,4.06,-12.56,5.95,0.49,14.6
17.03,27.61,2.5,-28.64,-17.67,-8.17,24.73,4.54,5.27,-20.84,1.31,-6.83,12.92
16.67,29.24,1.27,-38.65,-15.76,-0.08,41.58,7.72,9.66,-20.54,12.25,-1.96,22.14
16.19,16.99,-9.2,-24.52,-9.95,0.12,12.0,-7.51,-5.39,-7.86,13.46,9.32,17.03
16.56,32.56,4.74,-32.58,-9.33,0.4,28.42,-13.23,-5.93,-22.11,15.17,-1.77,12.83
16.56,25.62,-0.54,-25.56,-9.88,0.27,24.39,1.88,5.52,-8.7,14.48,4.83,19.86
17.19,35.16,3.51,-35.65,-2.64,0.78,31.51,-13.08,0.94,-16.58,25.91,4.87,21.34
16.88,21.77,-3.78,-25.24,-8.32,-1.06,14.69,-13.59,-10.99,-18.14,14.5,13.87,30.05
17.22,18.03,-5.76,-25.14,-6.65,1.78,17.5,-10.74,-10.99,-18.12,11.72,12.74,25.45
17.51,30.17,0.62,-31.2,-6.74,2.08,30.35,-5.74,-0.52,-22.03,11.06,-2.17,17.65
17.3,22.45,-1.15,-20.51,1.2,9.52,25.18,-6.04,-8.86,-22.56,3.3,1.74,17.06
16.77,36.99,3.47,-38.25,-7.08,-3.55,37.98,-3.71,6.91,-23.21,14.96,-1.7,23.42
16.34,37.55,8.75,-31.84,-9.86,-0.35,36.71,2.01,11.92,-14.85,14.38,-5.84,10.93
16.51,47.09,13.52,-54.21,-11.53,4.86,39.24,-33.21,-9.54,-37.24,8.2,-23.11,5.75
16.43,24.21,-3.02,-29.53,-12.39,-6.84,8.71,-22.5,-20.52,-31.0,-5.09,-13.12,-1.57
16.22,23.39,-7.37,-32.74,-13.73,-7.0,12.2,-15.11,-5.48,-16.08,13.86,3.23,17.63
16.98,19.42,-6.42,-29.5,-10.6,-0.79,19.85,-5.9,-4.06,-15.46,9.63,3.83,15.76
16.97,27.95,-1.46,-32.91,-13.97,-2.35,27.35,-2.36,2.14,-17.83,12.97,1.89,23.74
16.11,50.78,8.61,-50.74,-0.91,-1.19,43.07,-14.24,16.61,-18.75,28.01,-9.6,26.03
16.73,38.14,5.16,-38.2,-10.57,-8.42,30.11,-8.81,2.46,-30.41,5.83,-10.05,19.81
16.63,31.93,0.94,-46.43,-24.79,-12.09,27.51,-10.3,-1.54,-26.57,10.58,-7.89,18.69
16.7,53.27,6.32,-59.1,-8.06,-15.58,36.11,-26.59,12.92,-22.82,14.33,-19.86,6.52
16.27,25.13,1.8,-21.08,-13.1,-7.73,10.94,-3.76,-0.48,-11.14,2.26,-5.64,1.81
16.83,38.73,5.82,-40.49,-2.28,6.32,46.32,-9.04,1.34,-28.62,12.79,-12.12,14.5
16.75,49.17,6.47,-50.69,1.38,-8.51,45.35,-18.18,3.05,-26.6,20.4,-6.71,22.51
16.51,39.71,8.49,-30.01,-9.26,-3.1,29.65,-6.49,4.67,-20.74,11.54,-9.62,12.62
16.21,55.1,19.68,-47.16,-0.0,5.99,46.64,-9.97,7.15,-25.09,18.7,-20.54,13.53
16.49,28.31,3.41,-24.76,-14.99,-6.61,21.49,5.91,8.18,-11.17,5.06,-5.45,6.19
16.6,47.35,-0.01,-54.61,0.2,-20.34,43.42,-15.09,12.36,-20.75,17.63,-5.3,16.83
16.9,41.6,3.26,-48.31,-12.12,-14.01,33.13,-10.97,7.61,-27.81,6.33,-21.89,3.67
15.96,31.08,1.27,-32.83,-14.58,-11.61,20.35,-1.23,10.26,-13.98,1.63,-18.27,-4.12
16.09,38.12,6.53,-32.36,-13.29,-5.52,30.81,2.04,13.71,-11.04,22.17,0.94,23.46
16.5,39.58,6.1,-38.1,-11.34,-15.39,30.64,-1.97,13.74,-22.83,5.34,-11.37,19.37
16.25,34.93,7.45,-25.85,-10.12,-4.28,28.53,2.61,8.88,-18.92,3.76,-12.43,11.6
16.65,35.09,5.19,-31.08,-7.18,-6.41,27.17,-3.55,3.4,-26.47,-0.91,-12.68,14.96
16.82,39.26,9.85,-31.55,-15.48,-11.0,25.56,-6.34,3.88,-26.05,4.85,-14.09,14.03
16.56,29.29,2.69,-27.76,-13.31,-8.41,20.46,1.4,8.91,-10.52,8.53,-1.88,14.07
16.24,43.25,5.83,-48.87,-11.17,-14.53,31.28,-18.32,-3.5,-28.7,13.35,-10.72,10.58
16.83,25.8,-0.09,-30.18,-16.62,-7.39,23.97,6.74,11.55,-9.57,9.43,-0.07,15.45
16.75,32.82,5.84,-34.26,-23.92,-17.02,23.77,2.34,10.81,-17.72,8.81,-4.77,18.59
15.9,32.98,6.24,-30.39,-17.16,-12.41,20.5,-2.83,4.47,-19.89,2.86,-8.91,11.53
16.38,34.82,9.7,-26.65,-16.62,-10.72,20.96,-2.28,3.07,-19.74,3.62,-11.36,5.48
16.29,27.93,4.56,-21.17,-14.51,-11.9,10.75,-0.73,6.38,-8.61,2.43,-9.33,0.45
16.35,48.38,8.11,-49.98,-7.45,-1.83,44.59,-14.25,6.81,-30.12,16.06,-15.75,19.72
16.39,19.93,-4.59,-26.93,-13.22,-4.53,17.49,-1.3,-1.3,-15.24,5.39,2.3,13.09
16.54,27.16,-4.6,-37.69,-15.95,-4.62,25.57,-7.93,1.63,-17.37,16.21,-1.75,16.41
16.77,28.7,-3.72,-38.64,-9.95,-5.79,26.6,-7.46,3.34,-18.74,14.59,-1.76,14.59
16.73,20.54,-7.95,-28.39,-7.16,4.17,24.67,0.31,6.84,-4.86,17.39,1.28,7.84
17.0,36.78,-4.36,-49.86,-7.2,-14.06,31.53,-12.29,11.19,-16.95,23.76,0.99,21.28
17.1,25.92,-1.8,-29.07,-7.7,2.69,26.51,-6.01,-2.06,-19.24,9.93,-3.7,10.84
16.76,24.08,-0.34,-25.34,-5.18,5.66,30.4,2.54,3.12,-14.47,10.45,3.25,16.27
16.03,34.02,9.14,-27.78,-14.02,-4.96,26.2,-5.4,-1.42,-18.13,14.81,-0.4,13.95
16.44,54.08,19.66,-51.12,-19.48,-7.17,33.45,-25.19,4.2,-17.29,27.75,-14.5,18.85
15.71,26.63,-2.98,-25.99,-13.41,-6.48,10.88,-6.76,2.66,-4.8,15.06,3.32,13.94
16.38,25.59,2.6,-26.27,-19.49,-11.92,15.38,-3.22,-5.02,-23.78,-0.67,-0.74,16.39
16.2,31.51,0.99,-42.62,-24.79,-12.52,27.16,-2.38,11.45,-10.61,22.05,2.37,21.78
15.61,43.57,11.03,-53.46,-32.72,-13.06,33.03,-24.62,-8.77,-25.5,27.05,-13.36,12.72
16.1,52.03,21.92,-49.28,-25.7,-7.78,47.89,-18.53,-3.23,-13.88,40.96,-6.6,9.35
16.47,25.5,1.54,-25.13,-16.77,-8.57,19.95,9.09,14.25,-2.17,10.02,-2.68,6.57
15.67,29.93,4.9,-24.43,-14.82,-8.86,17.02,-2.22,1.87,-16.62,5.43,-2.93,10.4
15.95,37.6,9.47,-30.33,-13.93,-11.32,21.72,-8.32,2.62,-16.51,14.15,1.72,21.45
16.13,27.91,2.86,-26.06,-19.46,-13.69,11.66,-7.56,-5.25,-20.17,6.45,5.36,22.99
16.32,30.36,-0.89,-40.95,-24.53,-21.25,10.64,-15.89,-2.96,-19.59,12.83,-3.71,9.57
16.42,34.07,8.13,-26.92,-14.8,-13.1,13.26,-16.28,-10.49,-26.8,8.66,3.78,17.9
16.5,23.95,2.08,-19.62,-14.73,-8.67,10.23,-2.13,-1.32,-11.91,2.14,-0.19,11.1
16.64,25.35,2.49,-17.95,-15.69,-11.62,4.87,-1.62,2.92,-5.72,4.41,-0.51,9.77
16.43,36.47,8.11,-35.68,-19.95,-16.11,25.2,-4.73,6.68,-21.81,4.61,-15.3,9.54
16.61,36.85,8.72,-27.44,-16.47,-21.16,10.12,-9.5,2.61,-22.91,-2.39,-15.95,4.88
17.14,38.05,17.76,-21.98,-19.31,-16.51,23.75,8.07,15.03,-17.98,2.53,-9.37,15.26
16.9,42.55,23.33,-29.79,-19.05,-9.64,38.96,-2.73,-4.12,-39.88,0.15,-14.53,15.33
16.57,43.0,11.82,-35.26,-16.33,-21.03,19.23,-12.14,3.79,-24.97,11.11,-4.66,23.52
16.17,40.88,10.98,-34.09,-14.0,-13.06,23.01,-8.63,8.03,-14.89,14.69,-6.82,12.04
16.83,43.97,6.46,-46.67,-15.36,-16.45,30.38,-14.47,5.88,-28.03,12.63,-17.93,6.63
16.92,41.65,8.33,-43.93,-21.74,-15.14,28.46,-14.54,-0.19,-28.77,14.39,-7.41,24.47
