17.14,5.25,-3.11,-4.61,-16.47,0.83,5.11,16.74,8.63,7.0,-1.93,0.43,0.37
16.9,28.24,1.25,-27.78,-16.65,-7.99,19.2,0.91,6.59,-11.45,8.44,-3.5,10.28
16.75,43.67,13.19,-48.3,-27.19,-5.23,48.38,-8.94,3.35,-9.13,43.96,-1.3,12.12
16.42,23.93,-4.09,-28.76,-17.04,-6.11,18.47,3.96,9.87,-4.57,12.43,2.56,17.02
16.44,39.86,-0.07,-44.2,-1.78,-8.26,41.07,-7.59,12.02,-17.25,20.54,0.72,21.24
16.96,43.06,7.58,-41.94,-10.09,-5.11,37.03,-11.19,2.79,-22.6,22.29,-4.77,21.81
16.7,32.56,2.53,-31.17,-9.08,-7.59,20.68,-9.57,-0.88,-20.73,7.71,-3.17,15.88
16.47,27.84,-2.27,-27.77,-11.75,-6.42,16.01,-3.98,5.87,-7.02,13.1,1.05,15.53
17.15,28.29,0.72,-34.41,-18.33,-9.02,22.08,-6.42,-1.97,-20.75,10.42,0.28,15.73
17.87,34.19,-2.52,-45.23,-14.45,-5.43,27.05,-23.43,-6.54,-29.01,19.16,-7.81,17.45
17.27,30.57,0.55,-34.75,-11.98,-6.12,22.37,-12.62,-5.14,-24.63,8.36,-3.93,15.78
17.19,38.93,4.4,-42.33,-14.14,-9.27,30.52,-11.16,6.19,-20.41,18.11,-7.5,15.19
16.82,38.51,6.9,-36.8,-14.11,-8.73,22.46,-16.04,-2.09,-18.53,19.59,-3.11,14.22
17.52,33.34,-1.41,-39.95,-17.76,-12.52,17.51,-20.18,-8.53,-34.02,3.65,-10.55,20.87
17.32,43.41,4.61,-45.4,-7.95,-10.5,28.32,-21.89,2.76,-23.89,17.14,-7.92,20.18
17.0,38.06,-1.36,-47.11,-24.07,-18.96,20.11,-21.8,-1.91,-29.66,11.27,-18.4,10.34
16.82,34.42,0.54,-42.58,-19.4,-18.76,10.07,-28.39,-11.53,-27.01,12.1,-3.43,16.96
17.08,23.85,-3.98,-30.88,-20.61,-12.49,10.63,-8.02,-0.48,-11.77,10.39,-0.98,9.2
17.33,32.71,1.74,-46.8,-32.07,-23.19,13.4,-23.57,-10.15,-24.95,15.38,-7.25,6.32
17.36,28.95,-1.87,-36.15,-20.79,-12.67,17.24,-5.51,7.38,-7.34,18.65,-1.8,7.33
17.05,30.77,3.44,-32.3,-14.64,-6.3,24.6,-4.69,0.76,-19.39,9.47,-2.29,15.75
16.94,43.05,3.15,-50.89,-16.13,-21.76,23.09,-24.02,1.17,-18.65,30.75,5.75,28.89
16.72,28.66,2.97,-27.61,-15.2,-10.83,16.17,-4.93,-1.2,-20.73,1.15,-6.44,11.22
16.84,31.55,3.53,-27.99,-17.92,-13.64,10.08,-10.18,-0.04,-13.44,10.62,-2.93,10.04
16.68,51.22,12.04,-63.0,-22.95,-7.35,37.06,-40.52,-11.42,-29.5,28.89,-15.1,17.26
16.48,28.23,0.05,-35.61,-24.21,-16.38,18.32,-2.12,4.09,-21.05,4.2,-5.47,17.53
16.9,44.47,6.43,-51.52,-19.8,-22.83,33.93,-14.34,1.45,-33.13,12.61,-10.94,16.21
16.99,39.4,9.96,-39.84,-8.3,-0.4,44.16,-8.14,-3.65,-38.48,7.23,-10.28,16.72
16.47,25.14,3.65,-22.04,-10.94,-5.43,18.33,-6.77,-10.23,-30.27,-3.18,-0.66,18.15
16.71,35.64,10.19,-30.57,-19.61,-12.44,21.96,-7.01,-2.64,-26.33,1.16,-18.34,-2.66
16.85,49.39,6.12,-72.41,-23.85,-15.19,31.03,-50.83,-10.13,-30.75,17.77,-16.67,9.7
17.22,36.97,3.57,-39.17,-10.44,-3.07,28.88,-19.02,-5.99,-29.77,15.14,-8.68,15.46
17.38,18.79,-10.56,-37.69,-15.58,-5.2,18.3,-10.2,-5.96,-19.87,6.39,-1.93,14.14
17.25,23.51,-6.99,-32.3,-12.9,-3.4,18.43,-7.51,-0.69,-13.66,11.85,-3.11,6.91
16.84,27.25,-1.39,-34.14,-13.07,-1.8,26.86,-5.12,0.25,-16.14,14.75,2.78,18.65
16.41,36.73,3.0,-46.12,-19.47,-10.59,27.35,-18.15,-3.96,-19.38,29.37,1.23,15.81
17.1,39.8,6.61,-44.08,-21.9,-17.39,29.71,-5.34,12.39,-18.97,16.0,-8.68,12.2
17.11,18.37,-9.21,-32.0,-20.11,-9.73,11.31,-5.92,-3.2,-14.78,4.55,-2.65,9.37
17.25,54.91,11.92,-67.55,-22.82,-11.35,38.77,-42.7,-5.79,-35.46,13.38,-24.28,11.6
16.58,35.71,-0.65,-40.28,-12.56,-10.85,20.94,-21.88,-6.08,-26.26,13.09,-9.78,12.43
17.25,45.45,2.39,-61.82,-18.07,-16.59,37.18,-29.27,-4.42,-33.66,16.93,-13.53,18.27
16.78,34.13,-0.33,-39.02,-21.26,-20.22,9.96,-18.32,-4.98,-30.74,-2.65,-21.22,3.56
16.84,28.09,-1.64,-34.91,-16.72,-8.82,18.81,-7.53,1.09,-15.36,7.85,-8.17,6.33
17.02,18.89,-9.03,-30.75,-17.48,-4.17,20.8,6.54,7.06,-11.33,0.59,-9.11,3.76
16.48,20.42,-5.23,-33.98,-23.71,-15.61,15.6,1.45,3.38,-19.58,-2.24,-7.81,10.64
16.8,37.81,-0.4,-48.76,-23.68,-14.97,25.19,-17.86,-3.05,-31.1,15.06,-11.27,17.7
16.74,48.81,5.41,-54.64,-16.09,-32.57,16.87,-38.18,-13.19,-45.24,0.66,-22.21,6.13
16.55,25.19,-4.68,-36.15,-22.46,-16.73,9.56,-15.48,-12.22,-32.96,-9.47,-17.12,4.85
16.87,22.55,-5.29,-35.71,-25.26,-17.53,11.38,-3.34,3.67,-12.1,5.56,-4.44,9.83
17.02,44.89,3.52,-53.44,-13.53,-18.18,35.2,-12.96,11.56,-18.37,26.31,-12.74,10.95
16.35,44.9,1.65,-45.01,-3.29,-27.07,30.53,-17.87,5.83,-26.29,-2.1,-20.79,4.04
16.83,30.83,0.44,-39.64,-23.85,-14.46,19.47,-11.84,-4.18,-24.41,9.31,-6.27,15.88
16.86,27.02,0.8,-32.27,-21.55,-13.52,19.55,0.96,4.65,-14.87,7.3,-3.95,7.48
17.09,42.09,13.37,-46.38,-18.17,-3.52,43.63,-8.35,2.32,-28.2,11.85,-20.71,9.81
16.8,25.03,-4.2,-37.97,-15.55,-5.58,26.67,-3.22,2.49,-18.89,8.88,-4.1,11.83
16.97,36.37,5.05,-38.3,-17.96,-9.75,30.35,-5.48,7.02,-19.01,18.72,-3.63,22.67
16.51,22.94,-0.3,-25.33,-20.46,-14.61,10.0,0.17,2.8,-11.32,4.49,1.38,11.05
16.44,23.65,-8.57,-40.99,-20.94,-11.03,14.33,-18.9,-14.28,-31.3,1.28,-12.64,5.06
16.37,47.53,4.62,-55.81,-5.48,-11.41,35.1,-24.75,3.79,-26.09,22.21,-3.2,22.66
16.42,48.42,6.79,-47.37,-5.18,-4.99,33.16,-24.05,5.2,-23.61,25.83,-13.56,15.77
15.64,36.25,7.14,-32.93,-14.77,-8.68,22.35,-8.7,2.44,-16.22,13.47,-4.87,8.14
16.44,24.77,-3.15,-35.08,-23.57,-13.02,19.06,-1.3,4.13,-13.17,13.57,2.52,15.9
16.16,31.07,5.02,-30.25,-13.78,-4.35,29.25,0.61,1.86,-24.59,1.74,-10.8,9.83
16.39,43.63,10.37,-47.93,-22.67,-14.75,34.66,-11.69,4.76,-26.3,20.16,-9.77,17.48
16.78,29.83,2.24,-31.62,-12.93,-9.54,26.53,3.41,9.27,-19.4,4.3,-4.32,17.32
17.26,24.2,-0.22,-28.42,-21.57,-14.32,18.27,7.69,9.83,-16.0,-1.39,-9.52,7.35
17.17,44.07,2.05,-49.98,-10.87,-28.22,28.09,-16.73,5.37,-35.42,-1.22,-20.25,11.72
16.88,26.89,-1.42,-32.36,-20.81,-12.54,16.24,-3.69,1.92,-15.3,9.53,0.97,17.94
16.72,28.89,0.18,-41.58,-29.71,-19.22,16.52,-11.17,-4.28,-21.53,10.13,-6.47,7.94
17.15,24.34,-1.0,-21.94,-13.96,-7.12,10.01,-5.12,-2.02,-11.9,2.91,-5.66,2.9
17.24,37.03,13.1,-31.57,-25.49,-18.22,18.11,-14.43,-14.14,-37.54,-1.39,-13.16,7.13
16.16,38.21,11.43,-28.14,-18.66,-14.3,18.38,-7.21,1.97,-21.09,10.6,-5.73,14.46
16.86,38.59,7.02,-43.63,-20.19,-12.21,33.68,-6.7,7.3,-22.68,18.46,-4.92,19.75
17.2,38.17,6.07,-40.49,-26.09,-20.25,20.63,-11.06,4.53,-20.17,15.81,-8.76,9.98
16.72,27.78,3.64,-24.42,-18.02,-14.2,11.39,-0.27,6.91,-9.23,3.55,-7.42,2.98
16.39,28.93,6.74,-21.51,-12.88,-3.9,22.67,1.05,-1.86,-23.33,-5.92,-15.27,-1.44
16.6,35.33,7.44,-35.23,-22.26,-14.33,20.3,-7.65,3.35,-14.5,15.42,-6.89,5.46
16.73,22.93,-5.12,-33.7,-25.32,-19.64,1.4,-19.65,-14.55,-24.98,1.06,-3.56,11.94
17.18,31.54,-2.9,-48.8,-31.45,-28.6,4.25,-28.24,-12.02,-29.95,3.9,-13.64,6.39
17.07,41.31,2.42,-47.9,-15.47,-21.22,21.55,-23.35,-2.42,-22.38,24.54,-4.09,14.87
16.57,32.0,5.62,-30.66,-23.44,-20.78,7.88,-11.32,-0.48,-14.23,12.47,0.17,11.23
16.73,22.56,-5.05,-31.03,-25.41,-19.6,1.91,-9.79,-2.04,-11.8,6.34,-0.38,12.23
17.19,47.04,2.53,-49.66,-10.54,-35.21,27.29,-18.9,10.4,-21.39,11.62,-6.62,15.67
16.67,20.16,-5.82,-33.16,-30.72,-27.22,-2.65,-15.16,-14.05,-32.2,-11.23,-6.59,15.43
17.13,47.05,5.52,-65.3,-28.3,-24.22,26.78,-33.3,-10.97,-45.08,18.86,-17.84,24.89
16.8,48.67,9.54,-47.02,-15.55,-22.52,23.68,-21.38,3.13,-35.17,11.45,-11.23,24.21
16.75,21.55,-1.81,-25.41,-22.28,-18.94,-0.83,-13.15,-11.67,-21.25,-2.76,0.09,15.03
16.9,47.51,12.52,-60.26,-37.49,-30.25,24.3,-34.67,-14.42,-40.0,15.02,-20.24,13.79
16.7,26.16,-1.87,-34.75,-19.09,-10.05,20.22,-2.5,3.38,-15.7,7.35,-3.98,11.79
16.92,17.84,-11.95,-37.57,-27.82,-17.13,7.91,-5.21,-2.38,-18.96,-6.45,-17.19,-3.78
16.72,37.2,3.94,-47.83,-25.81,-16.44,22.78,-21.49,-9.34,-31.44,11.66,-12.96,10.52
16.46,28.15,1.89,-38.54,-26.7,-16.41,23.01,-3.77,-5.29,-34.98,-5.85,-12.96,11.44
16.78,30.61,-1.73,-42.02,-19.24,-15.89,21.1,-10.82,-2.52,-30.42,3.32,-8.27,15.2
16.94,35.53,-0.21,-40.84,-14.42,-20.88,12.67,-22.95,-7.18,-28.31,4.04,-8.71,13.68
16.94,25.77,-0.3,-29.51,-18.7,-12.33,11.53,-10.27,-7.4,-21.39,2.59,-2.45,11.36
17.04,34.4,3.35,-43.75,-26.07,-17.01,20.08,-21.33,-17.48,-44.89,-4.46,-23.39,0.6
16.14,34.21,7.05,-35.45,-24.98,-17.54,18.84,-5.99,2.75,-17.84,15.46,-0.7,13.84
16.65,33.28,6.67,-35.94,-21.39,-9.82,27.41,-3.47,1.2,-18.29,14.5,-4.6,5.5
16.88,41.36,12.38,-51.78,-36.63,-14.37,33.23,-25.37,-15.66,-28.22,22.04,-14.55,14.99
16.98,32.2,-1.31,-41.93,-24.86,-18.77,16.21,-13.26,-2.2,-30.04,-1.91,-24.39,-1.87
17.19,40.99,14.02,-30.21,-16.04,-12.54,17.26,-23.44,-16.72,-35.71,2.72,-13.6,6.8
17.43,27.27,6.32,-19.45,-17.04,-12.45,8.94,-7.54,-11.01,-26.53,-7.9,-7.37,7.99
17.01,36.43,13.56,-23.67,-17.64,-12.57,17.36,-8.33,-6.52,-28.28,0.12,-8.96,10.16
17.33,23.19,-1.05,-27.98,-23.41,-16.5,7.59,-8.29,-10.95,-29.77,-12.0,-13.71,3.18
18.39,27.9,-0.32,-33.11,-16.61,-10.49,16.46,-12.43,-10.68,-29.87,-1.59,-8.37,10.85
20.53,29.89,-3.86,-52.88,-10.55,6.86,44.28,-22.0,-12.14,-36.79,12.47,-18.66,6.96
19.35,16.75,-13.33,-38.14,-9.92,2.88,26.54,-7.37,-7.51,-24.23,2.98,-4.34,13.5
18.97,35.79,-5.28,-51.76,-3.49,8.41,45.9,-23.17,-6.06,-37.19,21.35,-7.35,26.59
20.04,43.96,-6.09,-66.95,2.95,-6.21,52.59,-27.42,2.46,-43.9,10.2,-12.05,24.78
20.02,14.92,-16.13,-41.19,-11.54,4.01,28.59,-11.16,-9.19,-25.36,13.27,4.01,25.03
19.09,34.32,-7.56,-48.55,2.86,-6.49,39.19,-17.41,-3.39,-39.59,-1.27,-16.68,10.85
19.33,35.77,0.25,-51.27,-10.46,4.45,43.45,-21.29,-8.93,-31.59,24.0,-5.47,21.6
18.5,17.47,-6.41,-23.24,-5.6,1.37,13.02,-13.44,-15.83,-24.76,-4.11,-7.86,-0.14
18.49,38.2,1.08,-48.73,-9.2,-4.26,36.75,-20.99,-8.97,-35.61,12.92,-14.02,10.26
18.37,21.89,-4.16,-30.27,-10.02,-2.27,17.65,-17.21,-17.83,-30.24,2.69,-3.47,8.98
18.33,18.2,-7.71,-24.82,-6.31,4.29,17.68,-11.32,-14.96,-26.41,-2.43,-7.67,3.9
18.27,24.33,-4.04,-39.6,-19.1,-7.16,24.87,-10.45,-7.3,-24.9,12.04,0.46,16.17
17.95,30.66,0.29,-37.24,-15.33,-3.45,29.82,-8.97,-2.95,-23.66,15.38,-1.81,16.08
17.64,46.08,12.32,-53.35,-20.96,4.74,47.06,-29.65,-9.0,-20.25,37.0,-11.69,6.97
17.8,40.59,5.16,-42.22,-12.86,-2.97,34.77,-17.89,-6.77,-35.31,10.08,-18.5,9.35
17.65,37.31,-2.31,-48.06,-4.78,-4.9,32.55,-21.14,-1.24,-27.2,18.87,-1.5,27.18
17.53,34.51,5.4,-31.19,-10.91,-1.54,30.07,-8.66,-4.43,-28.57,9.07,-3.55,22.58
17.78,28.29,-0.28,-34.41,-10.66,0.02,29.83,-5.1,-1.33,-21.11,11.12,-3.53,9.88
17.68,34.45,3.85,-35.43,-10.93,-5.6,32.62,-1.92,4.88,-21.24,14.25,-3.98,10.25
16.78,32.22,-0.87,-40.36,-11.79,-6.77,25.84,-16.35,-7.18,-27.16,12.24,-4.71,13.36
17.27,30.42,-1.54,-38.05,-14.18,-2.76,28.87,-11.22,-6.04,-31.99,3.21,-14.68,10.73
17.05,39.48,6.44,-41.84,-16.92,-9.42,28.25,-17.16,-5.41,-30.12,8.73,-16.46,6.78
17.61,41.77,8.03,-45.39,-18.02,-6.97,34.98,-14.43,-2.15,-27.6,17.42,-11.61,12.72
17.02,37.06,0.95,-35.51,0.26,-7.91,34.32,-1.73,11.3,-18.48,7.22,-7.34,15.18
17.05,27.9,-2.03,-29.47,-13.66,-6.67,14.77,-11.48,-4.99,-21.71,2.28,-11.19,5.92
17.31,17.66,-8.45,-33.78,-22.74,-14.81,8.67,-9.8,-11.38,-29.4,-11.42,-13.63,3.07
17.5,39.96,0.47,-48.82,-11.62,-15.03,28.0,-22.23,-3.34,-25.93,22.29,-3.33,17.17
17.34,38.49,8.04,-45.32,-19.2,0.75,40.94,-17.04,-11.9,-31.83,15.89,-16.53,4.53
17.24,38.6,8.15,-46.95,-26.1,-11.81,32.35,-19.23,-11.36,-31.05,17.52,-9.64,5.6
16.74,26.18,-4.58,-38.08,-19.23,-13.37,13.2,-14.57,-6.96,-21.69,6.76,-5.61,7.72
16.87,21.15,-4.98,-34.26,-24.33,-12.82,16.47,-3.55,-4.29,-21.82,1.55,-5.32,7.24
17.35,41.46,-2.17,-61.71,-21.48,-21.37,33.25,-27.02,-4.6,-30.62,22.87,-7.18,19.37
16.88,23.12,-3.75,-29.6,-19.47,-11.88,11.58,-6.0,-3.86,-20.38,-1.44,-5.66,12.53
16.53,35.19,3.55,-39.97,-17.69,-11.29,26.06,-13.57,-6.04,-26.7,16.17,-0.35,18.02
16.71,25.88,-3.08,-29.99,-15.6,-5.9,17.43,-4.57,-1.29,-20.14,-2.44,-15.58,2.67
17.1,35.99,3.83,-48.67,-27.12,-14.13,33.13,-6.52,4.12,-27.22,7.13,-22.06,4.38
16.68,28.18,0.68,-26.87,-13.07,-4.0,22.76,-1.71,1.32,-21.9,0.43,-9.69,11.85
16.35,29.8,4.44,-30.72,-19.61,-11.5,21.04,-2.28,-0.4,-24.6,0.32,-9.89,8.28
16.78,27.94,2.17,-31.2,-21.36,-11.78,22.39,1.13,1.08,-25.4,-3.57,-11.52,10.49
16.99,28.21,1.97,-32.49,-19.42,-11.04,24.27,3.62,7.56,-20.1,-2.49,-14.74,7.22
16.48,29.21,-1.3,-37.96,-19.37,-9.91,23.17,-3.73,2.68,-19.99,7.11,-8.61,12.43
17.13,35.17,5.46,-43.42,-24.46,-12.82,32.85,-5.36,0.13,-37.2,-3.77,-26.02,1.63
16.14,33.4,4.9,-42.72,-21.82,-7.33,32.59,-8.56,-4.14,-25.27,10.82,-15.05,3.97
15.7,22.33,-3.75,-32.7,-26.96,-21.97,1.8,-14.27,-12.45,-29.01,-11.03,-15.93,-2.4
17.03,29.9,-0.92,-38.06,-26.64,-19.68,13.72,-6.99,7.23,-11.92,13.31,-7.14,11.18
17.02,21.86,-3.66,-31.39,-23.68,-18.23,9.56,-2.04,1.35,-20.8,-11.98,-20.54,-2.01
16.68,30.12,-0.95,-40.25,-20.08,-12.76,26.97,-3.71,1.97,-28.96,1.09,-13.19,13.61
16.24,28.88,2.28,-32.95,-18.16,-10.29,22.83,-5.64,-5.35,-32.01,-5.19,-11.78,11.51
16.53,31.28,1.61,-38.05,-26.75,-22.67,11.29,-12.2,-0.66,-17.87,11.14,-3.29,13.37
16.96,23.29,-4.14,-39.06,-31.16,-23.53,8.33,-9.77,-2.99,-18.3,7.99,-0.53,10.56
16.78,36.28,4.18,-36.14,-16.1,-6.04,29.78,-2.99,11.66,-11.51,21.16,-7.78,8.54
16.74,40.83,3.09,-50.2,-20.48,-15.62,26.86,-17.39,7.09,-13.73,26.13,-6.27,12.28
17.38,28.76,0.95,-33.43,-23.84,-15.21,20.95,5.83,14.85,-8.27,10.92,-5.51,11.33
17.07,29.02,3.47,-32.26,-22.61,-15.13,21.3,4.34,12.11,-13.57,3.33,-14.07,-0.05
17.14,34.41,7.26,-32.19,-22.9,-21.4,14.91,-6.34,4.38,-20.86,6.05,-6.05,15.71
17.01,26.69,3.13,-28.79,-25.17,-19.81,13.13,3.47,12.53,-6.03,9.97,-2.79,8.31
16.73,24.69,1.43,-28.19,-24.87,-18.23,12.9,3.42,7.31,-10.96,6.82,0.29,12.77
17.3,46.63,5.47,-45.1,-7.11,-23.94,33.18,-11.55,10.19,-21.22,14.63,-8.65,15.04
17.14,28.54,-0.92,-32.29,-19.79,-12.32,17.42,-1.79,8.57,-13.66,2.14,-19.88,-2.66
17.41,32.15,-0.76,-44.98,-21.73,-16.72,21.56,-10.93,3.66,-21.61,10.34,-10.16,7.56
17.24,22.89,-7.55,-33.39,-16.42,-5.75,17.7,-4.24,3.51,-10.74,10.27,-4.15,10.75
17.56,20.67,-9.53,-37.92,-17.07,-9.08,15.81,-7.78,-0.16,-17.18,-0.37,-18.2,-6.58
18.05,28.95,-3.12,-40.61,-19.42,-6.27,30.85,1.73,12.11,-12.46,14.07,-13.04,0.06
17.04,33.07,0.8,-53.88,-33.9,-14.02,30.39,-13.99,-1.97,-19.62,22.77,-12.42,4.91
17.19,40.19,5.68,-45.87,-26.57,-22.09,20.58,-16.93,-0.06,-27.63,10.79,-17.51,8.24
16.21,46.97,9.54,-45.43,-13.73,-22.65,26.14,-15.35,10.69,-14.61,18.19,-9.3,7.08
16.47,28.69,5.76,-28.52,-26.59,-20.16,17.62,6.61,10.95,-12.67,6.14,-3.63,11.95
16.72,33.89,3.71,-41.18,-27.57,-23.8,14.61,-11.15,2.26,-19.0,11.04,-5.48,13.03
16.98,25.05,-1.33,-31.29,-18.83,-8.18,21.91,0.48,-0.4,-22.81,-1.26,-7.33,11.01
16.51,23.06,-1.46,-28.84,-24.7,-20.19,4.35,-5.47,-0.8,-12.78,4.07,-0.37,10.2
17.24,40.43,2.01,-49.66,-20.76,-12.43,31.98,-15.72,10.18,-11.86,37.92,5.44,28.89
16.55,27.7,0.43,-31.42,-12.06,-2.39,24.34,-5.32,-0.47,-15.93,11.22,-3.58,8.13
17.07,36.04,5.31,-35.13,-12.55,-15.5,28.55,4.93,19.34,-14.05,8.72,-14.33,11.15
17.42,23.49,0.15,-29.28,-26.05,-22.88,9.51,5.71,17.48,-3.34,5.86,-7.51,6.02
16.59,31.22,-0.91,-38.03,-17.95,-6.66,28.73,-1.01,8.58,-16.95,10.68,-12.09,8.31
17.49,27.3,-6.43,-47.83,-20.75,-12.47,25.62,-9.12,4.56,-16.21,19.21,-0.18,15.34
18.13,24.7,-9.5,-42.8,-15.02,-4.3,24.8,-14.29,-2.57,-20.52,19.36,1.53,22.47
17.43,12.77,-14.59,-34.96,-14.36,-6.11,12.36,-10.71,-4.64,-10.76,15.57,11.55,21.86
17.46,28.15,-3.28,-36.07,-9.0,0.28,27.84,-12.94,-6.15,-28.16,8.19,-9.51,11.71
17.23,25.07,-5.75,-40.73,-15.83,-4.87,24.88,-9.7,-1.3,-18.93,10.0,-11.44,-0.7
17.16,28.26,-5.44,-36.68,-5.37,-9.86,18.56,-21.8,-12.74,-34.01,1.74,-9.41,5.43
17.73,22.79,-8.82,-41.08,-8.33,-0.32,26.24,-18.35,-15.27,-36.97,0.85,-6.17,19.19
18.09,22.65,-9.16,-37.07,-9.75,1.49,26.67,-11.2,-4.27,-22.42,14.14,0.27,21.47
17.87,13.95,-14.62,-37.76,-13.4,-1.08,22.74,-5.27,-5.04,-21.95,2.51,-3.82,11.46
17.86,31.71,-7.34,-53.3,-13.15,-2.13,44.49,-3.81,11.37,-22.3,19.15,-3.6,28.7
17.45,16.16,-12.93,-39.4,-19.01,-7.41,18.17,-5.66,-1.28,-15.98,6.63,-2.15,12.77
17.57,19.21,-10.93,-38.23,-21.8,-9.87,16.59,-6.35,-2.91,-20.19,5.13,-3.3,15.19
17.58,25.74,-8.41,-50.67,-23.63,-9.97,31.52,-2.81,7.33,-20.28,7.75,-15.02,4.47
17.36,24.34,-4.23,-32.96,-16.21,-5.8,20.17,-7.38,-4.0,-22.36,4.67,-5.83,11.35
17.53,30.99,-0.11,-41.31,-20.0,-11.28,26.74,-4.23,5.18,-16.96,15.15,-3.52,14.41
17.15,30.12,-0.01,-31.9,-16.26,-7.09,22.02,-1.57,8.37,-11.34,11.95,-8.47,6.47
17.64,28.66,-0.04,-35.39,-19.98,-11.91,21.39,0.03,9.68,-9.72,12.32,-5.27,5.64
17.7,35.43,4.84,-47.01,-26.86,-12.02,33.6,-7.8,5.36,-16.92,24.38,-0.13,19.55
17.67,39.21,-7.16,-47.93,3.09,-22.0,40.48,-15.62,9.52,-11.71,20.99,13.77,26.84
17.36,26.98,-5.13,-31.06,-9.85,0.56,25.25,-1.05,7.75,-11.21,10.86,-8.35,8.13
17.49,32.65,-1.67,-42.99,-9.85,-3.86,29.31,-15.54,-2.39,-26.19,12.08,-9.28,12.12
16.93,29.31,-3.69,-40.15,-14.36,-3.5,31.24,-5.86,1.88,-26.01,7.0,-9.83,14.47
17.19,19.94,-7.25,-30.26,-10.03,0.32,22.63,-0.34,2.8,-11.01,7.76,-1.37,9.04
17.81,26.96,-5.27,-37.45,-15.76,-4.12,26.9,-2.04,5.99,-17.81,8.67,-8.68,15.94
17.26,44.94,0.17,-60.32,-10.29,-9.73,36.56,-29.13,0.05,-34.41,14.68,-24.62,6.59
17.65,35.19,-6.18,-55.6,-13.3,-3.05,39.78,-15.97,5.4,-25.69,24.64,-9.53,19.88
17.25,27.58,-0.47,-28.96,-8.48,-4.39,21.38,-2.58,6.29,-10.45,13.62,1.4,12.36
17.1,39.98,0.16,-44.68,-15.5,-10.44,28.3,-17.23,5.19,-25.53,13.41,-20.49,8.38
16.62,31.74,-1.79,-42.67,-12.09,-6.43,31.98,-2.75,12.55,-15.14,15.54,-10.86,3.23
16.87,23.02,-4.62,-34.77,-23.67,-16.0,11.6,-7.28,-1.6,-18.33,2.14,-10.03,2.26
16.97,36.63,3.71,-39.78,-14.94,-10.02,25.24,-11.06,2.51,-20.04,9.87,-13.06,7.43
17.53,40.1,5.39,-43.91,-24.36,-27.3,17.18,-11.89,18.92,-9.48,23.22,-8.5,10.29
17.25,24.52,-0.05,-30.18,-24.92,-18.74,11.24,0.49,5.29,-14.09,0.79,-7.06,7.06
16.78,36.19,6.13,-32.41,-16.27,-15.66,21.95,0.26,14.28,-12.4,10.2,-8.22,12.76
16.65,33.67,4.28,-33.12,-17.4,-15.34,16.19,-6.98,9.42,-12.73,3.39,-21.65,-8.15
17.15,26.43,0.82,-27.01,-23.12,-18.94,7.04,0.05,12.99,0.4,12.08,-6.95,0.25
16.82,43.78,9.67,-48.74,-19.26,-5.27,44.31,-6.78,9.67,-18.91,25.18,-10.63,14.4
16.38,34.22,7.83,-35.36,-25.43,-18.55,22.38,-3.28,2.73,-24.0,3.7,-12.71,5.17
16.38,32.68,5.92,-31.17,-17.29,-8.58,20.81,-11.03,-5.25,-18.94,15.88,1.45,12.51
16.78,34.47,5.77,-37.18,-22.77,-13.03,20.05,-15.78,-8.01,-23.13,14.64,-3.66,10.73
16.81,27.49,2.89,-29.0,-20.51,-12.68,16.45,-5.59,-4.74,-23.1,2.82,-1.47,13.94
17.16,40.27,3.28,-50.06,-18.53,-15.27,29.76,-17.12,4.53,-19.45,23.76,-4.67,17.76
17.48,41.88,-6.34,-67.05,-23.27,-37.75,21.57,-27.14,3.24,-25.19,17.05,-10.32,24.21
17.46,22.42,-11.02,-45.15,-31.06,-23.49,4.45,-19.16,-7.63,-24.3,1.73,-15.63,-0.89
17.45,23.13,-3.85,-37.43,-29.05,-21.54,9.72,-7.71,-2.05,-19.79,0.64,-12.09,-1.56
17.92,17.5,-13.88,-43.19,-29.71,-19.51,9.84,-3.95,9.81,-2.29,17.25,-1.58,7.06
17.15,18.28,-8.01,-31.7,-21.09,-14.39,7.68,-4.31,2.47,-9.33,3.34,-7.49,-0.28
17.22,15.94,-12.29,-33.87,-24.62,-18.18,-2.64,-20.09,-17.2,-25.63,-6.5,-13.88,-6.74
17.47,35.79,-1.7,-47.39,-11.15,-10.74,31.05,-12.27,4.85,-25.1,11.93,-10.66,11.1
17.28,34.03,-1.57,-44.75,-16.06,-9.33,33.94,-1.1,12.65,-20.46,12.05,-13.21,12.11
16.98,23.96,-2.83,-32.82,-21.02,-12.21,16.02,-1.66,4.09,-12.04,9.04,1.56,17.28
16.82,24.37,-2.76,-31.76,-19.16,-10.53,14.72,-9.13,-6.59,-22.1,7.19,4.4,24.95
16.55,39.34,4.22,-42.88,-13.07,-14.28,29.43,-11.58,4.13,-22.0,17.69,-0.2,25.92
16.81,35.79,3.23,-37.17,-15.08,-12.54,25.03,-7.98,3.36,-25.72,7.62,-6.81,18.82
17.02,23.36,-6.72,-38.75,-22.15,-16.74,9.53,-14.83,-6.28,-18.49,10.1,4.02,19.79
17.76,31.17,-1.55,-46.88,-25.63,-13.32,28.43,-7.27,2.76,-23.52,13.1,-10.26,11.45
17.81,46.04,1.42,-60.1,-19.22,-35.27,20.99,-21.39,14.1,-22.1,13.44,-14.28,15.08
17.58,32.99,5.35,-36.11,-23.18,-15.77,23.28,-3.28,5.41,-23.59,3.96,-16.0,3.65
16.28,32.76,-0.39,-35.05,-6.99,-8.19,20.08,-13.94,-2.15,-24.99,0.97,-14.64,3.5
16.88,32.86,2.21,-30.48,-13.81,-5.11,23.48,-4.04,3.99,-17.26,8.06,-12.23,7.24
16.83,27.75,2.55,-27.32,-16.04,-7.08,19.85,0.26,5.17,-11.06,7.81,-6.81,2.11
16.67,32.9,2.28,-40.5,-23.35,-15.62,22.36,-9.46,-2.03,-28.06,8.5,-3.61,24.51
16.2,25.17,-4.11,-40.73,-25.97,-20.91,11.01,-14.2,-7.68,-29.49,-0.32,-7.67,13.83
16.78,30.13,1.02,-39.48,-29.9,-25.86,3.41,-21.53,-10.83,-23.46,9.2,-1.29,15.5
16.57,22.1,-4.64,-30.33,-23.59,-21.81,-5.3,-19.17,-8.44,-10.81,8.99,2.29,10.27
17.26,37.99,4.26,-52.16,-33.6,-26.31,21.09,-15.81,7.41,-18.06,20.95,-16.47,5.03
16.38,25.07,-0.16,-32.44,-26.49,-20.8,12.58,0.17,4.4,-18.46,-2.65,-13.33,2.57
16.57,21.4,-2.03,-24.36,-20.03,-11.11,13.23,5.55,5.15,-11.02,-1.43,-7.08,2.38
16.98,35.55,-2.8,-47.32,-22.42,-33.65,9.29,-18.58,4.54,-20.45,11.7,-2.08,20.48
17.08,27.77,-2.92,-36.49,-23.9,-16.61,13.63,-6.41,6.85,-9.85,14.78,-4.04,9.94
17.41,24.4,-8.13,-50.2,-31.97,-22.3,13.0,-18.57,-6.98,-23.27,14.21,1.27,22.76
16.96,31.36,-0.78,-41.44,-19.18,-13.16,27.49,-2.15,8.19,-24.93,7.63,-4.18,24.33
16.74,24.0,-7.2,-50.56,-36.37,-25.99,5.74,-32.37,-30.24,-50.73,-14.76,-29.26,-10.81
16.55,26.15,-2.63,-31.77,-20.52,-13.97,9.41,-12.21,-5.82,-19.93,6.42,0.06,18.94
16.35,50.23,11.95,-54.21,-18.3,-15.63,29.57,-29.13,-5.06,-22.42,28.35,-2.57,27.1
16.6,38.43,9.08,-38.09,-23.82,-18.68,22.43,-6.12,9.41,-15.95,17.11,-4.1,16.29
16.79,37.63,9.37,-39.29,-26.76,-18.32,26.41,-2.47,10.27,-13.75,20.36,-2.01,17.12
16.14,24.64,-1.89,-26.13,-18.27,-13.37,4.51,-12.78,-8.79,-19.26,0.7,-3.4,11.69
16.66,24.26,-2.46,-30.33,-18.44,-12.17,10.13,-10.76,-6.42,-17.56,6.48,1.31,14.15
17.47,37.05,-4.19,-56.89,-23.11,-28.76,25.11,-9.82,14.27,-19.11,15.42,-10.75,25.14
17.13,34.17,3.52,-40.93,-19.64,-11.1,33.44,2.85,13.34,-18.49,12.47,-8.51,15.27
17.88,33.49,-6.68,-54.19,-22.75,-28.82,20.76,-10.72,12.38,-21.48,10.28,-15.25,8.57
17.8,29.59,-0.47,-44.95,-25.99,-13.52,30.01,-0.64,8.96,-16.91,15.57,-5.24,13.17
17.93,32.85,-6.38,-53.28,-19.95,-17.72,27.43,-10.75,8.28,-21.66,15.81,-12.14,10.7
17.54,19.34,-8.02,-33.83,-18.17,-7.21,20.08,5.25,12.42,-2.39,11.03,-4.36,2.57
17.81,21.11,-9.84,-40.8,-23.07,-12.8,16.72,-7.82,-1.2,-18.82,8.71,-4.01,12.33
17.14,30.61,2.1,-36.91,-15.43,-2.5,35.34,2.9,7.83,-18.69,10.17,-6.69,12.37
17.08,33.44,4.2,-33.72,-16.45,-11.09,23.16,-1.17,10.82,-11.05,16.26,0.16,18.07
17.31,21.63,-4.75,-31.98,-20.43,-12.29,17.66,7.46,14.85,-5.61,2.96,-13.45,-2.91
16.8,33.58,-0.32,-43.29,-21.82,-16.5,25.49,-3.45,12.87,-13.79,19.68,-3.48,16.19
16.79,37.66,1.46,-42.29,-10.28,-10.59,28.4,-9.63,6.6,-18.89,16.47,-8.1,8.43
17.46,30.72,2.1,-36.88,-19.56,-11.93,24.33,-1.6,8.29,-9.36,21.14,0.31,6.51
17.13,50.34,3.25,-61.56,-10.67,-25.88,48.37,-18.66,9.5,-16.62,19.33,-8.03,15.95
16.73,23.35,-4.47,-31.25,-18.84,-9.0,20.51,4.15,10.67,-11.41,5.49,-6.38,12.06
16.22,33.13,5.56,-35.17,-19.66,-14.71,23.24,-3.04,3.88,-24.43,4.51,-6.04,18.18
17.23,24.27,-1.4,-28.45,-20.49,-11.92,13.41,-1.7,2.22,-10.57,9.79,2.39,11.36
17.16,54.28,7.53,-63.86,-11.14,-13.97,36.89,-21.41,21.95,-15.4,28.92,-9.33,23.43
16.94,30.64,1.41,-38.66,-21.84,-11.32,24.26,-10.11,-4.19,-24.37,12.36,-4.5,13.76
17.29,49.74,6.55,-52.99,-12.4,-22.38,32.47,-22.88,5.34,-20.46,31.29,3.26,26.07
17.04,27.69,-4.02,-42.46,-26.32,-17.0,15.19,-15.33,-3.57,-19.07,14.94,-3.23,12.63
17.17,30.41,2.78,-35.08,-24.23,-17.14,15.77,-6.46,4.26,-10.95,15.44,-1.84,9.66
17.25,29.63,1.51,-33.07,-23.56,-17.81,12.47,-6.14,7.87,-5.28,20.09,2.12,12.07
16.61,45.32,9.53,-42.51,-13.8,-16.07,33.2,-7.19,13.54,-21.76,13.28,-15.07,10.74
17.63,46.79,17.47,-42.25,-22.83,-25.36,31.07,-1.75,19.32,-20.21,14.2,-19.5,11.82
17.05,33.53,5.27,-36.54,-24.04,-17.61,19.67,-6.16,3.81,-17.42,9.28,-8.87,8.34
16.88,39.3,1.4,-48.28,-18.02,-17.07,24.56,-13.05,8.23,-21.97,14.56,-14.22,12.01
17.35,30.67,3.32,-33.89,-20.6,-14.83,19.92,-1.61,8.55,-11.35,11.84,-10.93,-1.22
17.33,35.55,1.87,-43.38,-18.46,-19.03,22.5,-3.87,16.42,-10.72,13.84,-12.31,3.38
17.01,25.0,-4.02,-35.22,-19.07,-11.31,14.43,-9.38,-4.28,-23.07,-4.37,-18.16,-2.78
17.03,54.2,16.75,-51.84,-10.87,-8.48,44.72,-18.67,2.0,-37.86,11.89,-25.9,16.66
16.58,31.41,3.9,-31.37,-19.5,-16.99,12.85,-8.33,-0.49,-23.03,-2.05,-13.99,4.82
17.08,31.79,6.02,-27.76,-20.49,-16.39,12.98,-5.55,1.59,-17.23,4.4,-7.83,7.82
16.94,36.52,10.13,-29.71,-15.89,-9.51,21.32,-11.11,-4.92,-23.11,9.68,-5.25,10.1
16.72,32.8,9.12,-28.71,-13.95,-3.54,33.18,1.2,-0.31,-27.97,0.69,-11.18,5.76
16.94,32.17,2.46,-33.22,-12.26,-11.11,21.54,-6.12,3.57,-19.52,7.96,-4.3,11.67
17.39,30.39,-2.66,-37.85,-19.67,-17.02,11.2,-18.22,-5.58,-24.82,5.53,-9.62,11.05
17.49,50.25,0.92,-67.75,-11.75,-19.22,30.54,-31.27,7.22,-34.82,15.2,-16.5,21.4
17.32,29.96,-0.33,-38.53,-19.49,-14.81,20.29,-9.96,-1.14,-25.68,2.09,-13.59,4.86
16.9,43.55,-5.3,-62.13,-10.28,-26.48,30.05,-29.06,1.59,-32.34,11.33,-17.49,9.0
17.68,31.19,-6.3,-53.53,-20.64,-16.08,25.7,-20.08,-2.45,-30.42,16.14,-5.47,17.33
17.76,38.57,-4.82,-47.17,-2.75,-22.35,34.2,-13.36,7.8,-24.62,2.27,-11.5,9.11
17.52,23.64,-9.0,-42.33,-24.82,-14.5,14.41,-12.51,-2.95,-20.3,8.65,-7.35,9.53
17.18,39.94,5.13,-47.54,-17.69,-10.15,33.34,-14.0,3.33,-25.52,15.77,-10.52,14.74
17.08,21.41,-4.75,-24.98,-13.43,-4.55,14.01,-0.62,5.73,-0.98,17.69,8.44,13.8
16.82,32.24,-0.89,-41.49,-14.54,-10.88,21.15,-14.72,2.45,-16.0,18.81,-1.22,16.35
16.61,21.86,-6.11,-29.65,-16.8,-9.27,9.29,-11.52,-7.31,-18.34,5.56,0.08,15.73
16.78,44.34,9.07,-50.22,-14.39,-0.61,43.22,-20.35,-3.9,-29.86,22.93,-14.57,12.47
16.31,24.33,2.12,-16.88,-11.7,-5.67,13.47,3.28,6.02,-6.37,5.92,-1.32,5.33
17.08,27.91,-1.35,-35.8,-11.26,-1.8,29.98,-3.85,0.83,-22.93,6.91,-6.24,15.0
17.14,25.16,0.7,-21.53,-5.43,1.86,17.61,-13.5,-12.77,-22.47,10.63,9.2,25.03
16.86,26.38,4.6,-19.74,-16.46,-13.12,5.0,-10.46,-9.71,-18.86,3.08,3.93,15.32
16.98,30.09,0.74,-30.48,-16.75,-10.08,17.17,-6.86,1.74,-17.1,7.13,-10.96,0.32
17.14,28.74,-0.91,-37.7,-22.08,-16.31,12.84,-13.11,-4.94,-22.98,3.77,-12.09,2.72
17.36,47.1,5.91,-40.93,-9.23,-5.14,34.01,-13.6,11.84,-23.72,19.59,-20.53,12.43
17.05,36.82,7.8,-34.78,-14.41,-4.05,34.67,-0.52,7.25,-16.66,17.35,-2.84,14.19
16.85,39.88,5.86,-34.08,-11.95,-12.93,23.25,-10.28,5.97,-23.43,7.65,-18.11,9.67
16.68,36.53,9.66,-28.94,-12.51,-7.54,24.27,-8.05,0.31,-21.1,7.31,-10.61,4.2
17.18,28.8,2.03,-36.71,-23.36,-14.12,23.26,-1.27,5.72,-18.32,6.77,-14.23,0.06
16.75,35.53,6.89,-42.27,-23.6,-17.31,28.15,-8.81,-2.3,-36.32,1.2,-14.01,15.71
16.87,25.36,-2.28,-30.71,-19.01,-11.45,17.33,2.43,13.48,-3.67,12.48,-7.85,3.56
17.76,26.7,1.44,-31.54,-17.47,-6.94,29.68,11.2,17.34,-6.75,13.0,-3.78,9.52
17.51,32.66,1.91,-43.0,-19.62,-7.4,41.14,11.92,26.83,0.15,34.27,7.78,24.75
17.38,34.82,2.05,-45.02,-20.04,-14.05,34.41,1.64,16.27,-16.0,17.77,-4.55,22.6
16.94,37.22,1.18,-56.18,-28.4,-15.91,31.75,-13.72,6.63,-19.87,23.72,-6.9,19.71
16.94,28.75,2.38,-39.04,-28.57,-21.29,17.4,-7.67,2.31,-16.7,19.0,6.15,22.39
17.04,22.54,-6.58,-31.67,-19.69,-10.21,13.75,-0.16,11.21,3.58,25.75,12.61,19.71
16.54,29.91,3.63,-35.49,-20.44,-7.64,33.07,5.64,9.12,-15.94,12.44,-3.63,14.71
16.65,25.39,-6.24,-35.32,-19.53,-12.9,12.2,-8.11,-0.69,-19.47,-1.02,-16.29,-1.67
17.06,30.76,1.89,-38.29,-19.65,-11.51,25.05,-6.1,0.82,-24.38,7.04,-3.81,19.69
17.11,40.61,8.84,-43.75,-17.16,-9.42,35.85,-11.91,1.57,-21.82,22.65,-0.36,20.78
17.24,23.47,-4.5,-35.35,-22.86,-16.41,9.15,-11.37,-3.03,-15.23,8.48,-2.99,6.34
16.79,30.53,1.99,-34.62,-18.25,-7.43,26.12,-3.49,3.31,-15.83,16.9,0.72,15.99
16.08,27.94,-1.11,-29.78,-13.89,-12.71,10.51,-7.09,5.78,-6.74,13.84,2.4,13.78
16.75,33.7,3.6,-33.87,-15.48,-8.59,20.59,-14.07,-2.46,-17.97,16.57,-5.97,6.41
16.4,34.72,2.64,-38.92,-16.5,-16.35,12.9,-25.17,-8.11,-22.42,21.46,8.58,29.29
16.74,38.53,3.06,-50.55,-21.22,-16.93,29.06,-11.28,7.12,-21.56,19.42,-8.76,18.84
16.87,21.44,-3.86,-33.3,-23.3,-12.29,18.56,0.98,2.67,-13.88,11.49,7.98,20.51
16.88,42.03,8.42,-39.24,-12.04,-13.53,28.12,-15.65,-0.17,-27.48,15.02,-5.42,19.68
16.73,25.95,4.47,-25.07,-20.58,-14.15,20.44,9.71,11.08,-13.69,4.83,4.63,26.84
16.33,32.41,7.25,-26.11,-14.79,-7.48,25.25,0.8,2.19,-22.82,5.24,0.62,24.35
17.0,23.94,-0.02,-25.62,-12.25,-4.33,18.56,-4.54,-3.79,-17.76,7.09,4.24,18.59
16.48,25.37,-1.06,-29.03,-17.22,-10.5,14.98,-6.26,-1.63,-18.93,6.92,1.22,16.29
17.05,50.38,5.07,-57.94,-2.85,-11.04,45.06,-11.43,17.17,-14.03,26.8,-6.92,18.49
16.72,24.44,1.19,-21.29,-12.39,-4.45,20.03,5.68,5.33,-14.02,4.8,5.53,23.16
16.92,37.54,2.33,-43.14,-13.67,-13.13,27.34,-12.31,4.71,-18.74,20.32,-1.81,19.99
16.9,21.46,-6.13,-30.8,-16.08,-7.35,16.66,-3.5,-1.74,-18.12,4.86,-1.22,11.16
16.73,30.13,-2.57,-42.24,-19.55,-14.06,16.5,-19.05,-8.71,-29.52,1.19,-13.42,9.73
17.27,29.52,0.4,-31.36,-14.89,-7.32,26.83,8.57,18.93,-5.46,13.96,-3.97,12.17
17.73,33.59,7.47,-35.67,-23.66,-11.61,34.73,9.35,18.62,-7.19,19.58,-4.93,9.15
17.38,24.29,-2.2,-27.82,-14.71,-2.92,23.68,6.05,9.15,-7.16,12.18,0.6,10.53
16.56,37.03,0.75,-36.41,1.44,-6.05,32.37,-6.27,9.9,-12.95,24.79,11.31,29.06
16.69,29.09,-0.49,-28.57,-10.9,-2.75,20.6,-5.39,4.67,-8.69,20.03,4.2,16.22
16.25,40.15,4.98,-46.52,-15.97,-8.77,30.08,-21.5,-6.27,-31.79,10.48,-19.48,5.2
16.36,36.36,4.57,-42.07,-21.78,-13.87,31.12,-1.99,10.52,-16.35,19.27,-1.32,21.04
17.02,39.21,-0.41,-47.04,-9.17,-15.03,35.29,-4.34,12.42,-25.44,7.16,-19.76,5.85
17.32,22.76,-3.0,-26.78,-17.13,-7.5,15.23,-0.33,2.03,-12.38,3.74,-4.19,11.2
17.49,32.48,-0.02,-41.2,-22.07,-17.34,17.0,-9.74,8.82,-5.56,26.4,6.65,21.61
17.18,42.25,2.88,-50.82,-13.62,-14.21,29.83,-22.52,1.32,-22.65,26.78,1.41,25.98
17.23,38.9,7.21,-41.05,-19.43,-11.73,28.31,-8.54,6.43,-14.16,25.53,-1.78,14.19
16.6,47.23,10.19,-43.57,-8.94,-9.96,37.72,-10.26,8.73,-27.84,12.57,-17.79,13.75
17.09,38.31,7.15,-41.54,-21.89,-16.59,23.66,-14.36,-1.5,-25.16,12.91,-3.59,18.86
17.54,29.39,2.92,-30.91,-24.6,-19.27,13.23,-0.65,9.8,-9.52,11.43,-2.36,11.92
17.02,40.18,9.72,-38.35,-17.04,-12.93,30.09,-7.18,6.97,-15.49,24.81,5.22,24.76
17.21,47.09,9.98,-52.72,-15.87,-12.29,41.78,-5.83,23.21,0.67,44.44,10.96,30.72
16.59,25.87,-0.02,-30.69,-15.42,-5.19,23.37,-0.62,3.05,-11.68,15.23,6.69,18.72
16.74,32.91,5.68,-30.19,-20.88,-19.57,12.85,-5.46,7.6,-11.78,11.69,-1.68,14.94
16.53,22.47,2.04,-18.06,-16.01,-10.65,8.71,1.03,1.06,-10.0,1.46,-0.09,7.83
16.56,20.11,-1.71,-22.8,-15.41,-4.79,20.28,8.69,7.23,-7.68,7.69,1.52,7.21
17.14,22.47,-3.48,-27.94,-16.37,-10.46,9.59,-5.56,3.04,-4.87,12.31,1.9,7.47
17.21,38.54,5.6,-45.98,-15.23,-9.02,29.86,-18.8,-1.36,-21.48,22.54,-0.7,19.61
