17.36,30.58,7.22,-31.25,-29.82,-25.86,7.54,-8.5,-1.42,-23.58,0.6,-10.59,8.07
17.5,44.41,13.93,-46.03,-31.24,-24.99,20.94,-24.39,-10.58,-36.72,9.64,-18.3,3.18
17.63,31.49,7.3,-27.03,-24.51,-23.92,4.29,-10.84,-3.36,-18.45,3.64,-5.41,7.2
17.53,44.16,9.65,-37.97,-13.13,-19.77,24.99,-11.24,7.79,-19.16,14.8,-9.59,11.12
17.73,25.55,3.56,-22.79,-21.46,-18.13,6.14,-3.21,-0.08,-15.6,-1.73,-5.58,7.38
17.52,39.3,9.95,-26.55,-9.93,-14.76,15.55,-9.01,3.28,-21.18,-1.43,-20.78,-1.62
18.2,28.31,5.37,-21.94,-18.23,-16.39,7.45,-1.9,6.51,-8.7,2.03,-10.36,-1.52
17.74,21.37,-0.08,-20.34,-16.71,-9.88,9.51,-1.54,-4.7,-18.56,-4.42,-3.15,7.52
17.85,31.56,7.01,-23.28,-13.49,-8.5,17.41,-0.5,6.98,-7.36,12.18,-1.82,6.09
18.41,27.14,-1.43,-34.58,-26.65,-27.15,-6.34,-31.5,-22.01,-33.7,-3.49,-13.27,-0.09
17.98,58.39,8.84,-52.02,8.26,-18.3,37.91,-30.99,5.72,-25.73,10.49,-13.08,12.58
17.96,31.93,7.68,-20.58,-8.29,-3.8,17.39,-9.8,-8.6,-25.56,-1.74,-10.16,1.79
17.64,31.4,6.45,-26.72,-13.23,-8.42,14.46,-20.91,-23.5,-42.49,-11.46,-17.74,1.31
17.87,27.25,3.89,-18.32,-12.53,-7.81,7.35,-10.97,-11.35,-22.77,-3.79,-5.74,7.67
17.5,19.95,0.08,-13.23,-5.56,0.51,11.06,-2.95,-7.79,-17.86,-9.56,-10.86,-2.9
17.54,34.69,8.24,-30.94,-14.06,-7.91,27.61,-8.43,-8.38,-40.74,-6.15,-12.47,16.1
17.39,48.05,13.75,-46.76,-13.25,-2.71,41.34,-23.62,-11.8,-40.52,11.41,-23.78,4.89
17.19,37.84,6.23,-34.03,-4.69,0.88,35.72,-9.98,-3.9,-33.66,2.73,-13.6,13.02
17.52,44.1,8.67,-39.74,-8.6,-11.32,34.02,-9.05,6.27,-24.27,13.84,-9.2,16.22
17.79,44.53,7.67,-45.1,-15.27,-15.27,32.37,-12.44,8.63,-14.1,31.24,0.52,18.29
17.77,32.94,8.27,-28.92,-19.28,-10.14,24.3,0.73,5.73,-14.99,13.13,0.99,19.18
18.17,30.4,1.75,-32.08,-18.07,-9.25,22.05,-3.14,2.48,-21.35,3.76,-10.98,7.07
17.62,36.74,11.34,-29.88,-16.88,-12.45,27.95,0.82,3.66,-31.94,-3.97,-15.34,10.84
17.44,30.26,4.3,-27.15,-18.79,-14.73,15.65,-1.37,4.36,-19.58,-0.38,-10.06,8.63
17.38,38.67,7.64,-31.26,-8.96,-12.43,23.38,-9.48,1.71,-21.91,10.46,-2.27,17.63
17.65,30.15,3.12,-26.74,-18.4,-13.6,14.43,0.05,10.58,-9.92,4.0,-15.18,-0.9
17.45,37.16,10.96,-30.37,-13.28,-6.01,29.04,-7.41,-3.78,-30.98,2.2,-9.46,16.75
17.3,46.5,13.87,-33.72,-3.71,-5.46,36.22,-12.4,-0.58,-33.68,3.14,-18.39,16.87
17.36,33.41,10.03,-23.44,-16.31,-10.54,17.44,-3.98,-0.67,-17.57,5.75,-2.65,13.34
17.29,36.93,10.04,-23.93,-8.41,-6.4,19.09,-10.98,-5.69,-24.17,4.49,-8.23,9.26
17.09,58.28,16.47,-55.29,-11.26,-9.73,41.3,-31.12,-0.82,-30.87,16.7,-24.82,18.38
17.09,42.88,8.47,-34.65,-13.77,-11.47,22.1,-13.69,3.47,-21.26,13.4,-15.53,5.7
17.6,39.24,8.63,-37.31,-20.39,-20.51,14.16,-21.99,-12.32,-37.16,-3.48,-22.23,-2.9
17.04,22.92,0.06,-20.16,-15.73,-9.96,6.38,-6.67,-8.97,-22.26,-9.32,-10.38,2.75
17.66,32.76,9.21,-18.77,-10.23,-9.01,7.29,-18.99,-17.55,-30.44,-8.21,-17.6,-8.04
17.39,25.38,8.78,-6.13,-6.73,-4.18,7.85,1.98,1.37,-7.06,-1.6,-3.99,3.17
18.08,38.55,17.93,-15.37,-2.81,2.29,27.39,-11.39,-21.5,-48.29,-19.26,-25.76,-5.54
17.45,36.2,14.47,-13.13,-5.22,-0.93,18.32,-7.35,-12.4,-34.03,-15.46,-24.43,-10.84
17.1,28.3,7.78,-9.59,0.4,3.2,12.75,-6.36,-4.88,-11.43,0.79,-8.62,-4.13
17.2,33.87,5.63,-22.94,-10.59,-6.83,12.8,-14.56,-10.48,-28.79,-6.39,-22.74,-7.47
17.15,29.89,11.57,-13.61,-14.8,-11.32,12.67,1.08,-3.0,-23.25,-9.66,-10.62,2.94
17.54,28.61,6.63,-9.45,-0.18,3.08,11.21,-11.11,-13.74,-24.73,-8.08,-11.62,-1.13
17.64,30.99,11.07,-15.71,-13.31,-10.41,15.96,5.96,8.2,-14.34,-4.68,-13.39,-1.23
17.24,35.43,14.73,-16.47,-8.62,-0.93,28.67,4.58,3.79,-17.31,7.13,-1.16,11.95
17.31,53.51,20.87,-36.8,-8.61,-2.58,38.55,-20.9,-5.65,-26.79,23.19,-17.1,1.17
16.8,43.92,7.1,-32.39,0.46,0.78,36.73,-4.58,12.08,-18.01,13.37,-16.07,7.74
17.17,27.89,4.87,-21.95,-11.78,-5.79,16.15,-6.39,-7.51,-25.43,-5.85,-12.17,0.54
17.16,30.03,5.6,-18.87,-10.44,-4.77,15.27,-3.51,-1.8,-19.35,-4.61,-15.18,-2.17
16.83,41.9,13.46,-26.72,-5.07,-4.85,28.37,-4.55,3.07,-26.38,3.57,-14.14,9.11
16.71,28.0,6.86,-18.5,-14.57,-7.28,16.73,2.83,3.45,-10.72,4.5,-5.08,0.9
17.22,54.72,16.06,-39.35,1.28,-7.96,35.75,-26.18,-8.27,-37.6,6.03,-24.21,1.05
17.03,41.85,14.52,-27.78,-8.35,-11.9,22.09,-14.52,-10.21,-37.11,-0.78,-9.38,15.34
17.23,29.68,8.59,-16.03,-6.73,-3.02,17.03,-3.66,-4.2,-21.53,-1.06,-3.32,11.05
17.28,29.05,6.68,-13.5,-3.48,2.57,19.51,-0.68,-1.95,-15.64,4.85,1.97,14.36
17.15,46.3,14.25,-34.08,-2.98,-2.01,35.75,-14.61,-3.64,-35.32,2.94,-17.52,14.5
17.17,26.75,2.6,-21.31,-3.85,4.72,21.26,-11.73,-10.42,-19.21,13.69,6.48,16.77
18.3,52.62,4.7,-41.03,18.31,-19.83,45.14,-29.92,-0.74,-23.5,9.59,-2.42,7.57
17.79,27.99,9.41,-6.81,-0.48,4.53,13.72,-6.22,-11.82,-19.31,-1.61,-1.56,5.84
17.32,37.04,11.86,-21.81,-2.76,-0.22,22.3,-18.3,-14.34,-26.42,12.91,0.4,10.79
18.12,26.36,6.2,-16.0,-3.33,3.79,18.83,-14.79,-25.15,-41.74,-14.29,-11.99,6.09
18.17,58.93,14.0,-40.24,10.99,-23.55,43.36,-22.65,1.06,-27.29,7.45,-7.07,16.18
18.06,24.89,5.44,-11.52,-5.54,-0.45,12.41,-6.22,-13.95,-28.71,-12.89,-9.32,3.04
18.15,41.0,10.82,-29.02,5.47,9.56,35.1,-23.31,-15.84,-35.47,11.35,-8.63,11.98
18.27,36.63,10.11,-27.48,-11.3,-8.32,15.27,-20.27,-11.13,-23.8,8.08,-15.34,-11.24
18.13,37.75,14.2,-24.61,-13.59,-5.84,22.54,-16.02,-16.11,-32.92,3.86,-11.96,-1.52
17.34,36.16,9.16,-23.27,-10.52,-6.53,15.0,-13.66,-2.55,-13.54,12.9,-9.28,-1.58
18.41,60.47,18.23,-45.75,6.01,-11.22,44.24,-33.28,-10.37,-38.13,9.22,-24.34,2.79
17.79,48.44,15.52,-35.75,-11.89,-8.59,32.54,-16.01,0.47,-28.64,10.4,-16.79,16.02
17.76,36.89,12.91,-23.66,-12.87,-7.66,18.29,-15.91,-16.25,-37.49,-9.67,-21.96,-5.32
17.23,36.86,12.11,-21.33,-1.73,5.33,30.66,-8.09,-4.27,-23.91,6.76,-10.69,1.02
16.97,27.55,6.81,-18.41,-9.64,-2.92,17.73,-6.05,-6.91,-17.99,7.0,0.52,6.03
17.25,47.9,20.15,-35.1,-10.61,-2.98,42.39,-11.74,-4.6,-40.89,5.0,-18.96,15.18
16.72,40.63,10.0,-36.95,-18.13,-15.37,21.73,-12.42,2.29,-23.18,10.96,-12.21,6.49
16.68,40.06,7.92,-35.32,-11.97,-4.91,24.3,-19.82,-6.64,-22.81,20.76,-4.1,15.57
17.13,40.33,6.66,-40.67,-10.08,-8.64,33.21,-13.44,-2.48,-34.49,7.17,-13.87,8.31
16.66,40.86,8.65,-35.07,-15.74,-11.22,20.99,-19.46,-7.41,-28.3,11.58,-11.7,6.09
16.77,37.78,5.66,-29.73,-4.3,-10.73,20.74,-13.06,-1.78,-26.05,2.57,-8.28,9.03
17.11,35.82,9.6,-33.75,-20.07,-15.63,24.49,-8.27,-5.3,-39.52,-6.17,-16.95,13.02
16.92,58.21,15.78,-51.46,-5.62,-13.07,44.31,-21.46,8.03,-32.65,13.01,-20.8,14.5
17.04,32.98,8.96,-26.21,-19.12,-16.45,16.19,-0.57,6.47,-17.96,1.82,-7.65,10.81
17.13,27.7,4.09,-25.51,-18.34,-12.87,14.72,-2.08,0.34,-17.44,4.94,1.83,16.99
17.24,30.7,6.27,-24.0,-16.19,-10.72,15.7,-2.83,2.98,-13.93,7.99,0.17,16.42
17.26,39.76,8.32,-34.01,-9.46,-6.22,25.87,-14.17,-2.61,-24.48,13.4,-4.52,13.37
16.54,40.19,4.53,-34.47,3.16,0.31,38.91,-4.72,10.34,-15.67,16.77,-4.02,16.47
16.95,39.75,13.73,-33.06,-16.64,-4.12,33.79,-8.34,-5.06,-30.71,9.03,-9.49,13.81
16.79,36.86,11.31,-25.28,-15.79,-12.2,13.46,-15.85,-9.33,-25.56,8.17,-3.93,10.65
16.88,39.47,9.48,-33.99,-13.43,-13.34,23.14,-9.64,3.38,-21.62,18.92,6.75,31.42
17.39,47.01,17.39,-37.51,-10.08,-10.78,32.5,-7.25,6.62,-23.09,13.88,-7.77,14.89
17.85,34.08,12.76,-21.16,-15.16,-12.65,23.36,8.6,12.71,-18.18,-0.14,-5.62,18.68
17.61,30.22,11.17,-18.81,-20.0,-15.76,15.95,6.11,4.59,-19.1,-2.83,-5.86,9.28
17.63,26.15,3.19,-24.23,-23.25,-23.19,-0.58,-10.44,-6.0,-23.55,-14.37,-24.6,-13.69
17.69,49.55,26.79,-33.11,-24.49,-20.85,32.53,-9.97,-4.06,-39.42,-0.24,-24.87,6.8
17.72,44.55,13.55,-39.9,-21.5,-19.49,24.89,-13.84,-0.41,-33.33,4.04,-22.62,4.25
17.47,27.51,7.86,-16.26,-16.94,-15.49,2.83,-10.48,-11.32,-23.35,-4.93,-4.25,6.52
17.56,54.64,15.27,-44.73,-7.93,-17.43,33.63,-33.34,-13.96,-40.69,11.29,-16.3,13.38
17.15,35.12,12.15,-28.73,-20.69,-13.9,20.0,-6.47,-2.77,-21.46,9.14,-1.99,12.95
17.31,45.37,8.94,-37.93,-3.2,-10.5,32.43,-11.42,8.2,-18.77,17.93,-5.87,12.29
17.15,31.3,1.84,-27.15,-16.06,-12.63,8.03,-13.67,-3.05,-16.23,8.07,-6.68,5.14
17.19,31.84,7.96,-30.76,-21.37,-10.86,26.99,-2.05,-3.81,-29.69,2.45,-4.74,17.3
18.26,38.13,8.95,-35.64,-14.98,-11.88,35.6,6.66,17.27,-27.38,-3.14,-21.88,11.51
18.03,32.86,6.95,-32.87,-23.29,-18.21,17.63,-5.38,1.77,-23.53,3.74,-5.01,21.14
17.64,27.35,2.58,-23.05,-11.04,-6.14,19.37,2.75,4.8,-18.43,-5.53,-13.91,3.77
18.2,38.73,6.19,-43.09,-17.72,-12.04,31.12,-11.86,-2.14,-35.38,3.48,-17.0,11.52
18.62,38.03,2.84,-37.26,-13.75,-8.05,27.84,-11.41,-1.97,-37.08,-2.66,-24.47,7.11
18.65,27.26,2.94,-25.98,-15.43,-8.97,18.77,0.08,2.58,-17.8,0.19,-7.95,7.05
18.24,28.87,2.89,-25.66,-10.81,-1.92,26.34,1.48,1.18,-23.78,-2.89,-12.84,4.53
18.75,42.27,9.59,-37.68,-12.64,-13.5,34.57,0.06,14.36,-21.96,7.35,-17.35,7.95
18.12,25.22,4.05,-20.26,-19.79,-16.69,6.49,-0.79,2.94,-12.32,-0.11,-5.26,6.52
18.47,38.02,12.25,-29.63,-16.78,-15.2,24.75,-2.79,3.2,-30.87,-3.1,-15.79,9.09
18.08,40.54,10.47,-31.41,-10.07,-10.51,27.91,-2.49,7.81,-23.11,5.19,-13.07,5.75
18.62,60.8,18.59,-52.46,-12.66,-32.2,35.51,-30.7,3.59,-28.26,5.26,-24.13,9.15
18.86,39.3,16.36,-21.08,-11.98,-7.15,27.45,3.34,5.06,-26.31,-5.22,-18.53,5.54
19.47,28.92,8.28,-17.57,-10.56,-4.81,21.25,5.4,4.28,-18.85,-3.92,-7.2,11.82
20.4,42.03,15.16,-39.39,-24.06,-16.76,33.87,-5.28,7.49,-39.62,2.2,-12.35,25.98
20.27,34.66,7.64,-17.02,-1.89,-17.08,20.2,-0.54,1.82,-18.83,2.02,2.8,6.2
20.08,29.3,6.82,-20.17,-17.8,-13.51,10.17,-4.2,-1.55,-18.0,-0.44,-5.97,7.28
20.65,53.89,18.46,-40.75,-13.77,-18.19,28.4,-27.19,-1.77,-30.23,10.93,-14.74,6.83
20.78,30.47,9.44,-17.69,-14.06,-11.34,9.44,-7.68,-5.69,-16.81,6.72,4.44,13.86
20.8,28.55,5.0,-26.13,-20.77,-14.86,8.5,-14.75,-14.84,-27.82,0.75,-1.11,11.34
20.6,33.72,9.46,-23.92,-13.82,-8.03,15.33,-16.22,-14.96,-26.3,7.42,-0.57,11.93
20.6,26.39,1.77,-24.0,-10.67,-2.79,16.64,-8.32,-8.53,-22.79,-2.01,-8.82,5.2
20.96,30.02,2.5,-22.85,-7.82,-14.34,15.76,-14.6,-14.65,-29.01,-4.33,-1.57,6.95
20.99,27.48,1.5,-24.17,-11.03,-10.09,12.86,-6.94,-5.6,-21.87,0.56,-5.9,3.21
20.76,24.14,0.23,-17.86,-7.59,-0.38,12.11,-6.69,-8.62,-17.97,0.41,-0.29,12.5
19.99,30.36,4.47,-27.86,-12.76,-3.74,23.58,-6.39,-4.49,-21.8,4.73,-6.49,5.73
20.88,27.82,0.21,-25.88,-8.99,-4.72,14.38,-15.45,-13.11,-26.41,4.19,-0.62,15.51
21.25,35.18,7.14,-35.5,-14.12,-7.93,29.08,-19.98,-8.09,-30.09,4.87,1.19,17.78
21.15,46.43,11.23,-48.39,-16.76,-10.93,56.4,-49.85,-12.6,-8.85,13.15,7.42,-4.6
21.2,30.07,-2.56,-30.71,-4.64,-14.02,12.58,-17.28,-5.33,-21.76,7.74,4.18,4.39
20.69,31.71,2.62,-27.49,-8.64,-10.39,22.94,-17.23,-13.54,-22.11,9.49,-2.1,3.19
20.87,40.82,4.59,-36.37,-4.22,-14.84,21.78,-24.2,-7.49,-28.09,9.04,-5.34,9.6
20.54,40.19,5.19,-38.49,-3.11,4.45,35.76,-22.58,-4.49,-30.73,18.14,-2.38,17.12
20.58,21.45,-0.4,-17.26,-5.56,-1.11,10.6,-11.54,-15.71,-25.08,-8.8,-14.98,-9.55
20.29,36.8,6.76,-25.0,3.12,-3.32,26.66,-13.83,-9.28,-35.81,-0.55,-0.3,18.93
20.63,42.37,5.0,-40.58,-1.72,-8.83,29.76,-26.65,-10.72,-34.39,12.1,-8.67,15.72
20.45,37.54,4.74,-29.45,-3.9,-6.74,26.32,-11.27,-0.54,-24.17,7.86,-4.53,13.32
20.3,28.76,5.28,-13.64,-1.52,-5.34,8.83,-8.79,-2.92,-15.04,-0.64,-0.01,-1.06
20.85,34.27,1.71,-25.0,-6.0,-34.72,22.97,-21.44,-11.58,-32.98,-31.29,-1.57,-9.25
20.88,24.28,0.94,-25.3,-18.92,-13.5,8.54,-10.16,-9.82,-21.13,3.71,5.78,19.39
20.92,34.29,8.02,-23.2,-12.42,-11.4,23.21,-4.49,-1.95,-26.66,-4.58,-8.77,5.04
20.65,29.9,1.55,-18.55,1.02,-12.07,19.09,-9.85,-6.16,-16.54,1.8,3.76,3.69
21.0,33.15,3.6,-30.93,-9.98,-17.07,22.67,-14.21,-8.06,-20.12,16.35,9.6,11.17
21.26,23.83,-1.49,-32.12,-22.32,-15.77,14.17,-6.56,-7.67,-28.98,-3.28,-4.55,14.57
21.44,31.43,-0.42,-39.63,-19.1,-12.61,29.06,-1.55,8.76,-22.47,5.82,-5.1,22.56
21.47,28.27,2.29,-31.41,-20.24,-23.63,33.3,-2.74,-1.78,-25.14,-14.21,-10.2,8.34
21.79,20.63,-6.07,-29.69,-18.7,-9.82,18.7,-5.02,-4.67,-18.28,-4.68,-6.83,2.39
21.92,21.64,-7.03,-35.21,-18.41,-11.32,13.86,-10.68,-7.98,-23.98,-0.62,-6.53,8.79
21.66,43.17,1.65,-56.88,-17.13,-12.62,41.9,-17.81,7.41,-21.06,19.92,-9.78,9.29
21.44,26.3,-4.76,-43.57,-19.32,-6.42,30.24,-3.92,3.2,-18.43,17.35,3.02,23.99
21.58,26.52,-0.33,-34.34,-23.19,-12.61,23.41,0.33,2.37,-22.52,4.22,-5.15,14.1
22.0,25.49,-5.03,-41.16,-19.76,-9.84,27.44,-2.32,3.85,-21.77,0.7,-12.22,7.11
22.03,27.82,-4.23,-33.07,-10.46,-31.72,56.2,-1.01,4.64,-12.31,-17.45,16.05,5.4
21.42,31.7,1.47,-38.38,-16.12,-9.59,30.84,-1.12,6.82,-23.53,4.05,-9.94,16.15
21.37,32.39,5.53,-34.34,-19.53,-10.28,30.84,3.53,7.87,-24.22,4.31,-9.67,15.75
21.27,48.19,1.86,-52.45,1.46,-25.08,55.71,-16.66,10.74,-36.42,-8.35,-13.21,7.59
20.47,30.17,-1.23,-34.78,-10.24,-2.93,30.16,-4.64,-0.48,-30.84,-3.3,-18.2,5.79
21.13,38.13,1.91,-51.44,-10.98,1.49,50.74,-8.58,1.58,-37.89,5.49,-22.93,13.78
20.03,34.31,1.87,-34.03,0.26,3.36,39.99,4.27,11.74,-18.99,7.26,-10.43,12.28
20.77,28.06,0.37,-36.81,-20.31,-10.07,26.4,-1.96,0.13,-27.41,0.18,-10.6,12.73
20.55,37.91,4.03,-58.94,-29.4,-13.49,36.17,-22.7,-8.99,-40.2,6.11,-23.6,6.92
20.55,29.48,-1.85,-43.67,-23.67,-15.41,19.74,-16.81,-12.52,-37.67,-4.06,-19.83,0.27
20.24,23.04,-4.1,-29.53,-21.07,-13.5,8.54,-7.15,-2.86,-15.42,2.82,-7.21,1.06
20.2,41.07,3.6,-50.36,-14.28,-11.21,38.76,-12.09,5.1,-30.65,13.93,-10.1,22.39
19.55,31.68,2.56,-36.46,-14.24,-1.75,32.19,-7.06,-4.31,-30.74,3.73,-10.9,14.05
19.63,33.63,1.6,-41.63,-19.25,-13.11,21.45,-18.13,-10.55,-35.56,-0.53,-17.26,6.69
20.24,28.58,2.22,-32.35,-16.64,-7.19,25.85,-4.98,-4.28,-30.47,1.9,-5.29,18.07
19.73,25.13,-3.21,-36.01,-13.45,-4.91,24.95,-10.53,-12.38,-39.54,-7.35,-11.13,14.54
19.42,50.94,10.33,-52.95,-10.95,-3.51,49.09,-26.5,-5.01,-40.43,19.66,-14.0,20.8
19.38,30.74,5.5,-34.67,-15.11,-1.5,38.49,-1.62,-5.83,-38.6,-1.3,-11.11,16.39
19.61,29.84,2.64,-34.41,-18.55,-11.92,24.62,-3.93,-3.32,-29.84,3.04,-1.47,21.42
19.12,35.57,3.6,-45.07,-19.32,-9.42,26.25,-25.83,-18.27,-41.24,5.89,-11.92,17.63
18.92,41.7,6.96,-47.64,-17.75,-10.98,33.33,-15.7,-0.85,-31.13,10.47,-16.3,12.59
18.72,31.33,1.81,-36.12,-18.45,-15.73,11.25,-22.39,-13.38,-31.32,1.41,-12.32,6.27
18.68,31.64,0.91,-40.85,-25.28,-15.72,23.31,-8.73,-2.76,-30.49,5.47,-7.74,19.34
19.6,40.6,4.2,-52.88,-18.68,-6.12,45.72,-13.33,-0.12,-24.3,28.41,-4.85,18.2
19.71,24.41,-4.25,-32.54,-11.42,-0.95,29.63,3.27,3.88,-24.35,-1.41,-9.39,13.52
19.46,44.71,-3.31,-43.16,11.24,-26.48,48.64,-19.62,2.02,-26.75,-2.73,2.05,8.33
19.3,27.82,0.28,-33.7,-17.74,-10.15,20.78,-10.16,-8.4,-36.8,-8.94,-17.5,12.12
18.8,45.95,4.41,-43.51,2.1,-12.03,38.35,-18.0,-0.84,-32.64,7.76,-12.99,14.81
18.37,47.98,8.7,-44.14,0.82,-2.6,44.27,-14.79,1.51,-35.13,11.09,-20.94,13.67
18.99,33.15,9.41,-26.75,-11.11,2.47,36.67,3.53,3.85,-16.88,16.33,3.18,18.95
17.76,40.24,7.28,-30.52,-2.12,-8.96,21.46,-14.99,-1.35,-22.33,11.56,-4.82,9.08
18.23,45.85,18.94,-32.19,-12.94,1.76,42.07,-4.08,4.85,-15.66,26.61,-5.58,10.29
18.25,42.07,13.61,-30.26,-13.07,-7.34,31.3,-0.09,11.49,-11.8,19.83,-3.02,14.92
18.56,30.87,11.11,-10.86,-4.73,-0.57,20.67,9.43,10.84,-8.67,-2.16,-10.67,1.65
18.28,41.69,21.65,-24.36,-11.39,-4.01,33.41,0.55,2.44,-23.6,4.65,-10.55,9.42
18.36,38.0,11.39,-28.45,-8.73,-0.87,37.54,6.44,13.51,-15.05,15.18,-2.31,15.91
18.34,43.74,12.55,-32.45,-0.85,-0.53,46.24,2.35,11.79,-34.66,-2.19,-21.32,14.03
18.15,19.5,-5.13,-27.55,-11.57,0.61,25.58,5.34,2.26,-16.02,2.04,-2.69,10.15
18.78,43.85,6.25,-35.06,1.66,2.83,41.03,-10.47,4.94,-30.8,12.27,-12.83,18.85
19.35,37.84,9.68,-30.86,-7.97,-0.3,34.05,-7.29,-3.26,-28.8,9.48,-4.25,14.13
19.42,34.7,7.13,-20.71,-1.19,7.82,33.69,0.93,2.26,-25.49,-0.62,-14.88,5.75
19.56,28.93,12.44,-11.89,-10.75,-4.14,19.1,1.54,-8.76,-33.0,-13.8,-10.26,5.29
19.72,29.3,2.96,-11.36,10.94,6.91,22.68,0.95,7.93,-8.73,1.17,1.48,-4.82
19.76,32.79,2.29,-16.34,20.31,3.73,44.85,3.6,13.79,-15.07,-13.11,9.41,-4.86
19.23,24.09,2.67,-16.24,-2.83,7.48,27.08,3.06,-2.48,-19.84,2.02,1.64,14.55
19.63,29.05,6.33,-14.01,6.59,11.91,26.04,-5.96,-7.27,-23.02,-2.58,-8.81,3.3
19.21,40.64,18.37,-26.26,-6.5,7.17,48.04,0.66,-3.13,-35.03,3.93,-12.62,10.47
20.15,32.52,5.17,-21.18,0.1,-5.95,32.36,-3.04,-2.71,-28.31,-12.08,-9.69,-2.23
18.9,46.78,22.35,-24.34,-3.33,7.86,42.95,-11.18,-1.91,-35.69,0.49,-8.64,11.37
19.52,49.48,11.33,-25.56,18.38,-10.69,45.56,-16.03,-0.84,-30.58,-6.57,-9.63,4.83
19.71,47.71,18.49,-30.45,-2.56,0.78,61.39,-9.33,-12.96,-26.45,4.23,-26.27,1.65
20.06,34.77,13.57,-22.2,-5.08,6.37,45.5,9.53,3.08,-32.82,-3.67,-14.63,8.21
20.34,24.85,1.48,-18.12,-3.37,7.98,30.95,10.09,5.43,-17.44,-1.94,-8.05,7.38
19.03,35.76,7.02,-24.06,5.62,6.58,37.37,-0.6,1.29,-29.61,-2.09,-14.73,7.77
19.97,31.9,10.8,-22.0,-6.73,2.34,38.42,5.31,-0.5,-31.2,-1.26,-6.54,15.24
20.35,32.95,8.17,-24.22,-1.34,-0.17,45.51,0.93,-1.59,-36.27,-15.99,-17.56,4.79
18.97,39.53,8.89,-33.46,-11.26,-16.17,23.06,-13.31,-2.99,-37.84,-6.43,-15.07,10.84
18.89,31.56,9.18,-18.91,-6.29,1.79,29.43,5.81,5.54,-16.31,2.61,-3.75,13.63
19.46,31.06,4.93,-18.99,-5.29,0.7,20.86,-3.0,-0.66,-18.42,4.33,-3.9,12.32
19.86,26.82,4.3,-21.52,-11.87,-6.11,20.35,5.99,10.68,-6.06,13.57,8.03,18.89
19.18,45.52,13.54,-31.76,-4.0,-4.51,37.57,-4.64,3.83,-31.45,4.62,-15.01,9.99
19.12,36.98,9.78,-26.78,-6.56,1.37,36.67,7.83,15.5,-9.52,16.14,-1.73,14.5
18.31,27.87,1.23,-30.34,-19.03,-10.69,21.04,0.34,2.25,-24.38,-4.34,-14.45,6.28
18.01,61.57,19.01,-57.54,-8.96,-10.17,58.81,-19.48,11.23,-24.51,23.64,-20.81,32.76
18.7,42.92,21.28,-36.88,-18.74,0.27,45.33,-15.68,-16.58,-33.74,18.39,-9.07,7.36
18.28,36.55,9.32,-24.0,-3.55,-2.13,20.9,-14.95,-5.05,-25.83,1.98,-0.53,6.82
18.32,30.31,11.49,-21.8,-13.99,5.28,26.56,8.48,11.08,-15.59,1.85,0.92,-1.39
19.99,20.57,-1.25,-21.99,-9.97,3.59,30.05,18.44,14.95,-10.28,-3.46,-11.31,1.09
22.42,20.39,-7.94,-27.63,-3.41,-11.9,32.73,3.3,14.59,-24.41,-33.55,-8.26,-10.28
22.17,23.56,-7.1,-27.85,-0.2,-14.03,36.92,3.29,14.66,-26.77,-30.95,-5.73,-15.02
21.68,27.6,-2.21,-38.41,-13.83,-0.41,34.08,2.99,6.64,-35.2,-9.26,-21.9,2.8
21.39,39.41,6.68,-45.86,-9.21,2.12,45.78,0.64,20.27,-37.85,-0.53,-8.56,7.92
20.74,33.95,1.76,-36.93,-11.28,-13.48,24.3,-9.12,-2.28,-42.32,-17.81,-29.37,0.03
21.32,25.93,-0.42,-34.19,-17.35,-9.65,28.52,3.56,2.73,-32.25,-10.7,-16.55,12.88
21.5,30.18,0.28,-38.14,-14.38,-5.5,35.15,-1.78,-1.51,-43.44,-12.36,-23.29,12.81
20.61,37.61,2.34,-40.22,-1.57,-5.51,44.47,-2.47,2.59,-44.15,-12.5,-25.68,8.26
20.78,35.26,0.35,-40.69,-3.06,-2.0,44.62,-0.1,6.79,-34.37,0.21,-13.92,20.36
20.61,22.8,-0.97,-24.41,-8.67,0.9,26.65,5.21,0.56,-24.96,-9.59,-12.47,8.64
20.15,31.22,6.55,-31.83,-11.69,-4.73,38.59,5.51,6.18,-35.11,-4.93,-11.23,28.4
19.24,26.63,3.27,-23.76,-7.81,2.63,32.96,9.72,6.53,-20.38,-1.65,-8.57,11.17
19.91,24.06,-0.04,-32.75,-17.76,-6.67,28.81,-1.71,-8.94,-43.23,-14.6,-14.39,17.41
19.48,43.63,13.08,-40.62,-10.77,-3.41,47.53,-7.95,-3.14,-49.14,-6.37,-25.26,16.89
19.33,33.33,7.78,-23.77,-3.91,4.74,34.08,-4.81,-9.47,-43.14,-12.1,-16.82,18.98
18.89,29.18,7.23,-16.43,-3.41,2.24,24.07,1.51,-1.82,-24.19,-6.89,-8.8,11.02
19.23,24.37,4.46,-14.46,-1.16,10.01,34.65,12.01,-4.02,-39.03,-29.72,-29.59,-3.98
19.12,23.26,4.22,-14.6,-5.99,-0.21,23.83,11.66,4.74,-25.78,-22.44,-23.15,2.05
20.21,45.36,12.73,-43.83,-10.57,-12.22,49.53,-7.25,0.95,-57.28,-17.18,-39.94,12.99
19.03,37.02,11.99,-28.27,-10.89,-4.29,33.21,-2.37,-1.15,-35.38,-3.76,-12.84,18.98
18.6,28.36,9.17,-22.03,-11.23,-1.25,34.22,6.35,-4.99,-41.3,-16.54,-14.39,16.15
18.77,43.35,12.24,-31.34,-0.4,-1.67,41.56,-2.37,5.13,-35.89,-3.55,-20.99,12.13
18.69,45.24,12.15,-40.62,-7.84,-10.75,41.48,-7.93,2.5,-43.18,-0.84,-18.35,28.45
18.14,26.65,1.23,-27.55,-12.32,-6.07,19.43,-6.28,-6.07,-28.56,-5.45,-8.88,14.21
18.34,36.47,5.64,-31.77,-8.39,-0.3,36.05,-3.42,-0.2,-38.85,-6.34,-21.81,14.77
18.04,22.03,0.31,-19.14,-5.8,3.91,26.02,6.69,-1.09,-25.57,-14.9,-16.57,2.84
18.01,26.17,3.94,-18.73,-7.24,1.41,25.79,4.46,-2.92,-29.92,-12.85,-12.4,11.7
18.74,30.8,6.62,-30.18,-10.96,-1.5,38.43,5.01,0.05,-41.54,-15.34,-22.01,14.11
18.1,26.13,1.52,-22.13,-8.43,2.13,29.15,9.34,7.14,-18.61,-1.7,-6.9,15.22
18.2,41.25,14.52,-36.38,-12.87,0.39,49.74,-1.3,-4.03,-45.31,-5.44,-25.99,7.18
17.44,41.3,11.02,-30.67,-5.28,-0.84,38.93,-4.09,0.11,-37.46,-3.5,-19.09,18.24
17.81,40.46,13.02,-30.97,-8.68,-4.46,40.48,7.24,14.92,-25.34,3.86,-12.51,21.39
17.74,35.63,3.05,-36.25,-6.65,-10.68,37.15,12.32,27.27,-12.48,8.56,-9.94,18.04
17.39,38.78,8.27,-31.77,-5.16,-1.68,32.81,-4.12,5.43,-25.36,2.16,-18.34,5.09
17.96,39.19,7.43,-40.84,-17.23,-16.96,30.74,-6.33,5.2,-33.91,-2.77,-21.88,11.17
17.64,30.21,5.09,-27.94,-20.39,-17.6,12.54,-2.75,3.6,-19.8,-4.26,-16.33,0.97
17.44,34.56,11.97,-20.45,-12.97,-7.13,23.59,4.03,4.41,-18.93,1.5,-8.45,8.81
16.97,32.36,14.06,-16.03,-16.57,-9.99,19.66,3.43,-1.15,-21.53,0.35,-1.9,9.78
17.06,31.94,9.35,-18.37,-11.95,-6.34,19.92,3.56,3.29,-19.36,-4.39,-13.57,-0.07
16.94,32.46,5.09,-30.71,-15.75,-10.42,24.99,0.51,6.09,-16.98,9.47,-1.59,14.06
17.12,23.71,-0.85,-27.74,-17.93,-8.63,19.59,2.1,1.95,-17.77,4.72,3.82,24.3
16.97,34.52,9.91,-26.1,-13.53,-8.39,27.0,5.76,11.5,-18.41,2.43,-10.45,14.0
17.3,51.57,15.57,-43.14,-11.84,-4.01,50.02,-4.85,12.64,-22.14,20.17,-20.94,14.33
17.13,38.05,5.11,-31.19,-3.62,-8.7,24.66,-8.99,4.21,-16.29,15.12,-1.13,16.3
17.42,30.72,0.25,-31.72,-16.93,-9.8,17.78,-6.46,1.44,-19.8,3.59,-12.35,8.11
17.6,23.12,-1.61,-25.99,-11.53,-4.57,14.38,-11.39,-12.18,-26.5,-3.41,-6.01,9.92
17.28,36.57,4.06,-30.73,-6.19,-5.16,19.01,-21.77,-14.16,-36.81,0.68,-9.59,22.62
17.26,54.06,8.56,-48.32,3.41,-16.78,50.84,-19.71,5.87,-32.27,7.74,-20.52,2.3
17.6,41.27,4.57,-37.56,-7.18,1.42,41.31,-6.32,4.73,-36.96,0.43,-27.51,11.44
17.39,25.36,1.98,-20.4,-1.88,8.13,32.42,8.95,5.97,-17.02,0.46,-4.45,13.93
17.48,46.12,18.42,-41.4,-20.39,-6.72,40.22,-12.27,-0.08,-27.51,12.26,-22.79,2.55
17.74,44.63,12.04,-39.98,-12.83,-8.47,40.64,-1.26,14.7,-21.5,12.01,-18.73,11.77
17.62,31.94,3.44,-29.37,-17.75,-13.29,13.82,-10.16,-4.99,-29.1,-8.63,-21.8,1.13
16.83,28.68,-0.14,-32.83,-12.85,-6.39,16.35,-17.67,-13.02,-32.48,-8.09,-22.71,-5.33
17.0,31.77,3.04,-28.01,-6.96,0.58,26.0,-8.66,-5.44,-28.8,-1.36,-15.39,6.32
17.68,33.89,8.63,-29.75,-17.54,-9.35,25.03,-2.21,1.0,-23.28,2.19,-13.65,2.32
17.52,55.95,22.4,-50.59,-19.91,-2.83,52.9,-15.89,8.73,-16.32,37.88,-13.04,10.15
16.93,31.92,11.08,-17.56,-15.87,-15.01,10.29,-1.29,3.18,-15.63,-3.17,-14.25,-0.3
17.53,36.77,10.1,-27.34,-15.07,-14.31,19.93,-1.85,7.64,-15.49,6.85,-7.63,10.1
17.59,36.61,11.56,-29.59,-17.29,-8.18,28.32,-3.63,-0.71,-25.65,4.39,-12.77,6.73
17.36,41.98,13.49,-33.37,-17.96,-13.97,23.56,-16.7,-11.01,-40.91,-2.56,-19.92,7.98
17.55,40.35,7.1,-39.96,-13.91,-14.99,30.13,-3.4,11.64,-25.06,5.49,-18.94,11.37
17.32,37.61,7.87,-31.61,-17.39,-15.09,21.71,-6.71,1.96,-32.42,-0.57,-10.55,27.64
16.75,19.83,-0.25,-15.24,-7.52,-0.43,14.49,0.79,-4.85,-18.03,-6.97,-4.22,8.28
17.25,36.72,9.15,-27.84,-7.67,-0.02,34.94,3.51,8.44,-24.48,0.09,-17.14,9.88
16.95,31.75,3.56,-29.12,-12.64,-8.89,18.91,-5.79,1.98,-19.42,-0.1,-14.39,0.36
17.51,30.65,0.85,-30.29,-9.26,3.72,36.09,9.64,17.14,-10.48,9.62,-12.1,8.19
17.51,17.06,-5.99,-23.17,-13.63,-5.59,10.48,-2.52,-3.98,-14.65,-2.59,-3.08,8.25
17.64,28.14,4.73,-25.62,-16.7,-8.01,22.87,3.23,3.21,-20.97,-2.54,-13.16,1.81
17.72,28.54,5.14,-20.81,-10.92,-5.02,19.57,4.8,8.17,-10.9,-1.8,-17.19,-8.08
17.67,32.41,3.67,-26.61,-7.97,0.14,31.36,6.52,13.11,-13.62,5.85,-12.65,6.05
17.87,27.93,2.68,-32.12,-21.2,-12.6,21.91,-1.68,-2.63,-33.44,-15.32,-28.92,-8.76
18.18,27.31,0.27,-34.25,-21.53,-18.49,12.91,-7.03,-1.27,-27.3,-9.39,-20.92,2.27
18.0,30.37,-1.01,-36.68,-13.96,-12.67,21.43,-6.15,2.27,-27.99,-8.36,-27.44,-8.47
17.63,24.41,-3.32,-30.72,-18.28,-9.24,17.09,-3.22,-1.6,-24.34,-5.91,-13.55,11.35
17.61,37.38,8.99,-35.17,-15.75,-12.59,28.47,-3.05,7.33,-28.63,-2.1,-22.46,10.62
17.81,28.71,1.69,-27.16,-13.19,-6.53,25.09,5.65,10.07,-17.21,0.35,-10.42,13.94
18.14,28.47,9.0,-13.84,-8.66,-3.98,17.39,-0.12,-7.04,-29.04,-14.97,-13.55,6.37
17.91,38.47,14.57,-22.66,-9.9,-3.14,27.01,-5.19,-3.95,-27.3,2.59,-10.55,8.96
17.88,31.45,8.9,-24.67,-14.82,-6.27,26.27,-0.1,-4.23,-32.53,-8.39,-14.56,7.79
17.53,27.14,7.5,-17.09,-14.03,-10.74,14.75,0.15,-5.15,-32.64,-18.4,-14.71,11.14
17.76,30.83,8.84,-18.19,-11.6,-6.88,16.88,-0.32,-0.19,-19.94,-6.59,-15.56,-1.47
17.98,40.41,17.04,-21.13,-6.67,-0.53,35.33,5.45,7.9,-25.19,-0.83,-16.19,11.37
17.49,48.59,7.21,-39.21,3.64,-20.02,32.25,-25.61,-9.92,-41.45,-3.74,-16.18,9.4
17.42,36.26,12.04,-18.29,-4.83,0.24,26.3,-4.31,-5.87,-34.17,-8.87,-15.55,10.49
17.54,35.74,10.56,-22.75,-4.87,0.13,25.52,-10.08,-8.37,-31.14,-2.3,-10.61,11.23
17.24,38.44,14.44,-21.02,-3.51,3.34,34.38,0.25,0.6,-26.21,0.1,-15.22,2.27
17.63,36.39,17.35,-16.61,-8.86,0.76,33.11,4.61,-2.38,-28.14,-0.04,-6.33,13.19
18.01,46.43,16.95,-25.6,2.68,-5.92,34.75,-5.47,1.96,-35.5,-4.27,-19.31,10.23
17.52,38.2,18.9,-11.32,-3.82,0.81,27.7,0.52,-3.77,-29.01,-7.29,-12.72,8.25
17.63,52.47,23.95,-25.54,-4.15,0.04,38.04,-7.99,-0.3,-33.0,8.24,-16.48,11.12
17.16,34.44,13.85,-11.77,-1.87,3.47,26.06,3.6,1.31,-20.84,-5.88,-12.84,5.22
17.82,26.42,11.59,-1.87,-0.63,3.27,17.24,8.68,3.22,-10.46,-3.61,-2.4,6.03
17.18,26.22,11.12,-2.06,-3.4,-0.85,10.03,2.91,-2.39,-13.55,-8.37,-6.41,3.91
17.8,52.24,24.62,-23.87,-8.26,-7.91,33.1,-10.44,-3.02,-34.93,-0.22,-26.47,7.32
17.78,48.6,21.14,-28.35,-5.45,-0.01,47.55,5.82,14.48,-24.26,11.24,-14.54,11.55
16.81,30.13,12.48,-12.19,-4.39,1.09,21.56,-3.21,-7.38,-21.38,5.84,4.72,16.69
17.87,42.04,19.08,-20.11,-1.97,8.23,36.9,-9.02,-9.23,-28.68,10.8,-7.02,10.01
17.87,31.79,12.9,-10.06,-0.76,3.4,20.29,-6.93,-16.09,-39.61,-21.68,-25.49,-10.81
17.3,43.78,17.75,-22.94,-1.16,-0.23,31.3,-11.19,-5.69,-34.17,4.03,-7.44,21.67
18.16,37.71,13.66,-16.78,-3.58,0.06,24.04,-5.83,-2.43,-23.83,5.83,-1.2,21.63
18.49,29.06,8.49,-11.38,-0.63,0.94,11.69,-14.45,-16.68,-25.61,-1.61,0.25,13.46
17.86,25.79,8.72,-5.34,-3.99,0.85,11.9,1.28,-5.21,-13.64,-0.77,6.02,15.97
17.64,42.02,15.68,-19.78,-0.02,0.27,23.67,-12.94,-7.19,-27.85,5.25,-8.34,8.67
17.78,48.12,21.13,-25.57,-3.73,1.76,32.32,-13.71,-7.22,-30.51,8.28,-17.04,6.02
17.21,31.77,12.86,-13.56,-9.03,-2.12,23.76,5.61,1.82,-18.46,1.38,-0.44,14.24
17.65,25.68,6.58,-9.35,-6.33,-2.57,8.37,-5.68,-10.79,-22.48,-10.85,-8.9,2.65
17.83,45.0,25.33,-17.07,-12.65,-6.58,28.47,-3.06,-2.33,-25.16,4.77,-11.8,4.21
17.21,43.28,18.94,-23.88,-11.92,-10.74,20.88,-16.41,-12.08,-32.69,7.83,-4.45,14.16
17.68,32.67,10.31,-16.62,-10.5,-10.22,7.94,-12.0,-10.71,-26.71,-8.28,-14.18,-3.37
17.25,55.5,21.81,-37.88,-10.88,-9.37,38.65,-21.77,-4.38,-32.76,14.76,-13.11,21.89
17.86,41.51,16.26,-19.6,-4.03,-4.73,22.8,-6.81,-0.46,-23.43,1.19,-11.94,9.73
17.65,41.35,21.66,-20.11,-16.66,-12.96,24.77,-1.8,-0.25,-27.29,0.88,-13.27,2.89
17.32,42.58,11.88,-31.37,-10.09,-10.67,21.35,-16.92,-7.03,-32.98,0.37,-19.44,1.81
17.82,52.15,25.68,-37.81,-14.22,-7.9,38.59,-15.39,-5.28,-36.11,6.25,-25.01,2.92
17.73,40.03,14.08,-21.7,-8.99,-12.33,12.02,-17.34,-11.74,-33.26,-7.01,-15.89,2.51
17.75,37.81,18.49,-16.06,-12.25,-9.87,22.8,1.18,-1.15,-31.82,-10.46,-16.63,7.19
17.94,32.44,13.42,-11.88,-5.12,-1.15,19.84,-4.33,-12.73,-37.06,-18.45,-18.72,0.24
17.83,51.09,16.43,-30.53,0.27,-12.02,25.44,-23.52,-8.58,-39.34,4.68,-14.57,12.93
17.66,34.97,12.72,-21.92,-16.75,-14.3,13.68,-10.62,-9.68,-31.51,-3.42,-6.16,13.54
17.39,34.18,12.28,-17.07,-11.19,-8.36,13.58,-13.54,-19.42,-42.81,-19.56,-21.78,0.34
17.1,32.85,10.27,-25.91,-19.34,-14.78,13.91,-18.44,-23.55,-46.08,-11.9,-12.34,10.92
18.03,64.21,29.65,-44.93,-10.69,-8.74,57.56,-28.96,-10.31,-26.7,18.05,-30.74,7.27
17.5,54.77,13.11,-34.49,13.59,-14.83,47.38,-10.87,4.04,-26.54,11.13,-9.53,22.42
17.86,45.28,15.75,-34.06,-16.68,-17.02,17.27,-29.54,-21.97,-46.73,-1.72,-21.65,2.13
16.98,40.12,17.27,-20.96,-12.58,-7.58,16.3,-19.22,-17.04,-29.49,4.68,-9.76,5.36
17.93,34.73,8.84,-16.74,-6.47,-6.99,8.72,-15.49,-13.81,-33.53,-17.53,-28.91,-9.2
17.56,29.37,9.84,-9.44,-1.08,2.63,16.47,-5.07,-10.85,-28.07,-14.46,-15.33,0.99
17.33,29.62,9.52,-13.24,-0.92,4.62,26.64,3.16,-2.65,-30.81,-17.52,-21.41,4.73
17.56,54.68,21.36,-43.73,-15.3,-11.24,37.76,-25.9,-7.46,-40.28,3.86,-27.16,8.85
18.1,31.24,11.14,-16.64,-12.8,-10.69,9.61,-13.85,-18.38,-36.14,-9.27,-4.95,14.42
18.09,42.39,17.56,-25.64,-13.5,-11.46,23.59,-12.53,-10.09,-40.17,-4.79,-15.42,11.22
17.47,26.22,5.47,-12.25,-11.07,-10.25,-1.91,-14.94,-16.31,-22.18,-8.87,-7.26,3.53
17.74,24.96,5.55,-13.41,-7.55,-4.26,7.3,-15.5,-23.42,-35.67,-14.89,-8.17,8.01
17.4,29.74,9.68,-19.08,-14.13,-10.77,13.25,-11.0,-19.89,-45.68,-19.99,-14.47,9.73
17.15,21.27,-2.4,-25.25,-13.55,-8.58,8.64,-15.66,-19.96,-36.57,-14.17,-11.7,6.35
17.12,57.2,16.76,-53.55,-5.92,-12.05,33.05,-32.33,-7.61,-39.15,5.85,-30.76,10.52
17.05,30.97,7.46,-20.06,-14.71,-14.09,3.5,-14.07,-7.28,-18.02,-0.34,-8.59,3.04
16.66,46.09,21.12,-37.11,-21.77,-11.09,34.44,-17.05,-10.74,-31.68,13.19,-7.74,13.32
16.64,27.99,4.8,-19.54,0.09,6.42,25.33,-9.73,-14.98,-34.25,-4.82,-5.72,13.33
16.74,40.6,12.83,-25.64,-2.48,-2.69,26.88,-12.64,-8.56,-36.23,-0.01,-7.81,18.38
17.02,23.94,2.7,-18.15,-13.03,-10.15,5.44,-10.25,-12.9,-26.75,-11.34,-9.09,6.27
16.06,42.15,11.76,-35.11,-10.23,-3.0,34.99,-3.18,5.63,-29.21,4.27,-21.19,7.49
16.77,25.92,5.16,-17.8,-11.26,-6.11,14.91,-3.19,-8.18,-28.35,-12.23,-10.58,8.31
16.19,28.61,4.02,-22.86,-14.59,-12.2,11.24,-5.5,-4.45,-24.55,-7.79,-9.99,8.32
16.52,23.19,4.75,-9.02,-1.67,2.25,9.6,-9.02,-12.29,-15.58,3.53,5.94,11.82
16.89,34.79,10.61,-21.37,-9.72,-3.5,20.72,-10.0,-12.63,-38.24,-12.23,-18.57,5.09
16.81,39.82,11.56,-32.9,-13.13,-5.49,28.79,-14.29,-8.7,-32.9,6.04,-9.53,14.79
17.01,31.65,6.25,-29.68,-17.79,-8.89,20.96,-10.41,-12.17,-34.61,-1.19,-7.12,16.51
16.71,35.99,6.06,-32.1,-8.57,-6.03,31.19,0.19,8.24,-23.86,2.65,-12.5,14.39
17.47,24.5,-1.18,-29.36,-17.02,-8.96,13.86,-12.74,-11.97,-26.01,3.85,1.06,18.77
