18.68,1.32,3.43,17.7,6.51,16.62,3.57,9.11,-3.44,0.97,-8.55,-2.3,-4.66
18.21,28.73,16.34,9.19,10.74,14.64,20.08,10.1,1.48,-7.41,-4.23,-2.44,1.7
17.58,48.33,32.66,-1.71,8.46,10.49,45.34,7.12,4.51,-28.3,-13.04,-22.21,5.54
16.94,41.67,28.92,-0.79,-0.35,1.06,25.91,3.94,-3.99,-27.32,-8.32,-17.31,-4.25
17.12,33.82,19.96,6.1,8.59,11.07,20.12,5.91,0.93,-7.89,1.89,-1.0,5.13
17.14,36.25,28.36,7.81,0.79,1.24,20.87,8.22,-1.16,-21.03,-7.55,-1.5,10.04
18.04,38.16,23.91,3.2,7.07,11.34,28.68,6.51,-3.14,-21.3,-5.73,-7.91,5.4
17.85,27.39,16.26,10.22,7.94,8.07,10.64,3.82,-3.7,-11.4,-10.2,-5.69,2.69
18.02,40.3,26.59,8.6,13.34,10.32,21.49,-0.28,-2.22,-16.61,-5.28,-10.37,5.05
17.2,27.57,16.46,10.54,10.47,10.58,12.88,3.44,-5.4,-13.96,-9.04,-3.44,4.39
17.79,47.67,28.63,-1.09,11.75,14.49,39.07,2.15,4.61,-15.49,3.7,-12.86,5.89
18.3,32.24,23.13,14.38,12.94,11.86,19.57,10.48,7.23,-2.92,-1.6,-4.46,0.85
18.26,29.82,18.53,11.72,14.41,15.07,18.21,5.04,-2.87,-11.82,-7.42,-4.88,2.03
17.35,23.05,10.87,6.71,5.77,4.88,4.22,-2.41,-6.66,-8.66,-6.08,-3.61,-0.57
17.09,30.52,17.53,7.5,8.7,9.45,14.84,2.86,-3.22,-12.09,-5.05,-3.44,4.39
17.94,29.55,18.97,12.7,10.41,6.05,5.03,-5.42,-8.56,-10.91,-3.09,0.79,6.92
18.37,25.75,15.47,10.95,9.34,8.49,11.01,5.43,-0.24,-8.26,-8.74,-6.93,-1.41
17.52,36.22,24.5,7.3,6.21,5.14,14.67,-4.72,-12.67,-24.79,-11.52,-12.1,-3.28
17.73,34.74,25.29,12.8,9.72,1.16,3.83,-14.31,-17.29,-27.69,-12.41,-6.62,8.86
16.49,31.67,20.14,10.44,6.72,3.25,5.98,-6.5,-14.06,-24.24,-17.63,-8.8,6.04
17.0,47.9,31.56,-4.97,4.93,7.65,31.84,-11.37,-15.51,-36.33,5.85,3.7,25.1
17.53,39.18,26.68,3.87,3.38,2.16,18.4,0.44,-5.46,-20.87,-0.88,2.35,17.89
17.45,33.67,20.33,5.97,7.3,8.99,20.11,6.65,0.4,-12.59,-3.33,-0.11,12.64
17.14,29.59,18.36,10.12,8.26,7.61,12.86,7.52,4.48,-2.76,-2.46,-5.0,-0.1
16.24,46.85,29.28,-8.31,2.5,6.74,33.47,-1.08,-4.47,-22.11,7.32,-6.03,9.3
16.47,40.42,23.2,-1.51,2.22,-1.0,14.17,-7.27,-5.61,-20.05,-2.5,-10.29,7.61
16.64,34.24,20.21,0.95,-0.42,0.8,16.65,1.55,-2.08,-14.0,3.89,10.27,24.95
16.66,33.03,19.54,4.96,5.19,5.92,14.46,2.26,-5.45,-17.35,-8.77,-8.56,0.28
17.84,24.31,13.73,10.5,8.73,6.54,5.4,-0.23,-3.24,-5.88,-5.05,-3.45,0.39
17.93,45.1,30.56,2.83,10.54,8.66,33.08,-0.45,-9.14,-31.72,-2.06,-0.48,23.38
17.67,40.35,26.19,3.57,9.41,13.38,31.05,-1.08,-7.06,-19.89,3.06,2.05,19.31
17.69,36.2,22.4,4.8,4.87,4.77,16.03,-1.03,-3.49,-11.72,3.8,4.02,12.15
17.2,28.0,15.51,7.53,6.42,3.38,3.74,-5.11,-6.26,-7.91,-1.99,-2.22,2.18
18.19,26.31,16.51,11.5,10.3,7.56,8.13,0.87,-1.45,-4.36,0.14,1.22,5.82
18.4,26.9,14.38,6.85,7.72,8.93,12.87,3.56,-1.22,-6.25,-0.39,0.5,4.22
17.34,33.57,18.98,-5.09,-0.62,6.62,29.88,9.77,-0.04,-18.07,3.9,6.49,16.58
17.22,29.74,17.48,9.77,13.67,15.41,22.0,11.73,3.84,-6.05,-0.99,2.19,9.49
16.2,37.11,23.76,-1.7,7.17,14.75,36.24,6.14,-6.65,-26.47,-0.4,-1.74,13.21
16.55,25.33,12.43,2.22,-0.8,-0.53,7.39,0.77,-6.64,-18.34,-13.3,-5.46,7.11
16.84,36.0,24.55,6.13,5.75,4.62,18.26,0.25,-6.0,-18.83,0.94,5.71,17.55
16.34,26.85,16.28,10.02,9.33,11.34,16.38,8.18,-1.73,-9.01,-3.92,2.84,9.58
17.52,26.24,14.46,7.56,10.38,14.85,23.2,13.58,4.3,-8.45,-5.68,-2.52,6.49
17.83,27.59,16.44,8.46,3.33,1.98,7.84,7.37,6.37,0.74,1.54,3.54,9.88
17.78,32.07,17.98,2.82,1.57,3.03,13.78,0.75,-6.14,-19.33,-8.64,-3.71,9.4
17.9,26.88,15.57,8.66,6.17,4.37,6.89,-0.22,-5.81,-13.86,-11.15,-5.15,7.15
17.82,30.37,19.72,11.32,9.47,7.26,12.77,4.74,-1.47,-14.79,-13.4,-9.19,7.06
16.87,28.91,14.69,1.63,3.36,4.26,12.28,-2.47,-11.12,-23.61,-13.3,-8.05,3.65
17.85,29.49,17.27,7.83,5.11,3.6,8.04,-1.03,-8.51,-19.2,-14.5,-8.12,6.79
18.2,25.66,13.55,4.55,-0.75,-4.73,-1.24,-6.03,-9.37,-16.92,-15.18,-10.04,2.82
19.07,29.77,19.0,11.83,7.21,3.19,3.0,-4.5,-9.49,-15.95,-13.51,-8.44,2.19
19.1,27.54,17.68,12.9,9.25,3.7,1.85,-4.7,-7.0,-10.14,-7.57,-4.85,2.12
18.96,25.02,13.82,9.67,6.0,3.34,1.58,-3.9,-8.73,-11.14,-9.1,-4.22,0.52
18.44,24.57,12.39,5.27,2.15,-4.5,-7.29,-17.71,-18.15,-16.65,-8.02,-4.65,3.4
17.85,30.55,19.25,11.61,10.54,9.65,13.68,4.13,-1.99,-9.49,-1.36,4.52,13.29
16.73,24.75,13.89,9.17,5.47,3.0,4.36,1.23,-1.19,-4.91,-5.47,-4.03,-0.71
17.36,37.65,23.23,4.48,7.39,11.72,26.69,5.53,-2.49,-18.23,-2.75,-1.01,13.38
17.29,37.88,22.7,2.2,2.55,-0.52,16.27,3.17,3.53,-12.11,2.5,0.8,13.25
18.09,52.55,33.41,-6.82,14.46,8.23,38.36,-12.79,-18.91,-35.61,-2.35,-17.21,5.47
18.02,26.91,16.94,11.6,6.2,2.04,3.23,1.02,-0.73,-5.0,-5.39,-3.18,2.61
17.84,53.03,37.81,-6.62,9.74,10.04,50.38,-2.83,-12.34,-24.95,3.44,-13.19,3.73
17.19,26.27,15.91,11.05,10.38,9.27,10.46,0.41,-9.01,-17.38,-11.77,-4.95,3.2
17.67,25.33,14.51,11.05,9.91,9.07,8.69,2.97,-0.16,-1.73,1.2,3.65,6.72
16.87,27.58,16.26,9.9,10.44,11.23,15.36,5.55,-1.71,-10.18,-5.3,-0.04,8.87
17.77,27.09,17.34,11.06,6.31,4.12,9.59,9.26,6.69,-1.98,-4.93,-4.01,2.33
17.17,43.75,31.7,-1.2,-0.46,4.3,37.8,11.89,2.91,-32.88,-8.98,-7.33,15.94
16.95,22.29,10.22,3.1,0.21,-0.93,5.52,4.9,5.37,-1.2,-2.89,-6.05,-3.09
16.81,22.98,9.46,2.25,5.66,10.61,20.72,14.7,8.53,-3.42,-1.96,1.24,10.4
16.26,28.66,14.6,2.5,3.34,3.35,12.29,1.0,-4.97,-16.82,-6.96,1.25,18.08
16.68,49.66,37.78,-4.16,-8.56,-14.23,23.47,0.18,4.67,-31.31,-4.13,-10.13,17.33
17.29,31.32,19.35,6.77,2.91,-0.39,7.56,-1.28,-6.02,-18.59,-11.35,-5.38,9.21
17.14,33.89,19.33,-2.0,-1.42,-0.56,21.15,9.98,8.21,-15.81,-7.42,-11.44,9.95
17.59,29.89,18.93,9.61,7.14,5.09,11.66,4.82,0.62,-12.04,-12.99,-14.68,-5.75
18.16,42.34,30.14,8.33,9.06,1.74,17.86,-1.28,-3.91,-25.22,-12.56,-14.82,8.12
18.24,32.13,21.79,8.13,2.96,-1.82,8.11,-0.45,-6.64,-24.13,-20.17,-16.62,-0.47
18.0,30.14,18.32,6.34,1.77,-0.3,8.57,3.36,-1.67,-16.14,-16.53,-15.8,-4.06
16.89,26.97,13.02,-2.36,-0.91,0.36,15.72,4.74,-1.25,-21.93,-15.15,-12.58,6.68
17.75,35.34,21.33,-5.48,-4.1,-2.84,24.19,4.06,-5.22,-38.26,-21.81,-19.08,10.82
18.44,35.94,18.21,-7.94,2.19,5.47,34.12,9.69,0.41,-39.52,-26.16,-30.97,1.07
18.35,43.03,23.17,-13.2,-2.28,-4.86,31.44,-0.22,-3.26,-43.62,-24.86,-36.49,-3.84
17.91,34.66,17.69,-2.06,1.44,1.94,20.54,7.44,7.85,-16.75,-12.81,-21.76,-2.87
18.2,29.83,15.86,-4.13,-1.34,-1.62,22.08,11.96,8.98,-25.16,-27.92,-36.99,-9.83
18.92,32.45,17.57,3.88,5.72,6.87,17.37,5.35,-2.46,-20.5,-17.97,-20.65,-7.43
17.86,28.72,14.98,4.73,6.86,6.56,12.03,-1.43,-9.24,-22.41,-17.13,-13.42,1.1
17.7,49.4,33.21,-10.04,-1.96,-0.02,43.07,7.84,9.4,-28.33,-3.64,-20.34,9.46
18.05,50.23,25.43,-16.98,0.09,-6.36,27.62,-20.8,-14.06,-43.72,-17.93,-33.86,-3.37
18.23,29.92,20.73,11.53,7.11,3.48,10.49,6.69,5.35,-7.28,-9.51,-12.1,-1.65
18.83,41.93,25.43,-2.28,3.71,6.55,32.2,7.97,5.3,-14.11,2.0,-6.12,13.1
18.05,36.0,24.84,5.08,3.2,4.05,25.86,12.8,6.47,-15.8,-5.97,-4.24,14.16
18.41,33.48,23.52,13.34,12.45,12.69,21.62,11.46,2.25,-12.32,-6.2,-1.57,8.51
18.18,27.25,16.2,10.64,8.67,6.62,7.72,1.83,-0.8,-5.13,-4.52,-4.7,0.79
16.87,25.27,14.35,10.31,10.74,9.22,7.67,-2.97,-7.96,-10.53,-5.23,-2.6,2.04
16.97,35.16,21.12,4.24,6.98,9.65,21.58,3.33,-7.22,-23.42,-7.35,-0.4,14.91
18.06,27.06,15.6,9.77,9.54,10.39,14.33,6.52,-0.0,-7.82,-6.1,-3.63,3.03
18.16,25.84,15.53,12.12,10.97,10.16,10.64,3.65,-3.09,-8.56,-5.27,1.05,6.95
18.0,42.14,25.8,-4.26,1.94,7.94,33.7,6.72,0.51,-19.8,4.04,-1.95,14.59
18.17,51.38,25.62,-13.36,9.07,-3.45,34.57,-5.12,9.72,-23.14,-5.58,-24.87,2.03
17.97,36.93,21.01,-2.31,1.11,0.25,20.51,2.28,-1.09,-27.14,-17.58,-22.46,1.56
18.63,39.58,24.11,-1.32,4.54,2.81,24.35,1.81,-3.67,-29.27,-13.12,-16.11,9.96
18.36,36.28,22.61,3.86,8.02,8.79,25.64,5.07,-4.17,-29.39,-19.25,-18.44,4.81
18.1,30.65,19.98,9.56,7.27,3.95,11.91,6.41,2.06,-15.75,-21.88,-30.24,-19.27
17.54,31.65,18.89,6.22,5.4,4.92,15.53,7.87,3.59,-13.2,-13.96,-18.24,-6.39
18.33,33.54,22.73,8.29,5.49,3.3,14.22,3.89,-3.67,-22.48,-16.27,-11.49,6.24
18.16,26.13,14.37,8.46,8.27,8.01,10.72,3.14,-2.75,-10.58,-8.01,-3.54,5.69
18.38,31.76,19.81,7.01,6.01,5.47,16.35,8.25,2.72,-13.48,-11.82,-12.48,0.27
18.76,32.68,19.99,5.97,6.97,5.78,17.54,4.47,-2.03,-21.57,-17.45,-16.57,3.22
18.1,26.32,15.95,8.84,4.12,-0.32,2.88,0.96,0.23,-7.25,-10.71,-14.07,-7.97
18.39,43.72,27.09,-1.21,8.56,9.44,36.21,10.83,7.78,-23.1,-11.12,-23.42,3.84
17.36,28.95,18.26,7.3,7.94,8.48,19.37,6.04,-5.49,-25.56,-20.3,-15.53,2.57
16.82,39.62,18.47,-8.05,6.62,5.66,25.67,1.3,1.94,-20.04,-7.76,-19.61,-1.1
16.87,25.6,13.64,4.88,-1.17,-5.45,-1.79,-5.11,-8.12,-17.12,-17.77,-17.15,-11.88
17.76,31.61,18.75,4.99,2.29,1.98,13.79,6.52,2.36,-12.04,-10.84,-11.76,1.47
18.45,32.16,21.85,8.65,5.4,3.43,14.72,7.07,2.69,-14.15,-14.62,-18.23,-7.69
17.76,26.71,15.75,10.73,12.12,12.74,14.85,4.54,-3.97,-12.33,-8.41,-2.28,8.09
17.63,23.72,11.17,5.54,4.52,5.15,8.39,2.64,-3.2,-11.23,-11.71,-9.38,-2.0
17.71,50.3,27.99,-10.02,7.98,-0.06,38.65,-0.32,6.62,-20.75,-1.78,-16.3,6.84
18.44,52.72,40.65,-8.7,-4.26,7.02,56.35,4.46,-0.88,-13.67,15.39,-2.36,9.54
18.17,27.25,15.09,9.61,13.43,14.11,15.67,2.12,-2.48,-4.85,3.43,6.75,11.49
17.53,23.37,12.54,9.7,7.76,6.24,6.43,3.94,3.52,2.52,1.93,1.3,2.89
17.77,24.85,13.91,9.49,7.8,7.0,8.64,3.08,-1.94,-6.96,-6.13,-2.69,3.7
17.95,45.25,29.51,-3.74,3.12,5.5,30.64,-0.76,-3.58,-23.18,8.69,0.47,12.48
18.36,44.89,28.49,0.02,11.76,16.06,41.09,1.61,-4.38,-22.88,9.19,3.43,21.09
17.57,28.76,19.33,10.09,6.75,4.03,9.99,1.86,-3.89,-12.51,-5.46,0.13,8.01
18.88,30.35,20.11,13.28,13.68,15.72,20.82,9.06,-0.4,-9.06,-2.07,2.29,8.31
18.41,28.21,18.99,13.81,12.07,9.42,10.89,3.08,-3.46,-11.75,-10.03,-6.97,0.66
17.91,29.21,18.57,11.91,10.7,9.82,13.23,6.15,2.33,-1.86,4.38,8.11,12.57
16.72,36.15,23.21,5.59,9.69,8.24,18.3,-2.41,-7.75,-21.62,-2.99,4.82,18.78
17.2,35.69,22.99,7.16,10.67,9.15,19.82,1.95,-5.91,-20.49,-4.91,0.23,16.59
16.65,25.81,15.22,10.58,8.82,5.51,4.72,-2.67,-4.96,-5.88,0.01,3.28,5.59
17.2,34.26,21.73,6.92,10.06,14.27,29.92,12.47,0.91,-18.31,-12.46,-13.14,0.5
17.23,23.9,14.37,12.34,10.18,6.2,4.76,1.33,1.35,-0.29,-2.2,-5.17,-4.57
17.82,29.3,17.6,11.36,15.16,17.28,20.38,7.57,0.89,-6.7,-2.95,-2.64,3.54
17.86,27.11,15.89,10.06,9.83,7.31,6.91,-2.99,-7.18,-11.46,-8.59,-10.82,-9.55
16.31,22.8,10.05,4.41,4.01,4.3,6.51,-0.02,-3.58,-6.56,-1.32,4.29,11.88
17.95,29.9,19.23,11.21,9.12,8.35,12.99,4.64,-2.71,-11.84,-6.43,-0.36,10.17
17.6,25.81,14.98,10.76,10.35,11.5,15.41,11.87,9.13,4.59,3.24,1.27,3.8
17.72,26.48,17.44,13.5,11.81,9.06,10.29,5.05,4.46,2.71,6.37,7.36,9.42
17.66,48.26,33.61,-1.0,9.2,11.15,38.66,4.15,-3.41,-30.76,3.35,-0.51,27.14
16.97,45.03,27.67,-2.17,8.96,9.0,25.87,-9.94,-14.0,-26.63,5.29,0.28,18.63
16.32,31.75,17.63,5.59,9.16,7.69,9.98,-8.63,-11.55,-15.76,-0.39,2.71,10.72
17.67,38.98,26.01,6.03,11.81,11.69,26.29,5.49,-4.96,-24.47,-12.34,-13.19,5.69
18.51,33.34,23.39,13.04,12.75,11.61,19.25,7.61,-1.12,-18.2,-15.99,-17.22,-6.51
18.2,28.82,18.04,11.7,9.09,8.2,11.89,6.47,0.53,-7.65,-7.04,-3.09,6.02
18.1,42.39,24.8,-0.5,13.76,16.24,32.68,-2.99,-3.69,-16.33,11.52,5.09,18.32
18.21,28.79,20.08,15.64,15.34,11.64,11.37,1.85,-1.81,-6.76,-2.74,-2.57,1.25
18.18,32.25,22.06,12.79,12.38,10.07,12.66,-3.69,-12.38,-23.58,-15.45,-10.68,0.56
17.35,25.1,13.62,9.03,5.77,3.48,2.98,-1.08,-3.27,-4.98,-3.86,-1.92,1.52
18.24,32.3,19.51,7.47,9.95,12.54,21.25,5.42,-1.77,-11.56,0.33,5.25,15.3
18.37,24.22,11.84,7.92,6.83,8.68,10.4,7.68,4.13,2.58,2.52,4.4,5.7
18.76,25.31,14.79,11.52,12.0,12.22,12.35,3.81,-2.31,-6.81,-4.38,-3.75,-3.45
18.13,35.83,26.76,13.42,13.9,9.43,16.91,-4.08,-9.46,-18.85,0.55,4.07,10.72
18.59,30.22,16.65,6.68,7.43,4.1,11.92,4.3,5.83,1.2,7.33,6.2,2.26
19.08,23.04,11.73,9.41,9.68,7.92,6.43,4.27,4.69,1.91,4.14,9.78,11.15
18.6,25.4,16.11,14.16,12.11,8.71,5.93,0.45,-1.3,-1.36,0.86,3.28,6.88
18.14,27.79,17.78,13.21,10.0,6.89,6.96,2.24,0.79,0.89,3.78,5.06,5.41
18.15,31.38,21.49,15.83,17.19,15.2,14.46,0.69,-6.15,-12.54,-5.05,-3.96,1.96
17.74,27.12,15.87,12.88,15.94,17.42,16.49,3.39,-4.64,-9.17,-4.19,-0.05,6.17
18.51,34.09,22.83,10.92,11.32,10.6,17.99,5.14,-1.34,-12.62,-2.46,2.49,15.5
18.29,23.53,12.61,9.24,6.46,4.77,4.85,2.09,-0.16,-2.38,-2.77,-1.05,2.26
18.55,27.53,16.78,10.59,7.79,5.69,7.88,1.66,-2.62,-7.52,-3.75,-0.46,4.18
18.71,29.87,20.21,16.47,17.54,18.49,20.89,12.68,7.14,0.37,1.57,0.73,1.28
17.81,27.47,16.52,9.39,6.53,8.59,17.26,15.04,9.71,0.91,2.25,5.63,12.48
17.79,25.06,13.13,7.95,8.35,7.6,6.59,-5.4,-12.81,-17.16,-11.28,-6.85,-0.2
17.49,44.78,33.63,3.71,3.35,5.08,36.03,10.09,1.99,-23.83,-3.99,-3.36,12.4
17.09,23.51,10.25,6.03,6.35,6.69,5.24,-3.74,-9.06,-11.34,-7.82,-5.63,-3.26
16.96,29.23,17.16,7.0,4.1,3.17,7.66,-0.47,-4.33,-9.02,-0.73,3.44,11.35
17.9,25.54,14.99,10.72,9.25,7.65,7.74,0.75,-2.45,-4.18,0.31,3.82,8.04
18.42,23.56,12.78,10.1,9.46,7.97,6.77,0.29,-3.98,-5.93,-3.34,-0.66,2.88
18.17,27.41,17.14,14.14,15.05,13.94,12.01,2.38,-2.83,-6.03,-3.23,-2.76,-1.01
18.5,36.59,26.39,14.32,18.15,14.41,19.03,-4.07,-12.06,-24.18,-7.02,-1.09,14.44
18.53,32.21,23.55,17.27,16.75,14.25,16.08,4.9,-2.85,-10.63,-5.35,0.16,8.63
18.62,28.48,18.6,14.11,13.15,12.55,14.39,8.96,6.89,4.52,6.88,6.33,5.98
18.54,29.2,20.28,15.6,14.1,13.22,16.69,9.7,3.66,-3.82,-2.2,-0.7,3.16
17.68,26.75,16.17,11.3,9.51,6.52,5.93,-0.87,-3.13,-5.4,-4.27,-6.52,-6.29
17.71,34.01,24.48,16.27,18.56,16.15,17.03,-1.34,-10.58,-17.92,-6.72,-2.37,7.83
17.56,36.38,24.57,7.52,4.38,-1.7,5.47,-11.77,-14.85,-28.0,-15.55,-16.41,-5.01
18.33,27.1,17.39,13.94,11.83,8.22,5.36,-4.11,-10.81,-15.98,-13.98,-10.57,-4.76
17.89,27.74,18.13,13.63,12.63,9.34,7.57,-3.6,-11.24,-16.68,-10.62,-3.57,4.82
18.51,46.17,30.09,-3.89,4.13,8.18,35.3,-9.32,-6.89,-24.27,10.09,-5.38,7.5
18.21,24.07,13.32,9.36,5.76,1.35,-0.99,-6.88,-9.99,-12.07,-10.0,-7.29,-3.06
17.7,46.51,28.2,-1.95,9.35,10.33,35.8,3.46,0.79,-25.98,-2.18,-10.05,15.12
17.89,29.25,18.34,10.56,9.38,10.62,17.19,9.84,2.95,-7.27,-7.06,-4.89,3.35
18.26,31.06,22.12,17.06,15.32,11.34,11.32,2.63,-0.5,-4.13,-1.07,-2.14,1.05
18.0,39.0,25.83,7.62,13.84,14.82,25.66,1.59,-5.02,-15.48,2.77,4.36,18.29
18.0,22.83,11.3,7.33,5.3,5.16,7.71,6.65,5.41,3.74,4.34,6.2,7.37
17.31,36.8,24.02,5.04,3.99,4.36,17.62,-0.3,-5.94,-19.91,-3.87,-2.13,9.78
18.29,28.32,15.67,6.78,6.01,7.05,13.29,4.75,-1.4,-9.19,-3.27,1.83,12.71
18.68,54.82,32.22,-3.52,19.53,1.45,38.38,-5.66,1.18,-7.71,12.17,-6.37,10.14
17.74,33.64,21.92,9.38,9.73,10.91,20.88,6.98,-1.7,-15.6,-7.53,-4.72,4.74
17.02,35.29,23.43,10.2,10.0,10.01,17.55,3.93,-0.36,-9.74,0.23,-1.41,3.41
16.84,53.98,34.87,-12.03,7.49,3.6,38.03,-12.59,-8.52,-22.56,7.11,0.44,19.09
16.77,46.96,32.4,-2.24,6.8,8.74,33.94,-9.65,-15.95,-36.2,5.0,-0.17,18.63
17.91,28.22,17.4,12.4,9.29,7.25,6.49,0.48,-4.44,-6.01,-2.41,2.13,4.55
17.89,25.36,14.88,11.5,9.95,7.56,6.37,-0.14,-3.14,-4.49,-1.02,2.16,5.94
17.98,47.24,33.84,4.23,9.19,8.12,32.67,1.54,-2.25,-18.38,5.45,1.25,10.83
17.44,31.18,21.61,15.63,15.52,11.29,8.6,-4.47,-8.14,-9.4,-0.75,-0.21,0.72
16.52,26.46,12.64,2.34,-2.07,-7.94,-9.37,-17.53,-16.48,-14.32,-4.93,-2.1,4.73
17.7,29.74,18.46,10.94,9.76,7.94,10.06,0.88,-3.3,-9.51,-6.75,-7.67,-2.58
17.97,27.67,18.05,14.31,12.85,8.62,5.05,-5.98,-11.03,-14.02,-9.25,-6.76,-0.99
17.16,27.07,14.93,7.88,7.65,3.83,0.75,-12.9,-15.4,-14.7,-3.97,-0.65,3.8
17.26,36.19,23.94,2.9,-0.51,-1.85,12.1,-4.96,-10.51,-20.9,-3.18,-4.75,-0.92
17.69,48.47,31.27,-2.37,6.57,3.7,22.17,-14.31,-11.74,-24.83,10.08,-4.74,9.2
17.39,29.28,17.06,8.59,5.23,1.17,0.8,-7.61,-10.65,-12.34,-5.74,-2.63,3.11
18.1,32.67,19.95,9.03,10.46,9.3,13.2,-1.5,-2.97,-5.46,7.1,8.12,11.66
17.61,45.12,32.75,2.53,8.23,10.04,31.85,-2.57,-9.76,-25.42,1.64,-3.47,15.65
17.36,34.95,23.08,10.4,12.15,12.88,19.77,3.35,-4.42,-14.63,-2.82,-2.12,5.96
16.74,43.08,22.99,-3.36,9.8,11.52,25.96,-5.72,-7.87,-22.09,3.72,-3.15,13.54
15.94,32.71,21.85,8.21,2.24,-0.89,8.23,-0.81,-7.08,-17.74,-6.96,0.85,12.76
16.08,48.6,32.7,-11.08,3.7,9.64,34.4,-9.51,-14.87,-25.34,11.11,-6.57,5.16
17.57,45.69,22.92,-4.81,13.0,8.72,27.67,-5.0,2.09,-8.15,16.42,0.07,17.33
17.86,32.34,19.49,8.83,13.55,16.95,23.47,4.49,-5.36,-14.1,-1.38,0.24,10.01
18.37,25.82,15.38,11.65,10.37,10.3,12.64,8.41,4.53,0.07,0.3,1.91,5.13
17.59,34.75,20.99,2.4,7.31,12.38,29.8,9.68,-0.53,-23.13,-10.06,-11.92,1.99
18.4,28.39,18.07,13.25,12.35,12.06,15.25,8.87,5.44,2.54,5.3,7.37,10.77
17.56,23.36,11.07,6.51,4.4,2.98,2.35,-3.25,-8.12,-11.45,-11.76,-10.48,-7.58
17.74,33.37,23.05,12.64,9.98,10.08,18.16,8.41,0.78,-11.5,-5.56,-3.2,3.69
17.79,27.15,15.62,10.72,13.7,16.22,18.25,5.57,-3.44,-11.72,-8.35,-6.02,0.75
17.92,31.16,18.09,5.19,4.18,4.84,13.31,2.98,-0.46,-5.58,5.2,7.71,15.24
17.61,26.69,16.12,10.68,7.54,4.9,5.18,-0.79,-4.38,-8.73,-8.29,-8.58,-6.11
18.64,28.9,17.5,11.37,13.59,15.17,19.6,8.24,1.42,-4.89,0.54,2.79,8.22
17.96,26.86,15.9,12.25,12.42,13.32,13.56,5.59,-1.78,-6.67,-4.25,-0.48,3.12
17.83,32.32,18.49,5.04,6.98,10.03,21.46,9.16,5.19,-3.16,6.08,5.65,12.54
17.94,23.82,15.78,14.23,11.8,4.56,0.07,-7.61,-9.21,-10.56,-6.59,-5.57,-3.21
18.77,25.23,15.08,11.9,9.74,7.47,7.02,2.23,-0.4,-2.53,-2.39,-2.05,0.7
18.5,23.1,12.06,7.36,4.77,2.29,3.14,-2.0,-4.37,-6.33,-1.26,4.15,10.34
18.59,39.62,27.08,9.44,12.69,14.95,29.64,9.45,1.82,-14.82,-2.96,-8.57,1.67
17.43,34.51,23.19,9.86,13.16,12.04,19.64,-0.46,-7.4,-16.05,1.02,3.93,12.64
17.92,26.55,14.03,7.0,8.96,9.9,12.51,-0.4,-7.02,-12.42,-4.19,2.15,11.59
18.35,27.5,18.05,14.19,11.87,9.52,9.86,3.06,-2.33,-8.82,-8.27,-6.38,-0.57
17.67,23.47,12.36,9.01,8.05,6.46,5.82,-0.44,-3.37,-3.93,-0.9,1.09,3.92
18.21,31.75,23.77,15.7,11.24,7.99,14.5,6.98,-0.02,-10.45,-3.47,5.49,16.18
17.76,24.78,15.41,13.76,13.44,12.83,11.55,3.7,-3.36,-7.72,-4.92,-0.19,2.49
18.35,27.62,17.22,12.35,14.37,13.7,13.83,2.83,-1.66,-4.38,4.46,7.65,11.29
17.59,35.28,24.65,12.61,14.1,14.8,22.23,1.93,-8.28,-23.12,-9.65,-2.44,10.01
17.9,29.28,17.23,14.54,20.21,21.0,16.94,-0.95,-7.5,-7.77,1.62,1.22,1.62
18.14,25.64,14.27,7.93,4.51,4.23,8.31,5.41,3.15,-0.8,1.78,4.74,8.01
18.78,50.37,24.05,-3.12,21.93,-3.49,39.55,-4.32,9.51,-11.61,7.17,24.75,6.82
17.17,34.36,21.3,9.06,12.68,10.86,18.75,2.7,-1.92,-8.08,5.06,6.43,11.05
18.4,55.35,34.8,-5.69,11.93,12.94,47.53,-13.75,-9.89,-14.69,25.32,-3.19,12.86
17.83,46.23,27.46,-2.42,8.46,4.87,25.09,-8.68,-9.77,-24.13,6.72,-4.94,11.43
18.37,31.1,20.21,12.17,14.6,16.21,21.46,7.72,1.4,-6.38,2.68,4.28,9.17
18.19,32.4,20.55,11.74,19.18,21.83,26.12,3.32,-9.08,-24.61,-14.75,-12.72,-2.56
18.21,29.38,18.73,14.54,12.56,12.08,12.44,6.18,-0.75,-6.24,-3.73,1.64,6.76
17.94,25.02,15.91,15.31,15.67,13.88,10.8,3.21,-0.86,-1.75,1.8,4.66,6.2
18.27,28.88,19.38,16.18,14.22,11.62,10.1,4.39,0.77,-1.53,-1.41,-1.31,1.03
17.66,26.49,16.35,11.29,6.66,3.38,4.15,-0.09,-4.44,-9.95,-10.04,-7.23,-2.43
18.38,26.04,15.85,12.69,10.82,8.83,7.37,0.69,-4.05,-6.65,-4.04,-0.84,2.87
18.34,23.88,14.23,12.04,8.77,5.12,3.59,1.53,1.53,0.69,-1.14,-2.34,-0.69
18.7,52.74,34.57,-1.35,15.89,13.56,44.8,-7.68,-7.72,-20.74,14.68,4.93,25.25
17.4,28.03,16.85,11.89,14.83,14.67,13.82,0.26,-5.66,-9.81,-5.27,-6.49,-3.98
16.99,23.24,10.91,8.58,8.32,7.55,4.92,1.3,2.76,7.95,10.4,7.82,4.93
17.66,26.18,14.62,8.64,7.06,6.26,7.06,-1.29,-6.84,-11.86,-9.78,-8.79,-5.88
18.43,30.96,21.83,16.08,15.03,12.37,13.64,1.92,-4.09,-8.39,-0.62,4.41,11.66
18.16,26.6,16.97,13.5,12.94,13.5,16.15,10.5,3.85,-3.13,-2.11,1.71,6.51
18.06,25.24,13.68,8.26,6.42,6.62,8.57,1.98,-4.67,-8.64,-1.48,8.61,17.02
17.11,29.01,16.66,7.95,10.2,10.2,12.89,-3.73,-13.9,-23.89,-11.67,-4.17,6.62
17.39,39.82,28.39,6.91,10.26,13.22,27.53,-2.0,-11.77,-22.86,6.15,6.98,13.9
17.68,36.53,22.13,7.42,12.06,9.71,16.28,-4.22,-8.1,-17.79,-4.22,-7.65,0.8
18.17,35.87,24.64,14.02,19.32,20.2,24.9,3.63,-3.49,-12.34,0.09,-1.75,3.04
17.87,50.66,29.16,-3.63,21.02,13.71,34.45,-6.31,-4.52,-21.79,3.88,-10.32,10.02
18.29,35.41,23.89,11.21,12.72,16.59,26.27,9.36,0.2,-12.8,-2.16,1.08,8.45
17.86,24.96,14.33,10.93,9.59,8.37,8.42,2.86,-1.56,-6.43,-6.99,-7.45,-4.99
17.43,25.6,12.11,6.85,9.82,12.54,14.16,6.43,4.61,6.54,16.27,19.92,20.87
17.53,34.44,20.45,5.57,13.58,16.81,25.29,-0.92,-8.49,-17.4,4.38,5.3,11.66
18.52,31.01,20.18,11.12,16.78,20.65,28.27,14.33,5.52,-3.28,5.4,4.86,8.29
17.09,21.55,9.8,5.79,3.31,2.08,3.27,1.25,0.66,0.63,2.56,4.83,6.7
17.35,42.93,23.42,0.33,17.85,19.04,33.41,-1.38,-3.42,-18.04,7.14,0.47,15.07
16.95,24.82,12.53,7.42,8.76,7.74,6.67,-3.7,-6.02,-6.22,1.38,3.27,5.0
18.3,26.31,13.41,7.1,9.87,11.73,13.16,-0.29,-6.31,-8.0,2.74,7.37,11.04
18.42,25.2,15.54,14.34,15.48,13.87,10.74,2.1,-1.2,-1.53,1.79,1.31,0.88
17.99,25.47,15.6,11.34,13.65,12.18,13.48,3.26,4.62,5.68,15.48,13.05,10.47
18.22,30.79,18.97,10.86,13.08,12.89,13.82,-1.72,-8.34,-13.92,-3.62,-0.55,6.03
17.33,45.89,33.12,-0.9,5.12,6.59,34.84,-0.78,-4.88,-29.01,4.2,3.13,25.28
16.68,23.03,11.72,9.55,13.31,13.73,11.29,-1.19,-7.12,-10.09,-5.98,-4.98,-2.83
17.98,32.14,18.41,7.54,15.11,21.49,31.74,13.81,4.81,-10.17,-0.74,-0.85,6.08
17.83,23.06,11.4,6.81,4.53,4.28,7.03,6.29,7.11,6.81,8.55,9.76,11.66
17.53,31.83,20.56,10.41,11.6,12.59,18.84,3.49,-2.16,-7.62,9.06,15.49,22.55
16.63,29.09,20.85,15.79,11.6,7.52,7.33,0.21,-2.86,-6.6,-4.13,-2.9,-0.22
17.21,27.43,17.63,11.96,7.07,3.76,6.14,3.0,1.88,0.29,6.55,13.9,19.43
16.93,38.66,26.45,8.6,11.05,8.68,17.06,-11.59,-17.89,-28.01,1.11,6.98,19.01
18.12,23.07,11.84,9.12,7.69,6.65,5.19,-0.39,-4.63,-6.2,-5.09,-2.74,-0.79
18.46,31.09,20.99,14.01,12.2,8.47,8.45,0.02,-1.11,-2.65,4.24,5.77,8.8
17.41,54.03,34.19,-8.33,10.05,5.72,33.75,-22.9,-16.03,-18.03,25.14,5.0,16.76
17.39,32.16,21.89,10.48,3.32,-2.5,4.36,1.19,3.29,-2.72,5.84,9.7,17.95
17.66,31.34,18.52,6.13,5.28,1.53,6.51,-7.61,-8.69,-10.11,8.99,15.4,23.45
18.3,40.07,26.18,7.89,14.97,10.69,19.08,-8.42,-7.02,-10.11,13.77,10.65,19.04
17.72,32.57,19.68,10.92,10.11,8.33,8.72,-2.74,-6.62,-8.47,0.82,3.83,8.33
17.33,25.39,14.94,11.97,10.97,10.59,11.45,5.74,0.89,-3.21,-3.23,-4.17,-2.62
16.6,28.65,17.03,11.09,9.34,7.2,6.83,-1.4,-5.9,-8.08,-4.35,-2.58,0.01
17.66,38.06,26.37,12.03,12.39,7.99,12.69,-4.02,-4.23,-9.75,2.37,-0.92,4.01
18.38,30.11,21.28,17.46,15.22,11.57,10.14,3.0,3.16,3.21,6.58,3.74,2.72
17.96,27.35,16.94,12.46,13.9,14.9,18.61,7.91,0.93,-3.03,4.44,11.5,17.83
16.52,26.59,16.54,13.51,11.43,8.43,7.39,2.58,-0.53,-3.82,-4.94,-4.59,-2.11
16.42,22.92,12.62,10.11,6.93,3.58,1.92,-1.61,-3.57,-4.61,-5.0,-3.74,-1.95
17.55,35.57,24.12,8.73,8.68,7.16,16.18,-0.38,-2.36,-9.66,8.66,11.37,21.94
17.42,21.28,9.47,5.5,2.47,-0.47,-0.64,-1.96,-0.13,0.59,0.03,-1.54,-1.04
18.01,28.26,17.76,10.56,7.7,4.66,5.86,-1.31,-2.02,-3.17,4.63,5.89,8.49
18.11,30.66,21.24,13.34,9.21,-0.15,0.32,-4.86,3.2,5.94,16.97,15.84,18.98
17.39,41.23,30.23,3.66,4.31,-0.27,20.36,-4.81,-8.85,-27.27,1.41,4.2,24.7
17.79,47.71,24.17,-4.53,15.6,-1.99,13.41,-20.46,-5.28,-13.4,23.82,8.63,17.49
17.67,33.24,18.55,6.16,5.73,3.28,5.7,-8.25,-6.55,-8.92,3.59,1.32,7.12
18.61,34.27,22.68,9.73,10.72,8.76,15.36,0.54,-0.06,-4.59,14.12,19.85,28.6
17.22,21.51,10.75,7.97,5.85,3.16,2.98,0.62,0.77,0.52,1.55,2.25,4.38
17.32,41.35,25.6,2.6,12.78,10.82,19.36,-15.42,-16.66,-24.32,10.33,8.57,20.02
17.37,25.91,16.04,10.44,6.56,2.15,4.53,1.86,2.84,-0.03,1.45,0.6,4.81
17.32,39.4,26.4,1.42,1.88,-1.05,15.97,-7.93,-12.29,-25.99,1.02,8.23,26.68
17.34,34.62,21.68,8.49,9.89,10.67,17.79,1.8,-4.12,-13.65,-2.02,-1.15,7.14
18.16,38.95,27.85,10.63,11.66,9.59,17.4,-2.84,-5.76,-11.78,9.14,12.95,22.12
17.54,23.28,11.61,7.63,5.41,4.77,5.73,3.09,1.44,0.9,2.26,4.5,6.7
17.76,30.82,20.15,13.69,16.78,12.5,9.0,-9.25,-11.04,-9.31,4.33,5.96,6.73
17.36,30.87,19.8,9.84,7.37,4.21,8.02,-1.58,-1.09,-0.83,10.2,12.27,15.62
17.77,23.55,12.97,11.96,15.48,15.94,14.36,4.59,-0.18,-1.27,3.54,5.98,7.59
18.23,27.9,16.75,10.63,9.36,9.7,14.3,9.67,5.28,0.74,4.11,7.32,11.23
18.12,29.53,19.96,15.72,18.1,18.22,19.51,7.61,1.07,-1.86,4.12,4.33,7.05
16.41,26.1,11.52,4.26,4.45,5.94,7.22,-2.65,-10.34,-14.27,-8.01,-2.03,1.81
17.32,22.12,9.58,5.49,6.48,5.8,7.75,5.98,12.69,19.0,24.93,22.28,20.21
18.12,28.12,16.11,5.49,5.58,7.9,15.57,5.55,-0.79,-7.26,2.08,4.62,9.83
18.55,36.09,17.88,-1.66,13.97,20.7,37.23,11.58,9.43,-1.74,16.99,6.95,15.6
18.06,23.52,13.17,10.37,8.42,6.64,6.86,4.22,3.68,4.03,6.52,8.81,10.42
17.44,23.2,12.54,9.84,8.55,8.47,9.7,5.51,1.83,-0.12,2.53,6.9,10.43
17.34,36.72,24.06,4.41,8.08,9.73,20.51,-8.64,-18.71,-31.05,-5.61,-0.87,11.37
17.46,31.52,20.71,12.53,12.9,10.77,12.99,-1.36,-8.72,-16.5,-7.15,-1.92,6.59
18.06,40.45,28.17,6.68,6.44,5.73,22.32,2.8,-0.61,-12.65,8.79,8.55,15.8
18.31,36.26,21.24,5.27,13.45,16.46,25.06,1.4,-2.77,-12.34,5.47,6.28,16.41
17.44,23.93,12.81,8.17,5.87,3.83,5.25,2.5,3.13,3.09,6.11,6.38,7.41
16.51,27.62,18.5,16.2,15.92,10.41,2.82,-11.77,-15.63,-14.36,-4.77,-1.81,0.03
16.43,35.14,20.02,5.24,8.36,8.58,14.04,-5.61,-10.21,-18.5,-1.19,2.55,12.28
17.5,41.66,25.1,1.88,12.04,6.63,14.98,-15.88,-12.92,-22.98,8.7,8.15,26.62
18.24,28.96,16.89,9.58,8.24,6.72,7.04,-1.9,-6.08,-6.89,2.43,8.2,13.32
18.34,43.62,28.85,2.39,10.57,9.75,23.25,-11.04,-13.2,-26.96,6.17,7.32,24.77
17.59,31.61,17.28,8.71,14.97,10.03,5.26,-16.41,-17.13,-15.09,3.03,3.08,8.4
17.15,31.41,19.2,7.16,8.85,3.81,5.12,-14.57,-18.93,-23.18,-2.35,7.58,19.09
17.73,25.47,13.62,11.65,12.21,10.93,5.33,-4.29,-6.27,-2.77,2.17,1.46,-1.07
18.63,37.31,24.94,8.95,17.19,16.94,24.8,-3.83,-13.03,-25.14,-0.3,8.32,24.6
16.97,25.95,16.19,10.44,8.01,5.21,7.41,1.22,-2.79,-9.25,-7.67,-6.46,-1.55
17.36,39.98,26.99,6.98,8.89,2.12,12.25,-8.76,-8.92,-24.62,-5.96,-4.79,13.01
17.07,24.79,10.62,1.62,-4.19,-7.95,-7.8,-12.52,-13.76,-13.67,-7.46,-1.0,7.97
18.61,39.68,27.06,7.01,10.74,3.24,11.96,-14.18,-13.18,-27.07,-10.2,-17.86,-3.46
18.33,29.34,18.25,10.96,9.57,6.52,6.41,-7.12,-12.82,-17.63,-6.78,0.71,10.81
18.51,31.73,20.69,11.2,8.45,3.65,6.42,-3.7,-5.99,-9.61,-1.33,1.86,8.76
17.78,31.4,19.69,11.94,13.96,10.15,7.57,-10.36,-16.25,-20.29,-7.5,-5.06,1.7
18.24,26.22,15.71,11.22,9.65,5.77,3.63,-6.2,-10.88,-14.43,-10.47,-7.48,-1.62
17.54,29.53,17.8,9.77,5.36,1.33,1.74,-5.31,-10.36,-15.16,-9.51,-2.54,7.19
18.11,30.24,17.47,4.19,0.04,-3.21,4.81,-1.42,-1.6,-8.52,0.94,7.26,21.33
18.25,32.37,19.97,8.86,10.79,12.59,20.82,6.78,-1.5,-12.99,-3.1,1.45,12.26
