(0.7152980562124712, 0.5, 0.5)
(0.7152980562124712, 0.5, 0.5)
(0.7152980562124712, 0.5, 0.5)
(0.7152980562124712, 0.5, 0.5)
(0.7152980562124712, 0.5, 0.5)
(0.7152980562124712, 0.5, 0.5)
(0.7152980562124712, 0.5, 0.5)
(0.7152980562124712, 0.5, 0.5)
(0.7152980562124712, 0.5, 0.5)
(0.7152980562124712, 0.5, 0.5)
(0.7152980562124712, 0.5, 0.5)
(0.7152980562124712, 0.5, 0.5)
(0.7152980562124712, 0.5, 0.5)
(0.7152980562124712, 0.5, 0.5)
(0.7152980562124712, 0.5, 0.5)
(0.7152980562124712, 0.5, 0.5)
(0.7152980562124712, 0.5, 0.5)
(0.7152980562124712, 0.5, 0.5)
(0.7152980562124712, 0.5, 0.5)
(0.7152980562124712, 0.5, 0.5)
(0.7152980562124712, 0.5, 0.5)
(0.7152980562124712, 0.5, 0.5)
(0.7152980562124712, 0.5, 0.5)
(0.7152980562124712, 0.5, 0.5)
(0.7152980562124712, 0.5, 0.5)
(0.7152980562124712, 0.5, 0.5)
(0.7152980562124712, 0.5, 0.5)
(0.7152980562124712, 0.5, 0.5)
(0.7152980562124712, 0.5, 0.5)
(0.7152980562124712, 0.5, 0.5)
(0.7152980562124712, 0.5, 0.5)
(0.7152980562124712, 0.5, 0.5)
(0.7152980562124712, 0.5, 0.5)
(0.7152980562124712, 0.5, 0.5)
(0.7152980562124712, 0.5, 0.5)
(0.7152980562124712, 0.5, 0.5)
(0.7152980562124712, 0.5, 0.5)
(0.7152980562124712, 0.5, 0.5)
(0.7152980562124712, 0.5, 0.5)
(0.7152980562124712, 0.5, 0.5)
(0.7152980562124712, 0.5, 0.5)
(0.7152980562124712, 0.5, 0.5)
(0.7152980562124712, 0.5, 0.5)
(0.7152980562124712, 0.5, 0.5)
(0.7152980562124712, 0.5, 0.5)
(0.7152980562124712, 0.5, 0.5)
(0.7152980562124712, 0.5, 0.5)
(0.7152980562124712, 0.5, 0.5)
(0.7152980562124712, 0.5, 0.5)
(0.7152980562124712, 0.5, 0.5)
(0.7152980562124712, 0.5, 0.5)
(0.7152980562124712, 0.5, 0.5)
(0.7152980562124712, 0.5, 0.5)
(0.7152980562124712, 0.5, 0.5)
(0.7152980562124712, 0.5, 0.5)
(0.7152980562124712, 0.5, 0.5)
(0.7152980562124712, 0.5, 0.5)
(0.7152980562124712, 0.5, 0.5)
(0.7152980562124712, 0.5, 0.5)
(0.7152980562124712, 0.5, 0.5)
(0.7152980562124712, 0.5, 0.5)
(0.7152980562124712, 0.5, 0.5)
(0.7152980562124712, 0.5, 0.5)
(0.7152980562124712, 0.5, 0.5)
(0.7152980562124712, 0.5, 0.5)
(0.7152980562124712, 0.5, 0.5)
(0.7152980562124712, 0.5, 0.5)
(0.7152980562124712, 0.5, 0.5)
(0.7152980562124712, 0.5, 0.5)
(0.7152980562124712, 0.5, 0.5)
(0.7152980562124712, 0.5, 0.5)
(0.7152980562124712, 0.5, 0.5)
(0.7152980562124712, 0.5, 0.5)
(0.7152980562124712, 0.5, 0.5)
(0.7152980562124712, 0.5, 0.5)
(0.7152980562124712, 0.5, 0.5)
(0.7152980562124712, 0.5, 0.5)
(0.7152980562124712, 0.5, 0.5)
(0.7152980562124712, 0.5, 0.5)
(0.7152980562124712, 0.5, 0.5)
(0.7152980562124712, 0.5, 0.5)
(0.7152980562124712, 0.5, 0.5)
(0.7152980562124712, 0.5, 0.5)
(0.7152980562124712, 0.5, 0.5)
(0.7152980562124712, 0.5, 0.5)
(0.7152980562124712, 0.5, 0.5)
(0.7152980562124712, 0.5, 0.5)
(0.7152980562124712, 0.5, 0.5)
(0.7152980562124712, 0.5, 0.5)
(0.7152980562124712, 0.5, 0.5)
(0.7152980562124712, 0.5, 0.5)
(0.7152980562124712, 0.5, 0.5)
(0.7152980562124712, 0.5, 0.5)
(0.7152980562124712, 0.5, 0.5)
(0.7152980562124712, 0.5, 0.5)
(0.7152980562124712, 0.5, 0.5)
(0.7152980562124712, 0.5, 0.5)
(0.7152980562124712, 0.5, 0.5)
(0.7152980562124712, 0.5, 0.5)
(0.7152980562124712, 0.5, 0.5)
(0.7152980562124712, 0.5, 0.5)
(0.7152980562124712, 0.5, 0.5)
(0.7152980562124712, 0.5, 0.5)
(0.7152980562124712, 0.5, 0.5)
(0.7152980562124712, 0.5, 0.5)
(0.7152980562124712, 0.5, 0.5)
(0.7152980562124712, 0.5, 0.5)
(0.7152980562124712, 0.5, 0.5)
(0.7152980562124712, 0.5, 0.5)
(0.7152980562124712, 0.5, 0.5)
(0.7152980562124712, 0.5, 0.5)
(0.7152980562124712, 0.5, 0.5)
(0.7152980562124712, 0.5, 0.5)
(0.7152980562124712, 0.5, 0.5)
(0.7152980562124712, 0.5, 0.5)
(0.7152980562124712, 0.5, 0.5)
(0.7152980562124712, 0.5, 0.5)
(0.7152980562124712, 0.5, 0.5)
(0.7152980562124712, 0.5, 0.5)
(0.7152980562124712, 0.5, 0.5)
(0.7152980562124712, 0.5, 0.5)
(0.7152980562124712, 0.5, 0.5)
(0.7152980562124712, 0.5, 0.5)
(0.7152980562124712, 0.5, 0.5)
(0.7152980562124712, 0.5, 0.5)
(0.7152980562124712, 0.5, 0.5)
(0.7152980562124712, 0.5, 0.5)
(0.7119297796692728, 0.5, 0.5)
(0.7029569205809567, 0.5, 0.5)
(0.7029569205809567, 0.5, 0.5)
(0.7029569205809567, 0.5, 0.5)
(0.6972756491223793, 0.5, 0.5)
(0.6972756491223793, 0.5, 0.5)
(0.6972756491223793, 0.5, 0.5)
(0.6972756491223793, 0.5, 0.5)
(0.6972756491223793, 0.5, 0.5)
(0.6972756491223793, 0.5, 0.5)
(0.6972756491223793, 0.5, 0.5)
(0.6972756491223793, 0.5, 0.5)
(0.6972756491223793, 0.5, 0.5)
(0.6972756491223793, 0.5, 0.5)
(0.6972756491223793, 0.5, 0.5)
(0.6972756491223793, 0.5, 0.5)
(0.6972756491223793, 0.5, 0.5)
(0.6972756491223793, 0.5, 0.5)
(0.6972756491223793, 0.5, 0.5)
(0.6972756491223793, 0.5, 0.5)
(0.6972756491223793, 0.5, 0.5)
(0.6972756491223793, 0.5, 0.5)
(0.6972756491223793, 0.5, 0.5)
(0.6972756491223793, 0.5, 0.5)
(0.6972756491223793, 0.5, 0.5)
(0.6972756491223793, 0.5, 0.5)
(0.6972756491223793, 0.5, 0.5)
(0.6972756491223793, 0.5, 0.5)
(0.6972756491223793, 0.5, 0.5)
(0.6972756491223793, 0.5, 0.5)
(0.6972756491223793, 0.5, 0.5)
(0.6972756491223793, 0.5, 0.5)
(0.6972756491223793, 0.5, 0.5)
(0.6972756491223793, 0.5, 0.5)
(0.6972756491223793, 0.5, 0.5)
(0.6972756491223793, 0.5, 0.5)
(0.6972756491223793, 0.5, 0.5)
(0.6972756491223793, 0.5, 0.5)
(0.6972756491223793, 0.5, 0.5)
(0.6972756491223793, 0.5, 0.5)
(0.6972756491223793, 0.5, 0.5)
(0.6972756491223793, 0.5, 0.5)
(0.6972756491223793, 0.5, 0.5)
(0.6972756491223793, 0.5, 0.5)
(0.6972756491223793, 0.5, 0.5)
(0.6972756491223793, 0.5, 0.5)
(0.6972756491223793, 0.5, 0.5)
(0.6972756491223793, 0.5, 0.5)
(0.6972756491223793, 0.5, 0.5)
(0.6972756491223793, 0.5, 0.5)
(0.6972756491223793, 0.5, 0.5)
(0.6972756491223793, 0.5, 0.5)
(0.6972756491223793, 0.5, 0.5)
(0.6972756491223793, 0.5, 0.5)
(0.6972756491223793, 0.5, 0.5)
(0.6972756491223793, 0.5, 0.5)
(0.6972756491223793, 0.5, 0.5)
(0.6972756491223793, 0.5, 0.5)
(0.6972756491223793, 0.5, 0.5)
(0.6972756491223793, 0.5, 0.5)
(0.6972756491223793, 0.5, 0.5)
(0.6972756491223793, 0.5, 0.5)
(0.6972756491223793, 0.5, 0.5)
(0.6972756491223793, 0.5, 0.5)
(0.6972756491223793, 0.5, 0.5)
(0.6972756491223793, 0.5, 0.5)
(0.6972756491223793, 0.5, 0.5)
(0.6972756491223793, 0.5, 0.5)
(0.6972756491223793, 0.5, 0.5)
(0.6972756491223793, 0.5, 0.5)
(0.6972756491223793, 0.5, 0.5)
(0.6972756491223793, 0.5, 0.5)
(0.6972756491223793, 0.5, 0.5)
(0.6972756491223793, 0.5, 0.5)
(0.6972756491223793, 0.5, 0.5)
(0.6972756491223793, 0.5, 0.5)
(0.6972756491223793, 0.5, 0.5)
(0.6972756491223793, 0.5, 0.5)
(0.6972756491223793, 0.5, 0.5)
(0.6972756491223793, 0.5, 0.5)
(0.6972756491223793, 0.5, 0.5)
(0.6972756491223793, 0.5, 0.5)
(0.6972756491223793, 0.5, 0.5)
(0.6972756491223793, 0.5, 0.5)
(0.6972756491223793, 0.5, 0.5)
(0.6972756491223793, 0.5, 0.5)
(0.6972756491223793, 0.5, 0.5)
(0.6972756491223793, 0.5, 0.5)
(0.6972756491223793, 0.5, 0.5)
(0.6972756491223793, 0.5, 0.5)
(0.6972756491223793, 0.5, 0.5)
(0.6972756491223793, 0.5, 0.5)
(0.6972756491223793, 0.5, 0.5)
(0.6972756491223793, 0.5, 0.5)
(0.6972756491223793, 0.5, 0.5)
(0.6972756491223793, 0.5, 0.5)
(0.6972756491223793, 0.5, 0.5)
(0.6972756491223793, 0.5, 0.5)
(0.6972756491223793, 0.5, 0.5)
(0.6972756491223793, 0.5, 0.5)
(0.6972756491223793, 0.5, 0.5)
(0.6972756491223793, 0.5, 0.5)
(0.6972756491223793, 0.5, 0.5)
(0.6972756491223793, 0.5, 0.5)
(0.6972756491223793, 0.5, 0.5)
(0.6972756491223793, 0.5, 0.5)
(0.6972756491223793, 0.5, 0.5)
(0.6972756491223793, 0.5, 0.5)
(0.6972756491223793, 0.5, 0.5)
(0.6972756491223793, 0.5, 0.5)
(0.6972756491223793, 0.5, 0.5)
(0.6972756491223793, 0.5, 0.5)
(0.6972756491223793, 0.5, 0.5)
(0.6972756491223793, 0.5, 0.5)
(0.6972756491223793, 0.5, 0.5)
(0.6972756491223793, 0.5, 0.5)
(0.6972756491223793, 0.5, 0.5)
(0.6972756491223793, 0.5, 0.5)
(0.6972756491223793, 0.5, 0.5)
(0.6972756491223793, 0.5, 0.5)
(0.6972756491223793, 0.5, 0.5)
(0.6972756491223793, 0.5, 0.5)
(0.6972756491223793, 0.5, 0.5)
(0.6972756491223793, 0.5, 0.5)
(0.6972756491223793, 0.5, 0.5)
(0.6972756491223793, 0.5, 0.5)
(0.6972756491223793, 0.5, 0.5)
(0.6972756491223793, 0.5, 0.5)
(0.6972756491223793, 0.5, 0.5)
(0.6972756491223793, 0.5, 0.5)
(0.6972756491223793, 0.5, 0.5)
(0.6972756491223793, 0.5, 0.5)
(0.6972756491223793, 0.5, 0.5)
(0.6972756491223793, 0.5, 0.5)
(0.6972756491223793, 0.5, 0.5)
(0.6972756491223793, 0.5, 0.5)
(0.6972756491223793, 0.5, 0.5)
(0.6972756491223793, 0.5, 0.5)
(0.6972756491223793, 0.5, 0.5)
(0.6972756491223793, 0.5, 0.5)
(0.6972756491223793, 0.5, 0.5)
(0.6972756491223793, 0.5, 0.5)
(0.6972756491223793, 0.5, 0.5)
(0.6972756491223793, 0.5, 0.5)
(0.6972756491223793, 0.5, 0.5)
(0.6972756491223793, 0.5, 0.5)
(0.6972756491223793, 0.5, 0.5)
(0.6972756491223793, 0.5, 0.5)
(0.6972756491223793, 0.5, 0.5)
(0.6972756491223793, 0.5, 0.5)
(0.6972756491223793, 0.5, 0.5)
(0.6972756491223793, 0.5, 0.5)
(0.6972756491223793, 0.5, 0.5)
(0.6972756491223793, 0.5, 0.5)
(0.6972756491223793, 0.5, 0.5)
(0.6972756491223793, 0.5, 0.5)
(0.6972756491223793, 0.5, 0.5)
(0.6972756491223793, 0.5, 0.5)
(0.6972756491223793, 0.5, 0.5)
(0.6972756491223793, 0.5, 0.5)
(0.6972756491223793, 0.5, 0.5)
(0.6972756491223793, 0.5, 0.5)
(0.6972756491223793, 0.5, 0.5)
(0.6972756491223793, 0.5, 0.5)
(0.6972756491223793, 0.5, 0.5)
(0.6972756491223793, 0.5, 0.5)
(0.6972756491223793, 0.5, 0.5)
(0.6972756491223793, 0.5, 0.5)
(0.6972756491223793, 0.5, 0.5)
(0.6972756491223793, 0.5, 0.5)
(0.6972756491223793, 0.5, 0.5)
(0.6972756491223793, 0.5, 0.5)
(0.6972756491223793, 0.5, 0.5)
(0.6972756491223793, 0.5, 0.5)
(0.6972756491223793, 0.5, 0.5)
(0.6972756491223793, 0.5, 0.5)
(0.6972756491223793, 0.5, 0.5)
(0.6972756491223793, 0.5, 0.5)
(0.6972756491223793, 0.5, 0.5)
(0.6972756491223793, 0.5, 0.5)
(0.6972756491223793, 0.5, 0.5)
(0.6972756491223793, 0.5, 0.5)
(0.6972756491223793, 0.5, 0.5)
(0.6972756491223793, 0.5, 0.5)
(0.6972756491223793, 0.5, 0.5)
(0.6972756491223793, 0.5, 0.5)
(0.6972756491223793, 0.5, 0.5)
(0.6972756491223793, 0.5, 0.5)
(0.6972756491223793, 0.5, 0.5)
(0.6972756491223793, 0.5, 0.5)
(0.6972756491223793, 0.5, 0.5)
(0.6972756491223793, 0.5, 0.5)
(0.6972756491223793, 0.5, 0.5)
(0.6972756491223793, 0.5, 0.5)
(0.6972756491223793, 0.5, 0.5)
(0.6972756491223793, 0.5, 0.5)
(0.6972756491223793, 0.5, 0.5)
(0.6972756491223793, 0.5, 0.5)
(0.6972756491223793, 0.5, 0.5)
(0.6972756491223793, 0.5, 0.5)
(0.6972756491223793, 0.5, 0.5)
(0.6972756491223793, 0.5, 0.5)
(0.6972756491223793, 0.5, 0.5)
(0.6972756491223793, 0.5, 0.5)
(0.6972756491223793, 0.5, 0.5)
(0.6972756491223793, 0.5, 0.5)
(0.6972756491223793, 0.5, 0.5)
(0.6972756491223793, 0.5, 0.5)
(0.6972756491223793, 0.5, 0.5)
(0.6972756491223793, 0.5, 0.5)
(0.6972756491223793, 0.5, 0.5)
(0.6972756491223793, 0.5, 0.5)
(0.6972756491223793, 0.5, 0.5)
(0.6972756491223793, 0.5, 0.5)
(0.6972756491223793, 0.5, 0.5)
(0.6972756491223793, 0.5, 0.5)
(0.6972756491223793, 0.5, 0.5)
(0.6972756491223793, 0.5, 0.5)
(0.6972756491223793, 0.5, 0.5)
(0.6972756491223793, 0.5, 0.5)
(0.6972756491223793, 0.5, 0.5)
(0.6972756491223793, 0.5, 0.5)
(0.6972756491223793, 0.5, 0.5)
(0.6972756491223793, 0.5, 0.5)
(0.6972756491223793, 0.5, 0.5)
(0.6972756491223793, 0.5, 0.5)
(0.6972756491223793, 0.5, 0.5)
(0.6972756491223793, 0.5, 0.5)
(0.6972756491223793, 0.5, 0.5)
(0.6972756491223793, 0.5, 0.5)
(0.6972756491223793, 0.5, 0.5)
(0.6972756491223793, 0.5, 0.5)
(0.6972756491223793, 0.5, 0.5)
(0.6972756491223793, 0.5, 0.5)
(0.6972756491223793, 0.5, 0.5)
(0.6972756491223793, 0.5, 0.5)
(0.6972756491223793, 0.5, 0.5)
(0.6972756491223793, 0.5, 0.5)
(0.6972756491223793, 0.5, 0.5)
(0.6972756491223793, 0.5, 0.5)
(0.6972756491223793, 0.5, 0.5)
(0.6972756491223793, 0.5, 0.5)
(0.6972756491223793, 0.5, 0.5)
(0.6972756491223793, 0.5, 0.5)
(0.6972756491223793, 0.5, 0.5)
(0.6972756491223793, 0.5, 0.5)
(0.6972756491223793, 0.5, 0.5)
(0.6972756491223793, 0.5, 0.5)
(0.6972756491223793, 0.5, 0.5)
(0.6972756491223793, 0.5, 0.5)
(0.6972756491223793, 0.5, 0.5)
(0.6972756491223793, 0.5, 0.5)
(0.6972756491223793, 0.5, 0.5)
(0.6972756491223793, 0.5, 0.5)
(0.6972756491223793, 0.5, 0.5)
(0.6972756491223793, 0.5, 0.5)
(0.6972756491223793, 0.5, 0.5)
(0.6972756491223793, 0.5, 0.5)
(0.6972756491223793, 0.5, 0.5)
(0.6972756491223793, 0.5, 0.5)
(0.6972756491223793, 0.5, 0.5)
(0.6972756491223793, 0.5, 0.5)
(0.6972756491223793, 0.5, 0.5)
(0.6972756491223793, 0.5, 0.5)
(0.6972756491223793, 0.5, 0.5)
(0.6972756491223793, 0.5, 0.5)
(0.6972756491223793, 0.5, 0.5)
(0.6972756491223793, 0.5, 0.5)
(0.6972756491223793, 0.5, 0.5)
(0.6972756491223793, 0.5, 0.5)
(0.6972756491223793, 0.5, 0.5)
(0.6972756491223793, 0.5, 0.5)
(0.6972756491223793, 0.5, 0.5)
(0.6972756491223793, 0.5, 0.5)
(0.6972756491223793, 0.5, 0.5)
(0.6972756491223793, 0.5, 0.5)
(0.6972756491223793, 0.5, 0.5)
(0.6972756491223793, 0.5, 0.5)
(0.6972756491223793, 0.5, 0.5)
(0.6972756491223793, 0.5, 0.5)
(0.6972756491223793, 0.5, 0.5)
(0.6972756491223793, 0.5, 0.5)
(0.6972756491223793, 0.5, 0.5)
(0.6972756491223793, 0.5, 0.5)
(0.6972756491223793, 0.5, 0.5)
(0.6972756491223793, 0.5, 0.5)
(0.6972756491223793, 0.5, 0.5)
(0.6972756491223793, 0.5, 0.5)
(0.6972756491223793, 0.5, 0.5)
(0.6972756491223793, 0.5, 0.5)
(0.6972756491223793, 0.5, 0.5)
(0.6972756491223793, 0.5, 0.5)
(0.6972756491223793, 0.5, 0.5)
(0.6972756491223793, 0.5, 0.5)
(0.6972756491223793, 0.5, 0.5)
(0.6972756491223793, 0.5, 0.5)
(0.6972756491223793, 0.5, 0.5)
(0.6972756491223793, 0.5, 0.5)
(0.6972756491223793, 0.5, 0.5)
(0.6972756491223793, 0.5, 0.5)
(0.6972756491223793, 0.5, 0.5)
(0.6972756491223793, 0.5, 0.5)
(0.6972756491223793, 0.5, 0.5)
(0.6972756491223793, 0.5, 0.5)
(0.6972756491223793, 0.5, 0.5)
(0.6972756491223793, 0.5, 0.5)
(0.6972756491223793, 0.5, 0.5)
(0.6972756491223793, 0.5, 0.5)
(0.6972756491223793, 0.5, 0.5)
(0.6972756491223793, 0.5, 0.5)
(0.6972756491223793, 0.5, 0.5)
(0.6972756491223793, 0.5, 0.5)
(0.6972756491223793, 0.5, 0.5)
(0.6972756491223793, 0.5, 0.5)
(0.6972756491223793, 0.5, 0.5)
(0.6972756491223793, 0.5, 0.5)
(0.6972756491223793, 0.5, 0.5)
(0.6972756491223793, 0.5, 0.5)
(0.6972756491223793, 0.5, 0.5)
(0.6972756491223793, 0.5, 0.5)
(0.6972756491223793, 0.5, 0.5)
(0.6972756491223793, 0.5, 0.5)
(0.6972756491223793, 0.5, 0.5)
(0.6972756491223793, 0.5, 0.5)
(0.6972756491223793, 0.5, 0.5)
(0.6972756491223793, 0.5, 0.5)
(0.6972756491223793, 0.5, 0.5)
(0.6972756491223793, 0.5, 0.5)
(0.6972756491223793, 0.5, 0.5)
(0.6972756491223793, 0.5, 0.5)
(0.6972756491223793, 0.5, 0.5)
(0.6972756491223793, 0.5, 0.5)
(0.6972756491223793, 0.5, 0.5)
(0.6972756491223793, 0.5, 0.5)
(0.6972756491223793, 0.5, 0.5)
(0.6972756491223793, 0.5, 0.5)
(0.6972756491223793, 0.5, 0.5)
(0.6972756491223793, 0.5, 0.5)
(0.6972756491223793, 0.5, 0.5)
(0.6972756491223793, 0.5, 0.5)
(0.6972756491223793, 0.5, 0.5)
(0.6972756491223793, 0.5, 0.5)
(0.6972756491223793, 0.5, 0.5)
(0.6972756491223793, 0.5, 0.5)
(0.6972756491223793, 0.5, 0.5)
(0.6972756491223793, 0.5, 0.5)
(0.6972756491223793, 0.5, 0.5)
(0.6972756491223793, 0.5, 0.5)
(0.6972756491223793, 0.5, 0.5)
(0.6972756491223793, 0.5, 0.5)
(0.6972756491223793, 0.5, 0.5)
(0.6972756491223793, 0.5, 0.5)
(0.6972756491223793, 0.5, 0.5)
(0.6972756491223793, 0.5, 0.5)
(0.6972756491223793, 0.5, 0.5)
(0.6972756491223793, 0.5, 0.5)
(0.6972756491223793, 0.5, 0.5)
(0.6972756491223793, 0.5, 0.5)
(0.6972756491223793, 0.5, 0.5)
(0.6972756491223793, 0.5, 0.5)
(0.6972756491223793, 0.5, 0.5)
(0.6972756491223793, 0.5, 0.5)
(0.6972756491223793, 0.5, 0.5)
(0.6972756491223793, 0.5, 0.5)
(0.6972756491223793, 0.5, 0.5)
(0.6972756491223793, 0.5, 0.5)
(0.6972756491223793, 0.5, 0.5)
(0.6972756491223793, 0.5, 0.5)
(0.6972756491223793, 0.5, 0.5)
(0.6972756491223793, 0.5, 0.5)
(0.6972756491223793, 0.5, 0.5)
(0.6972756491223793, 0.5, 0.5)
(0.6972756491223793, 0.5, 0.5)
(0.6972756491223793, 0.5, 0.5)
(0.6972756491223793, 0.5, 0.5)
(0.6972756491223793, 0.5, 0.5)
(0.6972756491223793, 0.5, 0.5)
(0.6972756491223793, 0.5, 0.5)
(0.6972756491223793, 0.5, 0.5)
(0.6972756491223793, 0.5, 0.5)
(0.6972756491223793, 0.5, 0.5)
(0.6972756491223793, 0.5, 0.5)
(0.6972756491223793, 0.5, 0.5)
(0.6972756491223793, 0.5, 0.5)
(0.6972756491223793, 0.5, 0.5)
(0.6972756491223793, 0.5, 0.5)
(0.6972756491223793, 0.5, 0.5)
(0.6972756491223793, 0.5, 0.5)
(0.6972756491223793, 0.5, 0.5)
(0.6972756491223793, 0.5, 0.5)
(0.678222844509063, 0.5, 0.5)
(0.678222844509063, 0.5, 0.5)
(0.678222844509063, 0.5, 0.5)
(0.678222844509063, 0.5, 0.5)
(0.678222844509063, 0.5, 0.5)
(0.678222844509063, 0.5, 0.5)
(0.678222844509063, 0.5, 0.5)
(0.678222844509063, 0.5, 0.5)
(0.678222844509063, 0.5, 0.5)
(0.678222844509063, 0.5, 0.5)
(0.678222844509063, 0.5, 0.5)
(0.678222844509063, 0.5, 0.5)
(0.678222844509063, 0.5, 0.5)
(0.678222844509063, 0.5, 0.5)
(0.678222844509063, 0.5, 0.5)
(0.678222844509063, 0.5, 0.5)
(0.678222844509063, 0.5, 0.5)
(0.678222844509063, 0.5, 0.5)
(0.678222844509063, 0.5, 0.5)
(0.678222844509063, 0.5, 0.5)
(0.678222844509063, 0.5, 0.5)
(0.678222844509063, 0.5, 0.5)
(0.678222844509063, 0.5, 0.5)
(0.678222844509063, 0.5, 0.5)
(0.678222844509063, 0.5, 0.5)
(0.678222844509063, 0.5, 0.5)
(0.678222844509063, 0.5, 0.5)
(0.678222844509063, 0.5, 0.5)
(0.678222844509063, 0.5, 0.5)
(0.678222844509063, 0.5, 0.5)
(0.678222844509063, 0.5, 0.5)
(0.678222844509063, 0.5, 0.5)
(0.678222844509063, 0.5, 0.5)
(0.678222844509063, 0.5, 0.5)
(0.678222844509063, 0.5, 0.5)
(0.678222844509063, 0.5, 0.5)
(0.678222844509063, 0.5, 0.5)
(0.678222844509063, 0.5, 0.5)
(0.678222844509063, 0.5, 0.5)
(0.678222844509063, 0.5, 0.5)
(0.678222844509063, 0.5, 0.5)
(0.678222844509063, 0.5, 0.5)
(0.678222844509063, 0.5, 0.5)
(0.678222844509063, 0.5, 0.5)
(0.678222844509063, 0.5, 0.5)
(0.678222844509063, 0.5, 0.5)
(0.678222844509063, 0.5, 0.5)
(0.678222844509063, 0.5, 0.5)
(0.678222844509063, 0.5, 0.5)
(0.678222844509063, 0.5, 0.5)
(0.678222844509063, 0.5, 0.5)
(0.678222844509063, 0.5, 0.5)
(0.678222844509063, 0.5, 0.5)
(0.678222844509063, 0.5, 0.5)
(0.678222844509063, 0.5, 0.5)
(0.678222844509063, 0.5, 0.5)
(0.678222844509063, 0.5, 0.5)
(0.678222844509063, 0.5, 0.5)
(0.678222844509063, 0.5, 0.5)
(0.678222844509063, 0.5, 0.5)
(0.678222844509063, 0.5, 0.5)
(0.678222844509063, 0.5, 0.5)
(0.678222844509063, 0.5, 0.5)
(0.678222844509063, 0.5, 0.5)
(0.678222844509063, 0.5, 0.5)
(0.678222844509063, 0.5, 0.5)
(0.678222844509063, 0.5, 0.5)
(0.678222844509063, 0.5, 0.5)
(0.678222844509063, 0.5, 0.5)
(0.678222844509063, 0.5, 0.5)
(0.678222844509063, 0.5, 0.5)
(0.678222844509063, 0.5, 0.5)
(0.678222844509063, 0.5, 0.5)
(0.678222844509063, 0.5, 0.5)
(0.678222844509063, 0.5, 0.5)
(0.678222844509063, 0.5, 0.5)
(0.678222844509063, 0.5, 0.5)
(0.678222844509063, 0.5, 0.5)
(0.678222844509063, 0.5, 0.5)
(0.678222844509063, 0.5, 0.5)
(0.678222844509063, 0.5, 0.5)
(0.678222844509063, 0.5, 0.5)
(0.678222844509063, 0.5, 0.5)
(0.678222844509063, 0.5, 0.5)
(0.678222844509063, 0.5, 0.5)
(0.678222844509063, 0.5, 0.5)
(0.678222844509063, 0.5, 0.5)
(0.678222844509063, 0.5, 0.5)
(0.678222844509063, 0.5, 0.5)
(0.678222844509063, 0.5, 0.5)
(0.678222844509063, 0.5, 0.5)
(0.678222844509063, 0.5, 0.5)
(0.678222844509063, 0.5, 0.5)
(0.678222844509063, 0.5, 0.5)
(0.678222844509063, 0.5, 0.5)
(0.678222844509063, 0.5, 0.5)
(0.678222844509063, 0.5, 0.5)
(0.678222844509063, 0.5, 0.5)
(0.678222844509063, 0.5, 0.5)
(0.678222844509063, 0.5, 0.5)
(0.678222844509063, 0.5, 0.5)
(0.678222844509063, 0.5, 0.5)
(0.678222844509063, 0.5, 0.5)
(0.678222844509063, 0.5, 0.5)
(0.678222844509063, 0.5, 0.5)
(0.678222844509063, 0.5, 0.5)
(0.678222844509063, 0.5, 0.5)
(0.678222844509063, 0.5, 0.5)
(0.678222844509063, 0.5, 0.5)
(0.678222844509063, 0.5, 0.5)
(0.678222844509063, 0.5, 0.5)
(0.678222844509063, 0.5, 0.5)
(0.678222844509063, 0.5, 0.5)
(0.678222844509063, 0.5, 0.5)
(0.678222844509063, 0.5, 0.5)
(0.678222844509063, 0.5, 0.5)
(0.678222844509063, 0.5, 0.5)
(0.678222844509063, 0.5, 0.5)
(0.678222844509063, 0.5, 0.5)
(0.678222844509063, 0.5, 0.5)
(0.678222844509063, 0.5, 0.5)
(0.678222844509063, 0.5, 0.5)
(0.678222844509063, 0.5, 0.5)
(0.678222844509063, 0.5, 0.5)
(0.678222844509063, 0.5, 0.5)
(0.678222844509063, 0.5, 0.5)
(0.678222844509063, 0.5, 0.5)
(0.678222844509063, 0.5, 0.5)
(0.678222844509063, 0.5, 0.5)
(0.678222844509063, 0.5, 0.5)
(0.678222844509063, 0.5, 0.5)
(0.678222844509063, 0.5, 0.5)
(0.678222844509063, 0.5, 0.5)
(0.678222844509063, 0.5, 0.5)
(0.678222844509063, 0.5, 0.5)
(0.678222844509063, 0.5, 0.5)
(0.678222844509063, 0.5, 0.5)
(0.678222844509063, 0.5, 0.5)
(0.678222844509063, 0.5, 0.5)
(0.678222844509063, 0.5, 0.5)
(0.678222844509063, 0.5, 0.5)
(0.678222844509063, 0.5, 0.5)
(0.678222844509063, 0.5, 0.5)
(0.678222844509063, 0.5, 0.5)
(0.678222844509063, 0.5, 0.5)
(0.678222844509063, 0.5, 0.5)
(0.678222844509063, 0.5, 0.5)
(0.678222844509063, 0.5, 0.5)
(0.678222844509063, 0.5, 0.5)
(0.678222844509063, 0.5, 0.5)
(0.678222844509063, 0.5, 0.5)
(0.678222844509063, 0.5, 0.5)
(0.678222844509063, 0.5, 0.5)
(0.678222844509063, 0.5, 0.5)
(0.678222844509063, 0.5, 0.5)
(0.678222844509063, 0.5, 0.5)
(0.678222844509063, 0.5, 0.5)
(0.678222844509063, 0.5, 0.5)
(0.678222844509063, 0.5, 0.5)
(0.678222844509063, 0.5, 0.5)
(0.678222844509063, 0.5, 0.5)
(0.678222844509063, 0.5, 0.5)
(0.678222844509063, 0.5, 0.5)
(0.678222844509063, 0.5, 0.5)
(0.678222844509063, 0.5, 0.5)
(0.678222844509063, 0.5, 0.5)
(0.678222844509063, 0.5, 0.5)
(0.678222844509063, 0.5, 0.5)
(0.678222844509063, 0.5, 0.5)
(0.678222844509063, 0.5, 0.5)
(0.678222844509063, 0.5, 0.5)
(0.678222844509063, 0.5, 0.5)
(0.678222844509063, 0.5, 0.5)
(0.678222844509063, 0.5, 0.5)
(0.678222844509063, 0.5, 0.5)
(0.678222844509063, 0.5, 0.5)
(0.678222844509063, 0.5, 0.5)
(0.678222844509063, 0.5, 0.5)
(0.678222844509063, 0.5, 0.5)
(0.678222844509063, 0.5, 0.5)
(0.678222844509063, 0.5, 0.5)
(0.678222844509063, 0.5, 0.5)
(0.678222844509063, 0.5, 0.5)
(0.678222844509063, 0.5, 0.5)
(0.678222844509063, 0.5, 0.5)
(0.678222844509063, 0.5, 0.5)
(0.678222844509063, 0.5, 0.5)
(0.678222844509063, 0.5, 0.5)
(0.678222844509063, 0.5, 0.5)
(0.678222844509063, 0.5, 0.5)
(0.678222844509063, 0.5, 0.5)
(0.678222844509063, 0.5, 0.5)
(0.678222844509063, 0.5, 0.5)
(0.678222844509063, 0.5, 0.5)
(0.678222844509063, 0.5, 0.5)
(0.678222844509063, 0.5, 0.5)
(0.678222844509063, 0.5, 0.5)
(0.678222844509063, 0.5, 0.5)
(0.678222844509063, 0.5, 0.5)
(0.678222844509063, 0.5, 0.5)
(0.678222844509063, 0.5, 0.5)
(0.678222844509063, 0.5, 0.5)
(0.678222844509063, 0.5, 0.5)
(0.6744835968115237, 0.5, 0.5)
(0.6644217475453168, 0.5, 0.5)
(0.6644217475453168, 0.5, 0.5)
(0.6644217475453168, 0.5, 0.5)
(0.6619333662158754, 0.5, 0.5)
(0.6720636626407881, 0.5, 0.5)
(0.6720636626407881, 0.5, 0.5)
(0.6720636626407881, 0.5, 0.5)
(0.6720636626407881, 0.5, 0.5)
(0.6745086994274007, 0.5, 0.5)
(0.6644507459795729, 0.5, 0.5)
(0.6644507459795729, 0.5, 0.5)
(0.6644507459795729, 0.5, 0.5)
(0.6580146372369181, 0.5, 0.5)
(0.6580146372369181, 0.5, 0.5)
(0.6580146372369181, 0.5, 0.5)
(0.6580146372369181, 0.5, 0.5)
(0.6618934607041723, 0.5, 0.5)
(0.6720338008969468, 0.5, 0.5)
(0.6720338008969468, 0.5, 0.5)
(0.674522618072683, 0.5, 0.5)
(0.6644373608283324, 0.5, 0.5)
(0.6644373608283324, 0.5, 0.5)
(0.6644373608283324, 0.5, 0.5)
(0.6644373608283324, 0.5, 0.5)
(0.6644373608283324, 0.5, 0.5)
(0.6619405931737627, 0.5, 0.5)
(0.6720886685447497, 0.5, 0.5)
(0.6720886685447497, 0.5, 0.5)
(0.678222844509063, 0.5, 0.5)
(0.678222844509063, 0.5, 0.5)
(0.678222844509063, 0.5, 0.5)
(0.6745171656811663, 0.5, 0.5)
(0.6646119182116857, 0.5, 0.5)
(0.6646119182116857, 0.5, 0.5)
(0.6646119182116857, 0.5, 0.5)
(0.6646119182116857, 0.5, 0.5)
(0.661699218618912, 0.5, 0.5)
(0.6719990620308591, 0.5, 0.5)
(0.6719990620308591, 0.5, 0.5)
(0.6719990620308591, 0.5, 0.5)
(0.678222844509063, 0.5, 0.5)
(0.678222844509063, 0.5, 0.5)
(0.678222844509063, 0.5, 0.5)
(0.678222844509063, 0.5, 0.5)
(0.678222844509063, 0.5, 0.5)
(0.678222844509063, 0.5, 0.5)
(0.6745196043982143, 0.5, 0.5)
(0.6644588585500922, 0.5, 0.5)
(0.6644588585500922, 0.5, 0.5)
(0.6644588585500922, 0.5, 0.5)
(0.6644588585500922, 0.5, 0.5)
(0.6580146372369181, 0.5, 0.5)
(0.6580146372369181, 0.5, 0.5)
(0.6580146372369181, 0.5, 0.5)
(0.6580146372369181, 0.5, 0.5)
(0.6580146372369181, 0.5, 0.5)
(0.6580146372369181, 0.5, 0.5)
(0.6580146372369181, 0.5, 0.5)
(0.6580146372369181, 0.5, 0.5)
(0.6580146372369181, 0.5, 0.5)
(0.6580146372369181, 0.5, 0.5)
(0.6580146372369181, 0.5, 0.5)
(0.6580146372369181, 0.5, 0.5)
(0.6580146372369181, 0.5, 0.5)
(0.6580146372369181, 0.5, 0.5)
(0.6580146372369181, 0.5, 0.5)
(0.6580146372369181, 0.5, 0.5)
(0.6580146372369181, 0.5, 0.5)
(0.6580146372369181, 0.5, 0.5)
(0.6580146372369181, 0.5, 0.5)
(0.6580146372369181, 0.5, 0.5)
(0.6580146372369181, 0.5, 0.5)
(0.6580146372369181, 0.5, 0.5)
(0.6580146372369181, 0.5, 0.5)
(0.6580146372369181, 0.5, 0.5)
(0.6580146372369181, 0.5, 0.5)
(0.6580146372369181, 0.5, 0.5)
(0.6580146372369181, 0.5, 0.5)
(0.6580146372369181, 0.5, 0.5)
(0.6580146372369181, 0.5, 0.5)
(0.6580146372369181, 0.5, 0.5)
(0.6580146372369181, 0.5, 0.5)
(0.6580146372369181, 0.5, 0.5)
(0.6580146372369181, 0.5, 0.5)
(0.6580146372369181, 0.5, 0.5)
(0.6580146372369181, 0.5, 0.5)
(0.6580146372369181, 0.5, 0.5)
(0.6580146372369181, 0.5, 0.5)
(0.6580146372369181, 0.5, 0.5)
(0.6580146372369181, 0.5, 0.5)
(0.6580146372369181, 0.5, 0.5)
(0.6580146372369181, 0.5, 0.5)
(0.6580146372369181, 0.5, 0.5)
(0.6580146372369181, 0.5, 0.5)
(0.6580146372369181, 0.5, 0.5)
(0.6580146372369181, 0.5, 0.5)
(0.6580146372369181, 0.5, 0.5)
(0.6580146372369181, 0.5, 0.5)
(0.6580146372369181, 0.5, 0.5)
(0.6580146372369181, 0.5, 0.5)
(0.6580146372369181, 0.5, 0.5)
(0.6580146372369181, 0.5, 0.5)
(0.6580146372369181, 0.5, 0.5)
(0.6580146372369181, 0.5, 0.5)
(0.6580146372369181, 0.5, 0.5)
(0.6580146372369181, 0.5, 0.5)
(0.6580146372369181, 0.5, 0.5)
(0.6580146372369181, 0.5, 0.5)
(0.6580146372369181, 0.5, 0.5)
(0.6580146372369181, 0.5, 0.5)
(0.6580146372369181, 0.5, 0.5)
(0.6580146372369181, 0.5, 0.5)
(0.6580146372369181, 0.5, 0.5)
(0.6580146372369181, 0.5, 0.5)
(0.6580146372369181, 0.5, 0.5)
(0.6580146372369181, 0.5, 0.5)
(0.6580146372369181, 0.5, 0.5)
(0.6580146372369181, 0.5, 0.5)
(0.6580146372369181, 0.5, 0.5)
(0.6580146372369181, 0.5, 0.5)
(0.6580146372369181, 0.5, 0.5)
(0.6580146372369181, 0.5, 0.5)
(0.6580146372369181, 0.5, 0.5)
(0.6580146372369181, 0.5, 0.5)
(0.6580146372369181, 0.5, 0.5)
(0.6580146372369181, 0.5, 0.5)
(0.6580146372369181, 0.5, 0.5)
(0.6580146372369181, 0.5, 0.5)
(0.6580146372369181, 0.5, 0.5)
(0.6580146372369181, 0.5, 0.5)
(0.6580146372369181, 0.5, 0.5)
(0.6580146372369181, 0.5, 0.5)
(0.6580146372369181, 0.5, 0.5)
(0.6580146372369181, 0.5, 0.5)
(0.6580146372369181, 0.5, 0.5)
(0.6580146372369181, 0.5, 0.5)
(0.6580146372369181, 0.5, 0.5)
(0.6580146372369181, 0.5, 0.5)
(0.6580146372369181, 0.5, 0.5)
(0.6580146372369181, 0.5, 0.5)
(0.6580146372369181, 0.5, 0.5)
(0.6580146372369181, 0.5, 0.5)
(0.6580146372369181, 0.5, 0.5)
(0.6580146372369181, 0.5, 0.5)
(0.6580146372369181, 0.5, 0.5)
(0.6580146372369181, 0.5, 0.5)
(0.6580146372369181, 0.5, 0.5)
(0.6580146372369181, 0.5, 0.5)
(0.6580146372369181, 0.5, 0.5)
(0.6580146372369181, 0.5, 0.5)
(0.6580146372369181, 0.5, 0.5)
(0.6580146372369181, 0.5, 0.5)
(0.6580146372369181, 0.5, 0.5)
(0.6580146372369181, 0.5, 0.5)
(0.6580146372369181, 0.5, 0.5)
(0.6580146372369181, 0.5, 0.5)
(0.6580146372369181, 0.5, 0.5)
(0.6580146372369181, 0.5, 0.5)
(0.6580146372369181, 0.5, 0.5)
(0.6580146372369181, 0.5, 0.5)
(0.6580146372369181, 0.5, 0.5)
(0.6580146372369181, 0.5, 0.5)
(0.6580146372369181, 0.5, 0.5)
(0.6580146372369181, 0.5, 0.5)
(0.6580146372369181, 0.5, 0.5)
(0.6580146372369181, 0.5, 0.5)
(0.6580146372369181, 0.5, 0.5)
(0.6580146372369181, 0.5, 0.5)
(0.6580146372369181, 0.5, 0.5)
(0.6580146372369181, 0.5, 0.5)
(0.6580146372369181, 0.5, 0.5)
(0.6580146372369181, 0.5, 0.5)
(0.6580146372369181, 0.5, 0.5)
(0.6580146372369181, 0.5, 0.5)
(0.6580146372369181, 0.5, 0.5)
(0.6580146372369181, 0.5, 0.5)
(0.6580146372369181, 0.5, 0.5)
(0.6580146372369181, 0.5, 0.5)
(0.6580146372369181, 0.5, 0.5)
(0.6580146372369181, 0.5, 0.5)
(0.6580146372369181, 0.5, 0.5)
(0.6580146372369181, 0.5, 0.5)
(0.6580146372369181, 0.5, 0.5)
(0.6580146372369181, 0.5, 0.5)
(0.6580146372369181, 0.5, 0.5)
(0.6580146372369181, 0.5, 0.5)
(0.6580146372369181, 0.5, 0.5)
(0.6580146372369181, 0.5, 0.5)
(0.6580146372369181, 0.5, 0.5)
(0.6580146372369181, 0.5, 0.5)
(0.6580146372369181, 0.5, 0.5)
(0.6580146372369181, 0.5, 0.5)
(0.6580146372369181, 0.5, 0.5)
(0.6580146372369181, 0.5, 0.5)
(0.6580146372369181, 0.5, 0.5)
(0.6580146372369181, 0.5, 0.5)
(0.6580146372369181, 0.5, 0.5)
(0.6580146372369181, 0.5, 0.5)
(0.6580146372369181, 0.5, 0.5)
(0.6580146372369181, 0.5, 0.5)
(0.6580146372369181, 0.5, 0.5)
(0.6580146372369181, 0.5, 0.5)
(0.6580146372369181, 0.5, 0.5)
(0.6580146372369181, 0.5, 0.5)
(0.6580146372369181, 0.5, 0.5)
(0.6580146372369181, 0.5, 0.5)
(0.6580146372369181, 0.5, 0.5)
(0.6580146372369181, 0.5, 0.5)
(0.6580146372369181, 0.5, 0.5)
(0.6580146372369181, 0.5, 0.5)
(0.6580146372369181, 0.5, 0.5)
(0.6580146372369181, 0.5, 0.5)
(0.6580146372369181, 0.5, 0.5)
(0.6580146372369181, 0.5, 0.5)
(0.6580146372369181, 0.5, 0.5)
(0.6580146372369181, 0.5, 0.5)
(0.6580146372369181, 0.5, 0.5)
(0.6580146372369181, 0.5, 0.5)
(0.6580146372369181, 0.5, 0.5)
(0.6580146372369181, 0.5, 0.5)
(0.6580146372369181, 0.5, 0.5)
(0.6580146372369181, 0.5, 0.5)
(0.6580146372369181, 0.5, 0.5)
(0.6580146372369181, 0.5, 0.5)
(0.6580146372369181, 0.5, 0.5)
(0.6580146372369181, 0.5, 0.5)
(0.6580146372369181, 0.5, 0.5)
(0.6580146372369181, 0.5, 0.5)
(0.6580146372369181, 0.5, 0.5)
(0.6580146372369181, 0.5, 0.5)
(0.6580146372369181, 0.5, 0.5)
(0.6580146372369181, 0.5, 0.5)
(0.6580146372369181, 0.5, 0.5)
(0.6580146372369181, 0.5, 0.5)
(0.6580146372369181, 0.5, 0.5)
(0.6580146372369181, 0.5, 0.5)
(0.6580146372369181, 0.5, 0.5)
(0.6580146372369181, 0.5, 0.5)
(0.6580146372369181, 0.5, 0.5)
(0.6580146372369181, 0.5, 0.5)
(0.6580146372369181, 0.5, 0.5)
(0.6580146372369181, 0.5, 0.5)
(0.6580146372369181, 0.5, 0.5)
(0.6580146372369181, 0.5, 0.5)
(0.6580146372369181, 0.5, 0.5)
(0.6580146372369181, 0.5, 0.5)
(0.6580146372369181, 0.5, 0.5)
(0.6580146372369181, 0.5, 0.5)
(0.6580146372369181, 0.5, 0.5)
(0.6580146372369181, 0.5, 0.5)
(0.6580146372369181, 0.5, 0.5)
(0.6580146372369181, 0.5, 0.5)
(0.6580146372369181, 0.5, 0.5)
(0.6580146372369181, 0.5, 0.5)
(0.6580146372369181, 0.5, 0.5)
(0.6580146372369181, 0.5, 0.5)
(0.6580146372369181, 0.5, 0.5)
(0.6580146372369181, 0.5, 0.5)
(0.6580146372369181, 0.5, 0.5)
(0.6580146372369181, 0.5, 0.5)
(0.6580146372369181, 0.5, 0.5)
(0.6580146372369181, 0.5, 0.5)
(0.6580146372369181, 0.5, 0.5)
(0.6580146372369181, 0.5, 0.5)
(0.6580146372369181, 0.5, 0.5)
(0.6580146372369181, 0.5, 0.5)
(0.6580146372369181, 0.5, 0.5)
(0.6580146372369181, 0.5, 0.5)
(0.6580146372369181, 0.5, 0.5)
(0.6580146372369181, 0.5, 0.5)
(0.6580146372369181, 0.5, 0.5)
(0.6580146372369181, 0.5, 0.5)
(0.6580146372369181, 0.5, 0.5)
(0.6580146372369181, 0.5, 0.5)
(0.6580146372369181, 0.5, 0.5)
(0.6580146372369181, 0.5, 0.5)
(0.6580146372369181, 0.5, 0.5)
(0.6580146372369181, 0.5, 0.5)
(0.6580146372369181, 0.5, 0.5)
(0.6580146372369181, 0.5, 0.5)
(0.6580146372369181, 0.5, 0.5)
(0.6580146372369181, 0.5, 0.5)
(0.6580146372369181, 0.5, 0.5)
(0.6580146372369181, 0.5, 0.5)
(0.6580146372369181, 0.5, 0.5)
(0.6580146372369181, 0.5, 0.5)
(0.6580146372369181, 0.5, 0.5)
(0.6580146372369181, 0.5, 0.5)
(0.6580146372369181, 0.5, 0.5)
(0.6580146372369181, 0.5, 0.5)
(0.6580146372369181, 0.5, 0.5)
(0.6580146372369181, 0.5, 0.5)
(0.6580146372369181, 0.5, 0.5)
(0.6580146372369181, 0.5, 0.5)
(0.6580146372369181, 0.5, 0.5)
(0.6580146372369181, 0.5, 0.5)
(0.6580146372369181, 0.5, 0.5)
(0.6580146372369181, 0.5, 0.5)
(0.6580146372369181, 0.5, 0.5)
(0.6580146372369181, 0.5, 0.5)
(0.6580146372369181, 0.5, 0.5)
(0.6580146372369181, 0.5, 0.5)
(0.6580146372369181, 0.5, 0.5)
(0.6580146372369181, 0.5, 0.5)
(0.6580146372369181, 0.5, 0.5)
(0.6580146372369181, 0.5, 0.5)
(0.6580146372369181, 0.5, 0.5)
(0.6580146372369181, 0.5, 0.5)
(0.6580146372369181, 0.5, 0.5)
(0.6580146372369181, 0.5, 0.5)
(0.6580146372369181, 0.5, 0.5)
(0.6580146372369181, 0.5, 0.5)
(0.6580146372369181, 0.5, 0.5)
(0.6580146372369181, 0.5, 0.5)
(0.6580146372369181, 0.5, 0.5)
(0.6580146372369181, 0.5, 0.5)
(0.6580146372369181, 0.5, 0.5)
(0.6580146372369181, 0.5, 0.5)
(0.6580146372369181, 0.5, 0.5)
(0.6580146372369181, 0.5, 0.5)
(0.6580146372369181, 0.5, 0.5)
(0.6580146372369181, 0.5, 0.5)
(0.6580146372369181, 0.5, 0.5)
(0.6580146372369181, 0.5, 0.5)
(0.6580146372369181, 0.5, 0.5)
(0.6580146372369181, 0.5, 0.5)
(0.6580146372369181, 0.5, 0.5)
(0.6580146372369181, 0.5, 0.5)
(0.6580146372369181, 0.5, 0.5)
(0.6580146372369181, 0.5, 0.5)
(0.6580146372369181, 0.5, 0.5)
(0.6580146372369181, 0.5, 0.5)
(0.6580146372369181, 0.5, 0.5)
(0.6580146372369181, 0.5, 0.5)
(0.6580146372369181, 0.5, 0.5)
(0.6580146372369181, 0.5, 0.5)
(0.6580146372369181, 0.5, 0.5)
(0.6580146372369181, 0.5, 0.5)
(0.6580146372369181, 0.5, 0.5)
(0.6580146372369181, 0.5, 0.5)
(0.6580146372369181, 0.5, 0.5)
(0.6580146372369181, 0.5, 0.5)
(0.6580146372369181, 0.5, 0.5)
(0.6580146372369181, 0.5, 0.5)
(0.6580146372369181, 0.5, 0.5)
(0.6580146372369181, 0.5, 0.5)
(0.6580146372369181, 0.5, 0.5)
(0.6580146372369181, 0.5, 0.5)
(0.6580146372369181, 0.5, 0.5)
(0.6580146372369181, 0.5, 0.5)
(0.6580146372369181, 0.5, 0.5)
(0.6580146372369181, 0.5, 0.5)
(0.6580146372369181, 0.5, 0.5)
(0.6580146372369181, 0.5, 0.5)
(0.6580146372369181, 0.5, 0.5)
(0.6580146372369181, 0.5, 0.5)
(0.6580146372369181, 0.5, 0.5)
(0.6580146372369181, 0.5, 0.5)
(0.6580146372369181, 0.5, 0.5)
(0.6580146372369181, 0.5, 0.5)
(0.6580146372369181, 0.5, 0.5)
(0.6580146372369181, 0.5, 0.5)
(0.6580146372369181, 0.5, 0.5)
(0.6580146372369181, 0.5, 0.5)
(0.6580146372369181, 0.5, 0.5)
(0.6580146372369181, 0.5, 0.5)
(0.6580146372369181, 0.5, 0.5)
(0.6580146372369181, 0.5, 0.5)
(0.6580146372369181, 0.5, 0.5)
(0.6580146372369181, 0.5, 0.5)
(0.6580146372369181, 0.5, 0.5)
(0.6580146372369181, 0.5, 0.5)
(0.6580146372369181, 0.5, 0.5)
(0.6580146372369181, 0.5, 0.5)
(0.6580146372369181, 0.5, 0.5)
(0.6580146372369181, 0.5, 0.5)
(0.6580146372369181, 0.5, 0.5)
(0.6580146372369181, 0.5, 0.5)
(0.6580146372369181, 0.5, 0.5)
(0.6580146372369181, 0.5, 0.5)
(0.6580146372369181, 0.5, 0.5)
(0.6580146372369181, 0.5, 0.5)
(0.6580146372369181, 0.5, 0.5)
(0.6580146372369181, 0.5, 0.5)
(0.6580146372369181, 0.5, 0.5)
(0.6580146372369181, 0.5, 0.5)
(0.6580146372369181, 0.5, 0.5)
(0.6580146372369181, 0.5, 0.5)
(0.6580146372369181, 0.5, 0.5)
(0.6580146372369181, 0.5, 0.5)
(0.6580146372369181, 0.5, 0.5)
(0.6580146372369181, 0.5, 0.5)
(0.6580146372369181, 0.5, 0.5)
(0.6580146372369181, 0.5, 0.5)
(0.6580146372369181, 0.5, 0.5)
(0.6580146372369181, 0.5, 0.5)
(0.6580146372369181, 0.5, 0.5)
(0.6580146372369181, 0.5, 0.5)
(0.6580146372369181, 0.5, 0.5)
(0.6580146372369181, 0.5, 0.5)
(0.6580146372369181, 0.5, 0.5)
(0.6580146372369181, 0.5, 0.5)
(0.6580146372369181, 0.5, 0.5)
(0.6580146372369181, 0.5, 0.5)
(0.6580146372369181, 0.5, 0.5)
(0.6580146372369181, 0.5, 0.5)
(0.6580146372369181, 0.5, 0.5)
(0.6580146372369181, 0.5, 0.5)
(0.6580146372369181, 0.5, 0.5)
(0.6580146372369181, 0.5, 0.5)
(0.6580146372369181, 0.5, 0.5)
(0.6580146372369181, 0.5, 0.5)
(0.6580146372369181, 0.5, 0.5)
(0.6580146372369181, 0.5, 0.5)
(0.6580146372369181, 0.5, 0.5)
(0.6580146372369181, 0.5, 0.5)
(0.6580146372369181, 0.5, 0.5)
(0.6580146372369181, 0.5, 0.5)
(0.6580146372369181, 0.5, 0.5)
(0.6580146372369181, 0.5, 0.5)
(0.6580146372369181, 0.5, 0.5)
(0.6580146372369181, 0.5, 0.5)
(0.6580146372369181, 0.5, 0.5)
(0.6580146372369181, 0.5, 0.5)
(0.6580146372369181, 0.5, 0.5)
(0.6580146372369181, 0.5, 0.5)
(0.6580146372369181, 0.5, 0.5)
(0.6580146372369181, 0.5, 0.5)
(0.6580146372369181, 0.5, 0.5)
(0.6580146372369181, 0.5, 0.5)
(0.6580146372369181, 0.5, 0.5)
(0.6580146372369181, 0.5, 0.5)
(0.6580146372369181, 0.5, 0.5)
(0.6580146372369181, 0.5, 0.5)
(0.6580146372369181, 0.5, 0.5)
(0.6580146372369181, 0.5, 0.5)
(0.6580146372369181, 0.5, 0.5)
(0.6580146372369181, 0.5, 0.5)
(0.6580146372369181, 0.5, 0.5)
(0.6580146372369181, 0.5, 0.5)
(0.6580146372369181, 0.5, 0.5)
(0.6580146372369181, 0.5, 0.5)
(0.6580146372369181, 0.5, 0.5)
(0.6580146372369181, 0.5, 0.5)
(0.6580146372369181, 0.5, 0.5)
(0.6548917205688847, 0.5, 0.5)
(0.6436903025034497, 0.5, 0.5)
(0.6436903025034497, 0.5, 0.5)
(0.6436903025034497, 0.5, 0.5)
(0.6436903025034497, 0.5, 0.5)
(0.6436903025034497, 0.5, 0.5)
(0.6365017968577277, 0.5, 0.5)
(0.6365017968577277, 0.5, 0.5)
(0.6365017968577277, 0.5, 0.5)
(0.6365017968577277, 0.5, 0.5)
(0.6365017968577277, 0.5, 0.5)
(0.6365017968577277, 0.5, 0.5)
(0.6365017968577277, 0.5, 0.5)
(0.6365017968577277, 0.5, 0.5)
(0.6365017968577277, 0.5, 0.5)
(0.6365017968577277, 0.5, 0.5)
(0.6365017968577277, 0.5, 0.5)
(0.6365017968577277, 0.5, 0.5)
(0.6365017968577277, 0.5, 0.5)
(0.6365017968577277, 0.5, 0.5)
(0.6365017968577277, 0.5, 0.5)
(0.6365017968577277, 0.5, 0.5)
(0.6365017968577277, 0.5, 0.5)
(0.6365017968577277, 0.5, 0.5)
(0.6365017968577277, 0.5, 0.5)
(0.6365017968577277, 0.5, 0.5)
(0.6365017968577277, 0.5, 0.5)
(0.6365017968577277, 0.5, 0.5)
(0.6365017968577277, 0.5, 0.5)
(0.6365017968577277, 0.5, 0.5)
(0.6365017968577277, 0.5, 0.5)
(0.6365017968577277, 0.5, 0.5)
(0.6365017968577277, 0.5, 0.5)
(0.6365017968577277, 0.5, 0.5)
(0.6365017968577277, 0.5, 0.5)
(0.6365017968577277, 0.5, 0.5)
(0.6365017968577277, 0.5, 0.5)
(0.6365017968577277, 0.5, 0.5)
(0.6365017968577277, 0.5, 0.5)
(0.6365017968577277, 0.5, 0.5)
(0.6365017968577277, 0.5, 0.5)
(0.6365017968577277, 0.5, 0.5)
(0.6365017968577277, 0.5, 0.5)
(0.6365017968577277, 0.5, 0.5)
(0.6365017968577277, 0.5, 0.5)
(0.6365017968577277, 0.5, 0.5)
(0.6365017968577277, 0.5, 0.5)
(0.6365017968577277, 0.5, 0.5)
(0.6365017968577277, 0.5, 0.5)
(0.6365017968577277, 0.5, 0.5)
(0.6365017968577277, 0.5, 0.5)
(0.6365017968577277, 0.5, 0.5)
(0.6365017968577277, 0.5, 0.5)
(0.6365017968577277, 0.5, 0.5)
(0.6365017968577277, 0.5, 0.5)
(0.6365017968577277, 0.5, 0.5)
(0.6365017968577277, 0.5, 0.5)
(0.6365017968577277, 0.5, 0.5)
(0.6365017968577277, 0.5, 0.5)
(0.6365017968577277, 0.5, 0.5)
(0.6365017968577277, 0.5, 0.5)
(0.6365017968577277, 0.5, 0.5)
(0.6365017968577277, 0.5, 0.5)
(0.6365017968577277, 0.5, 0.5)
(0.6365017968577277, 0.5, 0.5)
(0.6365017968577277, 0.5, 0.5)
(0.6365017968577277, 0.5, 0.5)
(0.6365017968577277, 0.5, 0.5)
(0.6365017968577277, 0.5, 0.5)
(0.6365017968577277, 0.5, 0.5)
(0.6365017968577277, 0.5, 0.5)
(0.6365017968577277, 0.5, 0.5)
(0.6365017968577277, 0.5, 0.5)
(0.6365017968577277, 0.5, 0.5)
(0.6365017968577277, 0.5, 0.5)
(0.6365017968577277, 0.5, 0.5)
(0.6365017968577277, 0.5, 0.5)
(0.6365017968577277, 0.5, 0.5)
(0.6365017968577277, 0.5, 0.5)
(0.6365017968577277, 0.5, 0.5)
(0.6365017968577277, 0.5, 0.5)
(0.6365017968577277, 0.5, 0.5)
(0.6365017968577277, 0.5, 0.5)
(0.6365017968577277, 0.5, 0.5)
(0.6365017968577277, 0.5, 0.5)
(0.6365017968577277, 0.5, 0.5)
(0.6365017968577277, 0.5, 0.5)
(0.6365017968577277, 0.5, 0.5)
(0.6365017968577277, 0.5, 0.5)
(0.6365017968577277, 0.5, 0.5)
(0.6365017968577277, 0.5, 0.5)
(0.6365017968577277, 0.5, 0.5)
(0.6365017968577277, 0.5, 0.5)
(0.6365017968577277, 0.5, 0.5)
(0.6365017968577277, 0.5, 0.5)
(0.6365017968577277, 0.5, 0.5)
(0.6365017968577277, 0.5, 0.5)
(0.6365017968577277, 0.5, 0.5)
(0.6365017968577277, 0.5, 0.5)
(0.6365017968577277, 0.5, 0.5)
(0.6365017968577277, 0.5, 0.5)
(0.6365017968577277, 0.5, 0.5)
(0.6365017968577277, 0.5, 0.5)
(0.6365017968577277, 0.5, 0.5)
(0.6365017968577277, 0.5, 0.5)
(0.6365017968577277, 0.5, 0.5)
(0.6365017968577277, 0.5, 0.5)
(0.6322607984788308, 0.5, 0.5)
(0.6208166136964809, 0.5, 0.5)
(0.6208166136964809, 0.5, 0.5)
(0.6208166136964809, 0.5, 0.5)
(0.6179843581675757, 0.5, 0.5)
(0.6295314230414364, 0.5, 0.5)
(0.6295314230414364, 0.5, 0.5)
(0.6295314230414364, 0.5, 0.5)
(0.6295314230414364, 0.5, 0.5)
(0.6322597631661846, 0.5, 0.5)
(0.6208120016715483, 0.5, 0.5)
(0.6208120016715483, 0.5, 0.5)
(0.6224164375637355, 0.5, 0.5)
(0.6448272667625716, 0.5, 0.5)
(0.6448272667625716, 0.5, 0.5)
(0.6448272667625716, 0.5, 0.5)
(0.6448272667625716, 0.5, 0.5)
(0.6448272667625716, 0.5, 0.5)
(0.6696638151077384, 0.5, 0.5)
(0.6985518326646981, 0.5, 0.5)
(0.6985518326646981, 0.5, 0.5)
(0.6985518326646981, 0.5, 0.5)
(0.6985518326646981, 0.5, 0.5)
(0.6985518326646981, 0.5, 0.5)
(0.6985518326646981, 0.5, 0.5)
(1, 0.7021561971650029, 0)
(1, 0.907894007976771, 0)
(1, 1, 0)
(1, 1, 0)
(1, 1, 0)
(1, 1, 0)
(1, 0.9792739010672871, 0)
(1, 0.9792739010672871, 0)
(1, 0.9792739010672871, 0)
(1, 0.9792739010672871, 0)
(1, 0.9792739010672871, 0)
(1, 0.8358241747664078, 0)
(1, 0.8994574125114506, 0)
(1, 0.8994574125114506, 0)
(1, 0.9361874929352442, 0)
(1, 0.9361874929352442, 0)
(1, 0.9361874929352442, 0)
(1, 0.9361874929352442, 0)
(1, 0.9331379852926105, 0)
(1, 0.9249305565272606, 0)
(1, 0.9249305565272606, 0)
(1, 0.9249305565272606, 0)
(1, 0.9180765324256522, 0)
(1, 0.9137515596428198, 0)
(1, 0.9137515596428198, 0)
(1, 0.9137515596428198, 0)
(1, 0.9137515596428198, 0)
(1, 0.9132448878759911, 0)
(1, 0.9190083289755907, 0)
(1, 0.9190083289755907, 0)
(1, 0.9190083289755907, 0)
(1, 0.9071697484033835, 0)
(1, 0.8614246369795187, 0)
(1, 0.8614246369795187, 0)
(1, 0.8614246369795187, 0)
(1, 0.8614246369795187, 0)
(1, 0.8614246369795187, 0)
(1, 0.8614246369795187, 0)
(1, 0.8614246369795187, 0)
(1, 0.8614246369795187, 0)
(1, 0.8083031114241277, 0)
(1, 0.7469121638213767, 0)
(1, 0.6653674705789435, 0)
(0.7247391706835619, 0.5, 0.5)
(0.7247391706835619, 0.5, 0.5)
(0.4662265889357308, 0.5, 0.5)
(0.4662265889357308, 0.5, 0.5)
(0.4662265889357308, 0.5, 0.5)
(0.4662265889357308, 0.5, 0.5)
(0.4662265889357308, 0.5, 0.5)
(0.4662265889357308, 0.5, 0.5)
(0.4662265889357308, 0.5, 0.5)
(0.4662265889357308, 0.5, 0.5)
(0.4662265889357308, 0.5, 0.5)
(0.4529551991978977, 0.5, 0.5)
(0.411257210830033, 0.5, 0.5)
(0.411257210830033, 0.5, 0.5)
(0.411257210830033, 0.5, 0.5)
(0.411257210830033, 0.5, 0.5)
(0.37331518089761045, 0.5, 0.5)
(0.3479070159081387, 0.5, 0.5)
(0.3479070159081387, 0.5, 0.5)
(0.3479070159081387, 0.5, 0.5)
(0.3611747044230151, 0.5, 0.5)
(0.4297299162749344, 0.5, 0.5)
(0.4297299162749344, 0.5, 0.5)
(0.4297299162749344, 0.5, 0.5)
(0.4297299162749344, 0.5, 0.5)
(0.5176605260235542, 0.5, 0.5)
(0.6247098370770235, 0.5, 0.5)
(0.6247098370770235, 0.5, 0.5)
(0.6247098370770235, 0.5, 0.5)
(0.6247098370770235, 0.5, 0.5)
(0.6888920826421866, 0.5, 0.5)
(0.7164095518942197, 0.5, 0.5)
(0.7164095518942197, 0.5, 0.5)
(0.7164095518942197, 0.5, 0.5)
(0.7417623485945407, 0.5, 0.5)
(0.7652242293146149, 0.5, 0.5)
(0.7652242293146149, 0.5, 0.5)
(0.7652242293146149, 0.5, 0.5)
(0.7652242293146149, 0.5, 0.5)
(1, 0.5883327853063035, 0)
(1, 0.5988002510260995, 0)
(1, 0.5988002510260995, 0)
(1, 0.5988002510260995, 0)
(1, 0.5988002510260995, 0)
(1, 0.6013921662684715, 0)
(1, 0.5913947785713551, 0)
(1, 0.5809808751710557, 0)
(1, 0.5809808751710557, 0)
(1, 0.5809808751710557, 0)
(1, 0.5843310403143326, 0)
(1, 0.6215949423747588, 0)
(1, 0.6215949423747588, 0)
(1, 0.6215949423747588, 0)
(1, 0.6215949423747588, 0)
(1, 0.6518241759422518, 0)
(1, 0.6755394922486055, 0)
(1, 0.6755394922486055, 0)
(1, 0.6755394922486055, 0)
(1, 0.7049524533835367, 0)
(1, 0.7422644125166346, 0)
(1, 0.7422644125166346, 0)
(1, 0.7422644125166346, 0)
(1, 0.7422644125166346, 0)
(1, 0.7639073704202244, 0)
(1, 0.7665415254610474, 0)
(1, 0.7665415254610474, 0)
(1, 0.7665415254610474, 0)
(1, 0.7651917265397298, 0)
(1, 0.7571705378340664, 0)
(1, 0.7571705378340664, 0)
(1, 0.7571705378340664, 0)
(1, 0.7571705378340664, 0)
(1, 0.7456931870955146, 0)
(1, 0.7280029713105344, 0)
(1, 0.7280029713105344, 0)
(1, 0.7280029713105344, 0)
(1, 0.6897267947519801, 0)
(1, 0.6007831413063988, 0)
(1, 0.6007831413063988, 0)
(1, 0.6007831413063988, 0)
(1, 0.6007831413063988, 0)
(1, 0.6007831413063988, 0)
(1, 0.6007831413063988, 0)
(0.6717319172753231, 0.5, 0.5)
(0.5918905682145318, 0.5, 0.5)
(0.4866926659358652, 0.5, 0.5)
(0.4866926659358652, 0.5, 0.5)
(0.4866926659358652, 0.5, 0.5)
(0.39605639781781615, 0.5, 0.5)
(0.44110023788930736, 0.5, 0.5)
(0.44110023788930736, 0.5, 0.5)
(0.44110023788930736, 0.5, 0.5)
(0.4662265889357308, 0.5, 0.5)
(0.4662265889357308, 0.5, 0.5)
(0.4662265889357308, 0.5, 0.5)
(0.4662265889357308, 0.5, 0.5)
(0.4662265889357308, 0.5, 0.5)
(0.4592272439875657, 0.5, 0.5)
(0.4397520052295561, 0.5, 0.5)
(0.4397520052295561, 0.5, 0.5)
(0.4397520052295561, 0.5, 0.5)
(0.4397520052295561, 0.5, 0.5)
(0.4397520052295561, 0.5, 0.5)
(0.4269655770502696, 0.5, 0.5)
(0.4269655770502696, 0.5, 0.5)
(0.4189773699201765, 0.5, 0.5)
(0.39691816027183086, 0.5, 0.5)
(0.39691816027183086, 0.5, 0.5)
(0.39691816027183086, 0.5, 0.5)
(0.39691816027183086, 0.5, 0.5)
(0.39691816027183086, 0.5, 0.5)
(0.3732950158466623, 0.5, 0.5)
(0.34786913701787586, 0.5, 0.5)
(0.34786913701787586, 0.5, 0.5)
(0.33107155289967594, 0.5, 0.5)
(0.33107155289967594, 0.5, 0.5)
(0.33107155289967594, 0.5, 0.5)
(0.33107155289967594, 0.5, 0.5)
(0.33107155289967594, 0.5, 0.5)
(0.32032059963593446, 0.5, 0.5)
(0.2903507659268659, 0.5, 0.5)
(0.2903507659268659, 0.5, 0.5)
(0.2702977006350244, 0.5, 0.5)
(0.2702977006350244, 0.5, 0.5)
(0.2702977006350244, 0.5, 0.5)
(0.2702977006350244, 0.5, 0.5)
(0.2702977006350244, 0.5, 0.5)
(0.2702977006350244, 0.5, 0.5)
(0.2702977006350244, 0.5, 0.5)
(0.2702977006350244, 0.5, 0.5)
(0.2702977006350244, 0.5, 0.5)
(0.2702977006350244, 0.5, 0.5)
(0.2702977006350244, 0.5, 0.5)
(0.2702977006350244, 0.5, 0.5)
(0.25723267774098985, 0.5, 0.5)
(0.2206759432233697, 0.5, 0.5)
(0.2206759432233697, 0.5, 0.5)
(0.2206759432233697, 0.5, 0.5)
(0.2206759432233697, 0.5, 0.5)
(0.1959165168636212, 0.5, 0.5)
(0.1959165168636212, 0.5, 0.5)
(0.1959165168636212, 0.5, 0.5)
(0.21005483589076376, 0.5, 0.5)
(0.24853520234111506, 0.5, 0.5)
(0.24853520234111506, 0.5, 0.5)
(0.24853520234111506, 0.5, 0.5)
(0.24853520234111506, 0.5, 0.5)
(0.2702977006350244, 0.5, 0.5)
(0.2702977006350244, 0.5, 0.5)
(0.2702977006350244, 0.5, 0.5)
(0.2577443261326896, 0.5, 0.5)
(0.2217073063857671, 0.5, 0.5)
(0.2217073063857671, 0.5, 0.5)
(0.2217073063857671, 0.5, 0.5)
(0.2217073063857671, 0.5, 0.5)
(0.2624276066278668, 0.5, 0.5)
(0.4019924561234211, 0.5, 0.5)
(0.4019924561234211, 0.5, 0.5)
(0.4019924561234211, 0.5, 0.5)
(0.47317441552132466, 0.5, 0.5)
(0.4908504909856872, 0.5, 0.5)
(0.4908504909856872, 0.5, 0.5)
(0.4908504909856872, 0.5, 0.5)
(0.4908504909856872, 0.5, 0.5)
(0.48177054155745286, 0.5, 0.5)
(0.42407809845155137, 0.5, 0.5)
(0.42407809845155137, 0.5, 0.5)
(0.42407809845155137, 0.5, 0.5)
(0.3913511036592703, 0.5, 0.5)
(0.4137563800779985, 0.5, 0.5)
(0.4137563800779985, 0.5, 0.5)
(0.4137563800779985, 0.5, 0.5)
(0.4137563800779985, 0.5, 0.5)
(0.44979396903850977, 0.5, 0.5)
(0.5035600631371175, 0.5, 0.5)
(0.5035600631371175, 0.5, 0.5)
(0.5035600631371175, 0.5, 0.5)
(0.5605737795907436, 0.5, 0.5)
(0.6239568677248596, 0.5, 0.5)
(0.6239568677248596, 0.5, 0.5)
(0.6239568677248596, 0.5, 0.5)
(0.6239568677248596, 0.5, 0.5)
(0.6619333662158754, 0.5, 0.5)
(0.6720636626407881, 0.5, 0.5)
(0.6720636626407881, 0.5, 0.5)
(0.6720636626407881, 0.5, 0.5)
(0.6891102084109187, 0.5, 0.5)
(0.7163783388916048, 0.5, 0.5)
(0.7163783388916048, 0.5, 0.5)
(0.7163783388916048, 0.5, 0.5)
(0.7163783388916048, 0.5, 0.5)
(0.7385604964594171, 0.5, 0.5)
(0.7545328994294348, 0.5, 0.5)
(0.7545328994294348, 0.5, 0.5)
(0.7545328994294348, 0.5, 0.5)
(0.7526461589511974, 0.5, 0.5)
(0.7196702042856976, 0.5, 0.5)
(0.7196702042856976, 0.5, 0.5)
(0.7196702042856976, 0.5, 0.5)
(0.7196702042856976, 0.5, 0.5)
(0.66053611801323, 0.5, 0.5)
(0.5365494191674156, 0.5, 0.5)
(0.5365494191674156, 0.5, 0.5)
(0.41081438365187845, 0.5, 0.5)
(0.3639006358276034, 0.5, 0.5)
(0.3639006358276034, 0.5, 0.5)
(0.3639006358276034, 0.5, 0.5)
(0.3639006358276034, 0.5, 0.5)
(0.3639006358276034, 0.5, 0.5)
(0.3515078651127546, 0.5, 0.5)
(0.40004754850265134, 0.5, 0.5)
(0.40004754850265134, 0.5, 0.5)
(0.4347655597807167, 0.5, 0.5)
(0.45449069171520534, 0.5, 0.5)
(0.45449069171520534, 0.5, 0.5)
(0.45449069171520534, 0.5, 0.5)
(0.45449069171520534, 0.5, 0.5)
(0.45449069171520534, 0.5, 0.5)
(0.4662265889357308, 0.5, 0.5)
(0.4662265889357308, 0.5, 0.5)
(0.47316113932207676, 0.5, 0.5)
(0.49083263708354496, 0.5, 0.5)
(0.49083263708354496, 0.5, 0.5)
(0.49083263708354496, 0.5, 0.5)
(0.49083263708354496, 0.5, 0.5)
(0.49083263708354496, 0.5, 0.5)
(0.5013467608216728, 0.5, 0.5)
(0.5013467608216728, 0.5, 0.5)
(0.5013467608216728, 0.5, 0.5)
(0.5013467608216728, 0.5, 0.5)
(0.5013467608216728, 0.5, 0.5)
(0.5013467608216728, 0.5, 0.5)
(0.4885376395090031, 0.5, 0.5)
(0.4520211903591864, 0.5, 0.5)
(0.4520211903591864, 0.5, 0.5)
(0.4269655770502696, 0.5, 0.5)
(0.4269655770502696, 0.5, 0.5)
(0.4269655770502696, 0.5, 0.5)
(0.4269655770502696, 0.5, 0.5)
(0.4269655770502696, 0.5, 0.5)
(0.4347668215709508, 0.5, 0.5)
(0.4545269823225991, 0.5, 0.5)
(0.4545269823225991, 0.5, 0.5)
(0.479989048784123, 0.5, 0.5)
(0.513758264551743, 0.5, 0.5)
(0.513758264551743, 0.5, 0.5)
(0.513758264551743, 0.5, 0.5)
(0.513758264551743, 0.5, 0.5)
(0.513758264551743, 0.5, 0.5)
(0.513758264551743, 0.5, 0.5)
(0.513758264551743, 0.5, 0.5)
(0.513758264551743, 0.5, 0.5)
(0.513758264551743, 0.5, 0.5)
(0.513758264551743, 0.5, 0.5)
(1, 0.8617599069525209, 0)
(1, 1, 0.512949265631542)
(1, 1, 0.5712181767750135)
(1, 1, 0.6092477260870426)
(1, 1, 0.6375255528411949)
(1, 1, 0.6375255528411949)
(1, 1, 0.6375255528411949)
(1, 1, 0.6375255528411949)
(1, 1, 0.6375255528411949)
(1, 1, 0.6602204529131749)
(1, 1, 0.6818024174099917)
(1, 1, 0.6998657345084804)
(1, 1, 0.6998657345084804)
(1, 1, 0.6998657345084804)
(1, 1, 0.7041331673633733)
(1, 1, 0.6744695039446102)
(1, 1, 0.6338838970385592)
(1, 1, 0.6338838970385592)
(1, 1, 0.6338838970385592)
(1, 1, 0.6338838970385592)
(1, 1, 0.6338838970385592)
(1, 1, 0.6338838970385592)
(1, 1, 0.6338838970385592)
(1, 1, 0.6338838970385592)
(1, 1, 0.6338838970385592)
(1, 1, 0.5857129131880449)
(1, 1, 0.5612685811445469)
(1, 1, 0.5298837811573925)
(1, 1, 0)
(1, 0.927785232617861, 0)
(1, 0.927785232617861, 0)
(0.5107748449829709, 0.5, 0.5)
(0.6510102452487025, 0.5, 0.5)
(0.6510102452487025, 0.5, 0.5)
(0.6510102452487025, 0.5, 0.5)
(0.6510102452487025, 0.5, 0.5)
(0.6510102452487025, 0.5, 0.5)
(0.7216813687325985, 0.5, 0.5)
(0.7378942547993872, 0.5, 0.5)
(0.7533549934864444, 0.5, 0.5)
(0.7533549934864444, 0.5, 0.5)
(0.7533549934864444, 0.5, 0.5)
(0.7533549934864444, 0.5, 0.5)
(0.7533549934864444, 0.5, 0.5)
(0.7533549934864444, 0.5, 0.5)
(0.7443596140046219, 0.5, 0.5)
(0.6596256338260975, 0.5, 0.5)
(0.545722406102641, 0.5, 0.5)
(0.545722406102641, 0.5, 0.5)
(0.4269655770502696, 0.5, 0.5)
(0.4269655770502696, 0.5, 0.5)
(0.4269655770502696, 0.5, 0.5)
(0.4269655770502696, 0.5, 0.5)
(0.4269655770502696, 0.5, 0.5)
(0.41895588549848095, 0.5, 0.5)
(0.3969091091283899, 0.5, 0.5)
(0.3969091091283899, 0.5, 0.5)
(0.3732950158466623, 0.5, 0.5)
(0.34786913701787586, 0.5, 0.5)
(0.34786913701787586, 0.5, 0.5)
(0.34786913701787586, 0.5, 0.5)
(0.34786913701787586, 0.5, 0.5)
(0.34786913701787586, 0.5, 0.5)
(0.34144137296342675, 0.5, 0.5)
(0.3672834815993236, 0.5, 0.5)
(0.3672834815993236, 0.5, 0.5)
(0.3824551128420954, 0.5, 0.5)
(0.3824551128420954, 0.5, 0.5)
(0.3824551128420954, 0.5, 0.5)
(0.3824551128420954, 0.5, 0.5)
(0.3824551128420954, 0.5, 0.5)
(0.3824551128420954, 0.5, 0.5)
(0.3824551128420954, 0.5, 0.5)
(0.3824551128420954, 0.5, 0.5)
(0.3824551128420954, 0.5, 0.5)
(0.37331891031947917, 0.5, 0.5)
(0.3478788091950667, 0.5, 0.5)
(0.3478788091950667, 0.5, 0.5)
(0.3478788091950667, 0.5, 0.5)
(0.33107155289967594, 0.5, 0.5)
(0.33107155289967594, 0.5, 0.5)
(0.33107155289967594, 0.5, 0.5)
(0.33107155289967594, 0.5, 0.5)
(0.33107155289967594, 0.5, 0.5)
(0.33107155289967594, 0.5, 0.5)
(0.3413090547003701, 0.5, 0.5)
(0.3672363329318513, 0.5, 0.5)
(0.3672363329318513, 0.5, 0.5)
(0.3672363329318513, 0.5, 0.5)
(0.3824551128420954, 0.5, 0.5)
(0.3824551128420954, 0.5, 0.5)
(0.3824551128420954, 0.5, 0.5)
(0.3824551128420954, 0.5, 0.5)
(0.3824551128420954, 0.5, 0.5)
(0.3824551128420954, 0.5, 0.5)
(0.3824551128420954, 0.5, 0.5)
(0.3824551128420954, 0.5, 0.5)
(0.3824551128420954, 0.5, 0.5)
(0.3824551128420954, 0.5, 0.5)
(0.3824551128420954, 0.5, 0.5)
(0.39127539956391116, 0.5, 0.5)
(0.41367235964828913, 0.5, 0.5)
(0.41367235964828913, 0.5, 0.5)
(0.41367235964828913, 0.5, 0.5)
(0.41367235964828913, 0.5, 0.5)
(0.4269655770502696, 0.5, 0.5)
(0.4269655770502696, 0.5, 0.5)
(0.4269655770502696, 0.5, 0.5)
(0.4269655770502696, 0.5, 0.5)
(0.4269655770502696, 0.5, 0.5)
(0.4269655770502696, 0.5, 0.5)
(0.4269655770502696, 0.5, 0.5)
(0.4269655770502696, 0.5, 0.5)
(0.4269655770502696, 0.5, 0.5)
(0.4190346805443909, 0.5, 0.5)
(0.3969585158051772, 0.5, 0.5)
(0.3969585158051772, 0.5, 0.5)
(0.3969585158051772, 0.5, 0.5)
(0.3824551128420954, 0.5, 0.5)
(0.3824551128420954, 0.5, 0.5)
(0.3824551128420954, 0.5, 0.5)
(0.3824551128420954, 0.5, 0.5)
(0.3824551128420954, 0.5, 0.5)
(0.3824551128420954, 0.5, 0.5)
(0.3824551128420954, 0.5, 0.5)
(0.3824551128420954, 0.5, 0.5)
(0.3824551128420954, 0.5, 0.5)
(0.3734533178461487, 0.5, 0.5)
(0.34844979410634175, 0.5, 0.5)
(0.34844979410634175, 0.5, 0.5)
(0.34844979410634175, 0.5, 0.5)
(0.33107155289967594, 0.5, 0.5)
(0.33107155289967594, 0.5, 0.5)
(0.33107155289967594, 0.5, 0.5)
(0.33107155289967594, 0.5, 0.5)
(0.35152859276241477, 0.5, 0.5)
(0.40003789983503135, 0.5, 0.5)
(0.40003789983503135, 0.5, 0.5)
(0.40003789983503135, 0.5, 0.5)
(0.44978326899143056, 0.5, 0.5)
(0.5034448440167104, 0.5, 0.5)
(0.5034448440167104, 0.5, 0.5)
(0.5034448440167104, 0.5, 0.5)
(0.5034448440167104, 0.5, 0.5)
(0.5273869608447469, 0.5, 0.5)
(0.5115605674493465, 0.5, 0.5)
(0.5115605674493465, 0.5, 0.5)
(0.5115605674493465, 0.5, 0.5)
(0.49496122015415994, 0.5, 0.5)
(0.4775184838272197, 0.5, 0.5)
(0.4775184838272197, 0.5, 0.5)
(0.4775184838272197, 0.5, 0.5)
(0.4775184838272197, 0.5, 0.5)
(0.4591297221203907, 0.5, 0.5)
(0.4396969051584381, 0.5, 0.5)
(0.4396969051584381, 0.5, 0.5)
(0.4396969051584381, 0.5, 0.5)
(0.4190392333933788, 0.5, 0.5)
(0.39697729444016433, 0.5, 0.5)
(0.39697729444016433, 0.5, 0.5)
(0.39697729444016433, 0.5, 0.5)
(0.39697729444016433, 0.5, 0.5)
(0.37334579811838764, 0.5, 0.5)
(0.34789975317179783, 0.5, 0.5)
(0.34789975317179783, 0.5, 0.5)
(0.34789975317179783, 0.5, 0.5)
(0.33107155289967594, 0.5, 0.5)
(0.33107155289967594, 0.5, 0.5)
(0.33107155289967594, 0.5, 0.5)
(0.33107155289967594, 0.5, 0.5)
(0.33107155289967594, 0.5, 0.5)
(0.33107155289967594, 0.5, 0.5)
(0.34130575751933384, 0.5, 0.5)
(0.3672256861786794, 0.5, 0.5)
(0.3672256861786794, 0.5, 0.5)
(0.3672256861786794, 0.5, 0.5)
(0.3672256861786794, 0.5, 0.5)
(0.39985587797763805, 0.5, 0.5)
(0.44224027808006067, 0.5, 0.5)
(0.44224027808006067, 0.5, 0.5)
(0.44224027808006067, 0.5, 0.5)
(0.45919089413666897, 0.5, 0.5)
(0.43967733321763314, 0.5, 0.5)
(0.43967733321763314, 0.5, 0.5)
(0.43967733321763314, 0.5, 0.5)
(0.4023698127810665, 0.5, 0.5)
(0.3272134221461466, 0.5, 0.5)
(0.3272134221461466, 0.5, 0.5)
(0.3272134221461466, 0.5, 0.5)
(0.3272134221461466, 0.5, 0.5)
(0.28270920436509456, 0.5, 0.5)
(0.31336984950849284, 0.5, 0.5)
(0.31336984950849284, 0.5, 0.5)
(0.31336984950849284, 0.5, 0.5)
(0.34141589372902675, 0.5, 0.5)
(0.3672371005216997, 0.5, 0.5)
(0.3672371005216997, 0.5, 0.5)
(0.3672371005216997, 0.5, 0.5)
(0.3672371005216997, 0.5, 0.5)
(0.3824551128420954, 0.5, 0.5)
(0.3824551128420954, 0.5, 0.5)
(0.3824551128420954, 0.5, 0.5)
(0.3912966203316153, 0.5, 0.5)
(0.41374513031189347, 0.5, 0.5)
(0.41374513031189347, 0.5, 0.5)
(0.41374513031189347, 0.5, 0.5)
(0.41374513031189347, 0.5, 0.5)
(0.4269655770502696, 0.5, 0.5)
(0.4269655770502696, 0.5, 0.5)
(0.4269655770502696, 0.5, 0.5)
(0.4189637001156348, 0.5, 0.5)
(0.3969376524539839, 0.5, 0.5)
(0.3969376524539839, 0.5, 0.5)
(0.3969376524539839, 0.5, 0.5)
(0.3969376524539839, 0.5, 0.5)
(0.3824551128420954, 0.5, 0.5)
(0.3824551128420954, 0.5, 0.5)
(0.3824551128420954, 0.5, 0.5)
(0.3824551128420954, 0.5, 0.5)
(0.3824551128420954, 0.5, 0.5)
(0.3824551128420954, 0.5, 0.5)
(0.40774451134895656, 0.5, 0.5)
(0.46714986465284064, 0.5, 0.5)
(0.46714986465284064, 0.5, 0.5)
(0.46714986465284064, 0.5, 0.5)
(0.46714986465284064, 0.5, 0.5)
(0.5289450664446432, 0.5, 0.5)
(0.5992969096071714, 0.5, 0.5)
(0.5992969096071714, 0.5, 0.5)
(0.5992969096071714, 0.5, 0.5)
(0.5992969096071714, 0.5, 0.5)
(0.7116416721100999, 0.5, 0.5)
(1, 0.6403679839800246, 0)
(1, 0.6403679839800246, 0)
(1, 0.6403679839800246, 0)
(1, 0.6403679839800246, 0)
(1, 0.6403679839800246, 0)
(1, 0.6403679839800246, 0)
(1, 0.6403679839800246, 0)
(1, 0.8436395048605242, 0)
(1, 1, 0)
(1, 1, 0.5120178914224851)
(1, 1, 0.545722702320711)
(1, 1, 0.5715475762091797)
(1, 1, 0.5715475762091797)
(1, 1, 0.5715475762091797)
(1, 1, 0.5715475762091797)
(1, 1, 0.5979164039773717)
(1, 1, 0.6985972478966538)
(1, 1, 0.6985972478966538)
(1, 1, 0.6985972478966538)
(1, 1, 0.6985972478966538)
(1, 1, 0.6985972478966538)
(1, 1, 0.6985972478966538)
(1, 1, 0.7267716479751182)
(1, 1, 0.7065813364451073)
(1, 1, 0.6818889902170066)
(1, 1, 0.6500930653116392)
(1, 1, 0.6500930653116392)
(1, 1, 0.6500930653116392)
(1, 1, 0.6500930653116392)
(1, 1, 0.6500930653116392)
(1, 1, 0.6097545588382732)
(1, 1, 0.5778645451618046)
(1, 1, 0.532965415283537)
(1, 1, 0)
(1, 1, 0)
(1, 1, 0)
(1, 1, 0)
(1, 0.592881854519883, 0)
(1, 0.5808761614253122, 0)
(1, 0.5808761614253122, 0)
(1, 0.5808761614253122, 0)
(0.7583833310813956, 0.5, 0.5)
(0.742642696969079, 0.5, 0.5)
(0.742642696969079, 0.5, 0.5)
(0.742642696969079, 0.5, 0.5)
(0.742642696969079, 0.5, 0.5)
(0.7292689171359835, 0.5, 0.5)
(0.720759611817674, 0.5, 0.5)
(0.720759611817674, 0.5, 0.5)
(0.720759611817674, 0.5, 0.5)
(0.6881177900292132, 0.5, 0.5)
(0.6015624154413027, 0.5, 0.5)
(0.6015624154413027, 0.5, 0.5)
(0.6015624154413027, 0.5, 0.5)
(0.6015624154413027, 0.5, 0.5)
(0.48441600681150937, 0.5, 0.5)
(0.30243007268424554, 0.5, 0.5)
(0.30243007268424554, 0.5, 0.5)
(0.30243007268424554, 0.5, 0.5)
(0.2482473248500259, 0.5, 0.5)
(0.4728255402220755, 0.5, 0.5)
(0.4728255402220755, 0.5, 0.5)
(0.4728255402220755, 0.5, 0.5)
(0.4728255402220755, 0.5, 0.5)
(0.6012369269033664, 0.5, 0.5)
(0.6878202456794692, 0.5, 0.5)
(0.6878202456794692, 0.5, 0.5)
(0.6878202456794692, 0.5, 0.5)
(0.7260792316469846, 0.5, 0.5)
(0.7086019672009063, 0.5, 0.5)
(0.7086019672009063, 0.5, 0.5)
(0.7086019672009063, 0.5, 0.5)
(0.7086019672009063, 0.5, 0.5)
(0.7086019672009063, 0.5, 0.5)
(0.7086019672009063, 0.5, 0.5)
(1, 0.6007312919170488, 0)
(1, 0.7340968016997808, 0)
(1, 0.8205968137385521, 0)
(1, 0.8847426200634086, 0)
(1, 0.8847426200634086, 0)
(1, 0.8847426200634086, 0)
(1, 0.8847426200634086, 0)
(1, 0.9247840489506861, 0)
(1, 0.9036471869540341, 0)
(1, 0.9036471869540341, 0)
(1, 0.9036471869540341, 0)
(1, 0.8764710338479081, 0)
(1, 0.8382045600007902, 0)
(1, 0.8382045600007902, 0)
(1, 0.8382045600007902, 0)
(1, 0.8382045600007902, 0)
(1, 0.7820721592124869, 0)
(1, 0.6838667391923912, 0)
(1, 0.6838667391923912, 0)
(1, 0.6838667391923912, 0)
(1, 0.6838667391923912, 0)
(1, 0.6838667391923912, 0)
(1, 0.6797179739854571, 0)
(1, 0.8213670578824561, 0)
(1, 0.9112304577728807, 0)
(1, 0.9112304577728807, 0)
(1, 0.9349644128735304, 0)
(1, 0.7965674259380757, 0)
(1, 0.7965674259380757, 0)
(1, 0.7965674259380757, 0)
(1, 0.7965674259380757, 0)
(1, 0.7965674259380757, 0)
(1, 0.6533269422551754, 0)
(1, 0.6806764495809915, 0)
(1, 0.6806764495809915, 0)
(1, 0.7177112750682059, 0)
(1, 0.7667160103750181, 0)
(1, 0.7667160103750181, 0)
(1, 0.7667160103750181, 0)
(1, 0.7667160103750181, 0)
(1, 0.7667160103750181, 0)
(1, 0.7667160103750181, 0)
(1, 0.7667160103750181, 0)
(1, 0.7667160103750181, 0)
(1, 0.7667160103750181, 0)
(1, 0.7667160103750181, 0)
(1, 0.7667160103750181, 0)
(1, 0.7667160103750181, 0)
(1, 0.7853633923557811, 0)
(1, 0.7641878837247223, 0)
(1, 0.7410545672865612, 0)
(1, 0.7155568075796589, 0)
(1, 0.6871600343777254, 0)
(1, 0.6551194385947087, 0)
(1, 0.6183655262360639, 0)
(0.7670066656376631, 0.5, 0.5)
(0.6975050146359125, 0.5, 0.5)
(0.6975050146359125, 0.5, 0.5)
(0.6975050146359125, 0.5, 0.5)
(0.6975050146359125, 0.5, 0.5)
(0.6983972599876996, 0.5, 0.5)
(0.6983972599876996, 0.5, 0.5)
(0.6983972599876996, 0.5, 0.5)
(0.6983972599876996, 0.5, 0.5)
(0.6983972599876996, 0.5, 0.5)
(0.6983972599876996, 0.5, 0.5)
(0.7393678952432755, 0.5, 0.5)
(1, 0.6025365714042429, 0)
(1, 0.642793425769439, 0)
(1, 0.677457947985916, 0)
(1, 0.677457947985916, 0)
(1, 0.677457947985916, 0)
(1, 0.707449525956659, 0)
(1, 0.7321900823122776, 0)
(1, 0.7321900823122776, 0)
(1, 0.7321900823122776, 0)
(1, 0.7321900823122776, 0)
(1, 0.7321900823122776, 0)
(1, 0.7139117949282126, 0)
(1, 0.5997878146091321, 0)
(0.5117124718106641, 0.5, 0.5)
(0.5117124718106641, 0.5, 0.5)
(0.5117124718106641, 0.5, 0.5)
(0.5117124718106641, 0.5, 0.5)
(0.5117124718106641, 0.5, 0.5)
(0.5117124718106641, 0.5, 0.5)
(0.5117124718106641, 0.5, 0.5)
(0, 0.5, 0.5)
(0.11833922596338368, 0.5, 0.5)
(0.3117505659228121, 0.5, 0.5)
(0.43336022073065505, 0.5, 0.5)
(0.5222631720941181, 0.5, 0.5)
(0.5222631720941181, 0.5, 0.5)
(0.5222631720941181, 0.5, 0.5)
(0.5222631720941181, 0.5, 0.5)
(0.587938861887697, 0.5, 0.5)
(0.572245469665114, 0.5, 0.5)
(0.572245469665114, 0.5, 0.5)
(0.572245469665114, 0.5, 0.5)
(0.572245469665114, 0.5, 0.5)
(0.572245469665114, 0.5, 0.5)
(0.696820968791653, 0.5, 0.5)
(1, 0.6799373762021752, 0)
(1, 0.775743267193878, 0)
(1, 0.775743267193878, 0)
(1, 0.775743267193878, 0)
(1, 0.8080752480095892, 0)
(1, 0.7151889103473368, 0)
(1, 0.7151889103473368, 0)
(1, 0.7151889103473368, 0)
(1, 0.7151889103473368, 0)
(1, 0.6334149249115442, 0)
(1, 0.6334149249115442, 0)
(1, 0.6334149249115442, 0)
(1, 0.6334149249115442, 0)
(1, 0.6367729142703097, 0)
(1, 0.6454410806908951, 0)
(1, 0.6454410806908951, 0)
(1, 0.6454410806908951, 0)
(1, 0.6454410806908951, 0)
(1, 0.6454410806908951, 0)
(1, 0.6304556668977745, 0)
(0.7572737537312223, 0.5, 0.5)
(0.6459089529509033, 0.5, 0.5)
(0.6459089529509033, 0.5, 0.5)
(0.6459089529509033, 0.5, 0.5)
(0.5241632776821871, 0.5, 0.5)
(0.4895909788159198, 0.5, 0.5)
(0.4895909788159198, 0.5, 0.5)
(0.4895909788159198, 0.5, 0.5)
(0.4895909788159198, 0.5, 0.5)
(0.45910717227462916, 0.5, 0.5)
(0.4396430795557602, 0.5, 0.5)
(0.4396430795557602, 0.5, 0.5)
(0.4269655770502696, 0.5, 0.5)
(0.4269655770502696, 0.5, 0.5)
(0.4269655770502696, 0.5, 0.5)
(0.4269655770502696, 0.5, 0.5)
(0.4269655770502696, 0.5, 0.5)
(0.4269655770502696, 0.5, 0.5)
(0.4269655770502696, 0.5, 0.5)
(0.4269655770502696, 0.5, 0.5)
(0.4269655770502696, 0.5, 0.5)
(0.4269655770502696, 0.5, 0.5)
(0.4269655770502696, 0.5, 0.5)
(0.4189786801092797, 0.5, 0.5)
(0.39696129687879317, 0.5, 0.5)
(0.39696129687879317, 0.5, 0.5)
(0.39696129687879317, 0.5, 0.5)
(0.39696129687879317, 0.5, 0.5)
(0.39696129687879317, 0.5, 0.5)
(0.39696129687879317, 0.5, 0.5)
(0.39696129687879317, 0.5, 0.5)
(0.39696129687879317, 0.5, 0.5)
(0.3824551128420954, 0.5, 0.5)
(0.3824551128420954, 0.5, 0.5)
(0.3824551128420954, 0.5, 0.5)
(0.3824551128420954, 0.5, 0.5)
(0.3824551128420954, 0.5, 0.5)
(0.3824551128420954, 0.5, 0.5)
(0.3824551128420954, 0.5, 0.5)
(0.3824551128420954, 0.5, 0.5)
(0.3824551128420954, 0.5, 0.5)
(0.3824551128420954, 0.5, 0.5)
(0.3824551128420954, 0.5, 0.5)
(0.3824551128420954, 0.5, 0.5)
(0.3824551128420954, 0.5, 0.5)
(0.3824551128420954, 0.5, 0.5)
(0.3906414604069955, 0.5, 0.5)
(0.4135764033053943, 0.5, 0.5)
(0.4135764033053943, 0.5, 0.5)
(0.4135764033053943, 0.5, 0.5)
(0.4269655770502696, 0.5, 0.5)
(0.4269655770502696, 0.5, 0.5)
(0.4269655770502696, 0.5, 0.5)
(0.4269655770502696, 0.5, 0.5)
(0.4269655770502696, 0.5, 0.5)
(0.4269655770502696, 0.5, 0.5)
(0.4269655770502696, 0.5, 0.5)
(0.4269655770502696, 0.5, 0.5)
(0.4269655770502696, 0.5, 0.5)
(0.4269655770502696, 0.5, 0.5)
(0.4269655770502696, 0.5, 0.5)
(0.4269655770502696, 0.5, 0.5)
(0.4269655770502696, 0.5, 0.5)
(0.4269655770502696, 0.5, 0.5)
(0.4269655770502696, 0.5, 0.5)
(0.4347363744608162, 0.5, 0.5)
(0.4544514811429155, 0.5, 0.5)
(0.4544514811429155, 0.5, 0.5)
(0.4662265889357308, 0.5, 0.5)
(0.4662265889357308, 0.5, 0.5)
(0.4662265889357308, 0.5, 0.5)
(0.4662265889357308, 0.5, 0.5)
(0.4662265889357308, 0.5, 0.5)
(0.4798198045880451, 0.5, 0.5)
(0.5136641543013779, 0.5, 0.5)
(0.5136641543013779, 0.5, 0.5)
(0.5709877868102666, 0.5, 0.5)
(0.6544273828701554, 0.5, 0.5)
(0.6544273828701554, 0.5, 0.5)
(0.6544273828701554, 0.5, 0.5)
(0.6544273828701554, 0.5, 0.5)
(0.6544273828701554, 0.5, 0.5)
(0.6544273828701554, 0.5, 0.5)
(0.6544273828701554, 0.5, 0.5)
(0.6544273828701554, 0.5, 0.5)
(0.6544273828701554, 0.5, 0.5)
(0.6544273828701554, 0.5, 0.5)
(0.7527543159644194, 0.5, 0.5)
(1, 0.6491988545298966, 0)
(1, 0.7123131473025887, 0)
(1, 0.7626669183108605, 0)
(1, 0.8045554170563688, 0)
(1, 0.8404222306980479, 0)
(1, 0.8717830635904662, 0)
(1, 0.8717830635904662, 0)
(1, 0.8066649316306017, 0)
(1, 0.8066649316306017, 0)
(1, 0.8066649316306017, 0)
(1, 0.8066649316306017, 0)
(1, 0.8066649316306017, 0)
(1, 0.7412647604451207, 0)
(1, 0.7105002937785297, 0)
(1, 0.7105002937785297, 0)
(1, 0.7569692376194466, 0)
(1, 0.8792478832189675, 0)
(1, 0.8792478832189675, 0)
(1, 0.8792478832189675, 0)
(1, 0.8792478832189675, 0)
(1, 0.8792478832189675, 0)
(1, 0.8792478832189675, 0)
(1, 0.9102135260006812, 0)
(1, 0.8343596331381324, 0)
(1, 0.7249447388357245, 0)
(0.7011064043799484, 0.5, 0.5)
(0.7011064043799484, 0.5, 0.5)
(0.7011064043799484, 0.5, 0.5)
(0.7011064043799484, 0.5, 0.5)
(0.7011064043799484, 0.5, 0.5)
(0.7011064043799484, 0.5, 0.5)
(0.7011064043799484, 0.5, 0.5)
(0.7011064043799484, 0.5, 0.5)
(0.7011064043799484, 0.5, 0.5)
(0.7011064043799484, 0.5, 0.5)
(0, 0.5, 0.5)
(0.08088829777178493, 0.5, 0.5)
(0.285664709925617, 0.5, 0.5)
(0.411570966888674, 0.5, 0.5)
(0.5027501690060404, 0.5, 0.5)
(0.5742639610895507, 0.5, 0.5)
(0.6331175641928332, 0.5, 0.5)
(0.6331175641928332, 0.5, 0.5)
(0.6365017968577277, 0.5, 0.5)
(0.6365017968577277, 0.5, 0.5)
(0.6365017968577277, 0.5, 0.5)
(0.6365017968577277, 0.5, 0.5)
(0.6365017968577277, 0.5, 0.5)
(0.6365017968577277, 0.5, 0.5)
(0.6569444837310097, 0.5, 0.5)
(0.7054970889581123, 0.5, 0.5)
(0.7054970889581123, 0.5, 0.5)
(0.7054970889581123, 0.5, 0.5)
(0.7054970889581123, 0.5, 0.5)
(0.7054970889581123, 0.5, 0.5)
(0.7054970889581123, 0.5, 0.5)
(0.7054970889581123, 0.5, 0.5)
(0.7054970889581123, 0.5, 0.5)
(1, 0.7352020082980948, 0)
(1, 0.9520538626548122, 0)
(1, 1, 0)
(1, 1, 0)
(1, 1, 0.5351275294299576)
(1, 1, 0.5351275294299576)
(1, 1, 0.5551208657172747)
(1, 1, 0.5524744386946101)
(1, 1, 0.5524744386946101)
(1, 1, 0.5524744386946101)
(1, 1, 0.5524744386946101)
(1, 1, 0.5524744386946101)
(1, 1, 0.5524744386946101)
(1, 1, 0.5435706528864706)
(1, 1, 0.5218997218939233)
(1, 1, 0)
(1, 1, 0)
(1, 1, 0)
(1, 1, 0)
(1, 1, 0)
(1, 1, 0)
(1, 0.9854643552882574, 0)
(1, 0.9087041512929557, 0)
(1, 0.9087041512929557, 0)
(1, 0.9087041512929557, 0)
(1, 0.8372036732988377, 0)
(1, 0.8553428719080459, 0)
(1, 0.8553428719080459, 0)
(1, 0.8553428719080459, 0)
(1, 0.8553428719080459, 0)
(1, 0.8586742068563125, 0)
(1, 0.8379602558108395, 0)
(1, 0.8379602558108395, 0)
(1, 0.8379602558108395, 0)
(1, 0.8379602558108395, 0)
(1, 0.8136918730032734, 0)
(1, 0.7835758835852554, 0)
(1, 0.7835758835852554, 0)
(1, 0.7835758835852554, 0)
(1, 0.7525850796147054, 0)
(1, 0.7232086914183758, 0)
(1, 0.7232086914183758, 0)
(1, 0.7232086914183758, 0)
(1, 0.7232086914183758, 0)
(1, 0.7232086914183758, 0)
(1, 0.7232086914183758, 0)
(1, 0.6733803468791824, 0)
(0.7632759819980737, 0.5, 0.5)
(0.5339923668472821, 0.5, 0.5)
(0.5339923668472821, 0.5, 0.5)
(0.5339923668472821, 0.5, 0.5)
(0.5339923668472821, 0.5, 0.5)
(0.0841065718267891, 0.5, 0.5)
(0.015886054992043798, 0.5, 0.5)
(0.015886054992043798, 0.5, 0.5)
(0.015886054992043798, 0.5, 0.5)
(0.09303932047219353, 0.5, 0.5)
(0.2982768920889011, 0.5, 0.5)
(0.2982768920889011, 0.5, 0.5)
(0.2982768920889011, 0.5, 0.5)
(0.2982768920889011, 0.5, 0.5)
(0.3912669080959428, 0.5, 0.5)
(0.41367765409383767, 0.5, 0.5)
(0.41367765409383767, 0.5, 0.5)
(0.41367765409383767, 0.5, 0.5)
(0.4422390840654648, 0.5, 0.5)
(0.4798914088181607, 0.5, 0.5)
(0.4798914088181607, 0.5, 0.5)
(0.4798914088181607, 0.5, 0.5)
(0.4798914088181607, 0.5, 0.5)
(0.5075863297327202, 0.5, 0.5)
(0.5235694801883867, 0.5, 0.5)
(0.5235694801883867, 0.5, 0.5)
(0.5235694801883867, 0.5, 0.5)
(0.5214390891307211, 0.5, 0.5)
(0.48854186546154077, 0.5, 0.5)
(0.48854186546154077, 0.5, 0.5)
(0.48854186546154077, 0.5, 0.5)
(0.48854186546154077, 0.5, 0.5)
(0.45202942260737267, 0.5, 0.5)
(0.4110025234436416, 0.5, 0.5)
(0.4110025234436416, 0.5, 0.5)
(0.4110025234436416, 0.5, 0.5)
(0.3824551128420954, 0.5, 0.5)
(0.3824551128420954, 0.5, 0.5)
(0.3824551128420954, 0.5, 0.5)
(0.3824551128420954, 0.5, 0.5)
(0.4081483852256825, 0.5, 0.5)
(0.4684744738706294, 0.5, 0.5)
(0.4684744738706294, 0.5, 0.5)
(0.4684744738706294, 0.5, 0.5)
(0.4684744738706294, 0.5, 0.5)
(0.4684744738706294, 0.5, 0.5)
(0.4684744738706294, 0.5, 0.5)
(0.5253930843737479, 0.5, 0.5)
(0.5822937073980431, 0.5, 0.5)
(0.5822937073980431, 0.5, 0.5)
(0.5822937073980431, 0.5, 0.5)
(0.5822937073980431, 0.5, 0.5)
(0.6309187342607289, 0.5, 0.5)
(0.6733986321874812, 0.5, 0.5)
(0.6733986321874812, 0.5, 0.5)
(0.6733986321874812, 0.5, 0.5)
(0.707650396777796, 0.5, 0.5)
(0.7335446058390579, 0.5, 0.5)
(0.7335446058390579, 0.5, 0.5)
(0.7335446058390579, 0.5, 0.5)
(0.7516529157849182, 0.5, 0.5)
(0.7594179539774678, 0.5, 0.5)
(0.7594179539774678, 0.5, 0.5)
(0.7594179539774678, 0.5, 0.5)
(0.7594179539774678, 0.5, 0.5)
(0.7612995010837854, 0.5, 0.5)
(0.7535741446331251, 0.5, 0.5)
(0.7535741446331251, 0.5, 0.5)
(0.7535741446331251, 0.5, 0.5)
(0.7456645272393526, 0.5, 0.5)
(0.7375611262524985, 0.5, 0.5)
(0.7375611262524985, 0.5, 0.5)
(0.7375611262524985, 0.5, 0.5)
(0.7375611262524985, 0.5, 0.5)
(0.7292550540797932, 0.5, 0.5)
(0.7207348618492989, 0.5, 0.5)
(0.7207348618492989, 0.5, 0.5)
(0.7207348618492989, 0.5, 0.5)
(0.7152980562124712, 0.5, 0.5)
(0.7152980562124712, 0.5, 0.5)
(0.7152980562124712, 0.5, 0.5)
(0.7152980562124712, 0.5, 0.5)
(0.7086347402133039, 0.5, 0.5)
(0.6901920428714665, 0.5, 0.5)
(0.6901920428714665, 0.5, 0.5)
(0.6901920428714665, 0.5, 0.5)
(0.6668582778582551, 0.5, 0.5)
(0.6349567549854557, 0.5, 0.5)
(0.6349567549854557, 0.5, 0.5)
(0.6349567549854557, 0.5, 0.5)
(0.6349567549854557, 0.5, 0.5)
(0.6349567549854557, 0.5, 0.5)
(0.5852417547682319, 0.5, 0.5)
(0.49671161616427656, 0.5, 0.5)
(0.49671161616427656, 0.5, 0.5)
(0.49671161616427656, 0.5, 0.5)
(0.3937506903481818, 0.5, 0.5)
(0.2860064688123254, 0.5, 0.5)
(0.2860064688123254, 0.5, 0.5)
(0.2860064688123254, 0.5, 0.5)
(0.2860064688123254, 0.5, 0.5)
(0.2111268384851318, 0.5, 0.5)
(0.24817884125654557, 0.5, 0.5)
(0.24817884125654557, 0.5, 0.5)
(0.24817884125654557, 0.5, 0.5)
(0.24817884125654557, 0.5, 0.5)
(0.2930163366341487, 0.5, 0.5)
(0.350834265220151, 0.5, 0.5)
(0.350834265220151, 0.5, 0.5)
(0.350834265220151, 0.5, 0.5)
(0.350834265220151, 0.5, 0.5)
(0.39984622376024676, 0.5, 0.5)
(0.442207480924471, 0.5, 0.5)
(0.442207480924471, 0.5, 0.5)
(0.442207480924471, 0.5, 0.5)
(0.442207480924471, 0.5, 0.5)
(0.5051800351015032, 0.5, 0.5)
(0.5913419894791029, 0.5, 0.5)
(0.5913419894791029, 0.5, 0.5)
(0.5913419894791029, 0.5, 0.5)
(0.5913419894791029, 0.5, 0.5)
(0.5913419894791029, 0.5, 0.5)
(0.5913419894791029, 0.5, 0.5)
(0.5913419894791029, 0.5, 0.5)
(1, 0.9241883412404999, 0)
(1, 1, 0.5431906700533218)
(1, 1, 0.601915887974315)
(1, 1, 0.6401314631648894)
(1, 1, 0.6685135967133625)
(1, 1, 0.6685135967133625)
(1, 1, 0.6685135967133625)
(1, 1, 0.6894756358848689)
(1, 1, 0.6820859060202511)
(1, 1, 0.6820859060202511)
(1, 1, 0.6820859060202511)
(1, 1, 0.6820859060202511)
(1, 1, 0.6919435607203618)
(1, 1, 0.7234074317577188)
(1, 1, 0.7234074317577188)
(1, 1, 0.7234074317577188)
(1, 1, 0.7234074317577188)
(1, 1, 0.7234074317577188)
(1, 1, 0.7362467387072738)
(1, 1, 0.7281365074263605)
(1, 1, 0.719387366500045)
(1, 1, 0.7098905801254154)
(1, 1, 0.7098905801254154)
(1, 1, 0.7098905801254154)
(1, 1, 0.7098905801254154)
(1, 1, 0.6954988547142492)
(1, 1, 0.6563444757627789)
(1, 1, 0.6563444757627789)
(1, 1, 0.6563444757627789)
(1, 1, 0.6563444757627789)
(1, 1, 0.6563444757627789)
(1, 1, 0.6178524718987792)
(1, 1, 0.6043028386699246)
(1, 1, 0.5888675849146244)
(1, 1, 0.5888675849146244)
(1, 1, 0.5888675849146244)
(1, 1, 0.5888675849146244)
(1, 1, 0.5677727231480817)
(1, 1, 0.5304353665949542)
(1, 1, 0.5304353665949542)
(1, 1, 0.5304353665949542)
(1, 1, 0)
(1, 0.9618201350159957, 0)
(1, 0.9618201350159957, 0)
(1, 0.9618201350159957, 0)
(1, 0.9618201350159957, 0)
(1, 1, 0)
(1, 1, 0.6211735547198725)
(1, 1, 0.6767622362311649)
(1, 1, 0.6767622362311649)
(1, 1, 0.6767622362311649)
(1, 1, 0.6767622362311649)
(1, 1, 0.6767622362311649)
(1, 1, 0.6767622362311649)
(1, 1, 0.7127246011379332)
(1, 1, 0.7378564888952259)
(1, 1, 0.7583393145596754)
(1, 1, 0.7583393145596754)
(1, 1, 0.7583393145596754)
(1, 1, 0.7675283643313485)
(1, 1, 0.7531916933841907)
(1, 1, 0.7531916933841907)
(1, 1, 0.7531916933841907)
(1, 1, 0.7531916933841907)
(1, 1, 0.7531916933841907)
(1, 1, 0.7531916933841907)
(1, 1, 0.7531916933841907)
(1, 1, 0.7352027356623476)
(1, 1, 0.7106186793598849)
(1, 1, 0.6790055861078553)
(1, 1, 0.6346492867845472)
(1, 1, 0.5597020751435122)
(1, 1, 0.5597020751435122)
(1, 1, 0.5597020751435122)
(0.7652101525696492, 0.5, 0.5)
(1, 0.5999585761558778, 0)
(1, 0.5999585761558778, 0)
(1, 0.5999585761558778, 0)
(1, 0.5999585761558778, 0)
(1, 0.5999585761558778, 0)
(1, 0.5999585761558778, 0)
(1, 0.5999585761558778, 0)
(1, 0.5999585761558778, 0)
(1, 0.5999585761558778, 0)
(1, 0.5965627478915149, 0)
(0.7205688998444013, 0.5, 0.5)
(0.6238952300698876, 0.5, 0.5)
(0.48717544552287245, 0.5, 0.5)
(0.25138750864707055, 0.5, 0.5)
(1, 0.7150839742705197, 0)
(1, 1, 0.7187079288735931)
(1, 1, 0.7187079288735931)
(1, 1, 0.7187079288735931)
(1, 1, 0.7187079288735931)
(1, 1, 0.7187079288735931)
(1, 1, 0.7187079288735931)
(1, 1, 0.7187079288735931)
(1, 1, 0.7187079288735931)
(1, 1, 0.7187079288735931)
(1, 1, 0.7187079288735931)
(1, 1, 0.7644400527668918)
(1, 1, 0.7445525613597208)
(1, 1, 0.7203095478532937)
(1, 1, 0.6892567179701748)
(1, 1, 0.6460065521288088)
(1, 1, 0.574225887724523)
(1, 0.6956698186354817, 0)
(1, 0.69566981863548