16.69,14.52,-1.21,-20.01,-24.19,-4.56,9.17,-0.45,-11.33,-21.36,-7.81,-2.28,11.64
15.54,47.52,12.65,-56.65,-25.37,-6.22,47.21,-17.73,-1.11,-15.66,44.13,-2.5,10.05
15.56,33.02,1.89,-33.37,-7.49,-2.67,23.37,-11.66,-3.05,-20.71,11.48,-4.97,13.42
15.46,49.11,13.28,-45.42,-2.93,1.83,38.55,-14.38,-0.96,-29.92,18.74,-16.68,14.7
16.04,28.74,0.83,-31.13,-15.3,-8.74,14.74,-13.03,-7.36,-22.2,6.02,-2.32,17.67
15.84,32.79,3.98,-29.34,-16.09,-10.99,13.69,-13.31,-5.29,-21.36,6.76,-6.25,13.49
15.67,40.48,4.16,-37.33,-4.55,-11.64,27.39,-11.17,2.42,-27.7,0.54,-18.26,4.53
15.64,37.95,6.51,-33.18,-12.24,-5.03,27.52,-9.88,-0.86,-30.1,4.14,-13.1,20.86
16.83,47.16,5.05,-52.12,-5.31,-20.06,42.09,-17.86,0.52,-36.1,8.87,-7.99,29.7
16.36,53.81,14.63,-59.94,-15.46,-7.59,41.6,-34.35,-13.98,-34.23,20.16,-23.33,9.86
16.15,47.73,12.82,-49.95,-12.04,-2.7,45.88,-11.76,0.76,-27.39,13.46,-16.69,7.72
16.4,28.98,1.65,-24.7,-10.76,-3.96,15.08,-11.7,-5.65,-15.8,11.07,-0.89,10.55
15.66,48.22,11.8,-47.77,-9.68,-7.74,29.61,-29.8,-12.33,-34.52,17.81,-11.4,7.41
16.07,25.93,1.72,-26.19,-16.17,-7.4,16.64,-6.88,-7.29,-22.84,1.28,-4.9,7.64
16.29,31.48,3.6,-38.08,-22.0,-10.26,22.42,-13.52,-10.17,-30.02,6.03,-8.48,8.03
16.02,34.36,5.39,-32.3,-19.57,-12.89,18.49,-11.55,-3.46,-25.57,5.63,-8.33,13.95
15.81,30.63,4.36,-33.38,-18.72,-10.59,22.57,-7.45,-5.6,-26.74,7.07,-2.56,13.73
15.97,46.29,9.23,-50.78,-8.92,-10.1,34.91,-20.97,-5.89,-34.34,8.78,-12.66,10.27
15.42,33.27,4.86,-32.14,-9.56,-4.0,26.48,-11.28,-9.44,-35.88,-5.06,-15.3,6.85
15.02,32.8,-0.38,-38.99,-11.34,-3.43,30.79,-6.61,2.88,-17.21,17.68,-6.32,6.33
15.6,30.44,0.72,-33.22,-17.13,-16.47,6.3,-21.59,-13.81,-30.99,-6.81,-16.32,3.23
15.4,44.03,10.24,-48.19,-8.57,-0.14,34.95,-17.34,-5.15,-32.27,14.69,-13.67,7.48
15.09,32.55,3.56,-32.51,-10.29,-3.48,21.64,-13.11,-4.25,-18.79,12.46,-2.1,10.81
15.21,31.38,5.29,-26.96,-9.14,0.81,28.95,-5.84,-8.69,-30.81,1.36,-9.5,8.06
15.6,38.23,8.2,-38.41,-12.45,-2.18,35.77,-8.08,-1.81,-32.33,1.15,-19.8,9.39
15.6,26.13,-1.69,-31.45,-17.01,-11.66,10.52,-19.91,-21.55,-42.5,-14.34,-17.22,6.2
15.3,29.94,0.92,-33.34,-12.03,-2.73,25.41,-7.23,-2.87,-25.43,0.95,-12.82,7.08
15.77,23.77,0.4,-19.34,-7.26,0.57,14.87,-9.98,-15.08,-28.2,-6.46,-8.03,6.06
16.37,28.23,2.62,-29.47,-12.09,-2.71,24.85,-8.46,-10.92,-34.08,-3.28,-8.46,12.83
15.76,27.47,-2.19,-32.56,-17.8,-11.79,8.01,-20.58,-12.33,-21.5,8.72,-3.8,8.46
15.81,34.64,5.62,-43.41,-28.52,-16.78,18.6,-24.81,-20.26,-41.61,0.91,-16.96,5.92
15.5,30.71,7.37,-20.3,-11.64,-6.18,16.43,-8.09,-10.28,-34.47,-12.33,-14.76,8.34
15.83,37.5,7.86,-36.11,-15.68,-12.37,21.02,-19.25,-11.74,-36.3,1.44,-9.22,17.3
15.55,43.91,14.71,-39.74,-26.15,-21.1,15.59,-22.73,-7.16,-25.53,22.08,-0.21,16.4
15.44,25.03,2.25,-20.06,-11.82,-6.13,13.18,-2.52,-1.3,-12.21,2.78,-1.36,9.05
15.35,32.45,6.93,-23.76,-7.06,-1.4,20.21,-15.18,-16.75,-36.07,-6.35,-13.36,5.02
15.54,25.29,3.55,-18.41,-13.29,-9.26,6.84,-8.95,-10.02,-21.92,-6.98,-9.14,1.61
15.27,39.35,8.82,-35.55,-13.93,-18.25,19.05,-12.13,-4.07,-33.78,-4.98,-17.32,11.27
15.37,40.91,4.26,-39.88,-3.99,-12.61,33.3,-5.98,8.32,-22.31,9.8,-6.7,16.1
16.28,22.43,-2.27,-26.61,-13.76,-6.74,19.86,0.52,-1.43,-28.55,-10.67,-10.52,17.04
16.19,33.26,2.05,-37.86,-8.17,-8.22,23.76,-20.48,-13.66,-46.39,-9.63,-17.17,19.81
16.04,23.06,-8.68,-35.15,-4.38,-6.75,17.12,-18.35,-15.27,-38.81,-10.06,-12.5,10.69
17.5,21.29,-7.66,-37.82,-11.21,-0.72,25.21,-15.98,-19.82,-45.25,-14.23,-17.64,11.47
17.26,43.96,0.77,-48.88,-2.5,4.62,43.51,-29.23,-9.55,-46.33,12.47,-20.12,24.59
17.78,25.76,-9.68,-45.2,-0.11,1.42,25.14,-36.81,-27.92,-47.95,3.15,-9.86,16.1
17.12,26.28,-3.98,-36.12,-5.24,5.95,33.51,-13.66,-11.56,-32.41,10.94,0.51,22.17
16.58,33.61,-1.55,-46.67,-13.01,-8.65,27.08,-22.38,-10.81,-36.25,7.42,-10.68,13.2
17.89,21.36,-10.86,-38.93,-7.92,1.0,28.99,-9.61,-6.43,-31.21,4.27,-2.44,24.2
18.63,32.65,0.22,-56.95,-19.21,-0.26,48.58,-21.68,-13.94,-45.74,15.51,-10.1,28.56
17.91,37.7,5.38,-59.53,-32.88,-14.8,48.03,-7.96,2.32,-39.34,3.41,-30.25,7.1
18.34,29.35,-9.61,-57.56,-23.19,-16.9,31.8,-6.36,9.58,-27.9,4.91,-15.96,17.37
18.01,21.53,-5.91,-33.14,-11.01,2.07,33.79,3.89,-1.44,-34.01,-9.6,-14.41,13.05
17.15,39.79,2.43,-51.56,-12.01,-2.03,43.29,-15.38,-0.99,-35.2,8.8,-18.73,14.41
17.66,47.3,-0.68,-56.97,-9.56,-4.65,45.32,-25.36,-1.22,-47.96,7.32,-29.6,18.2
17.56,16.7,-14.2,-44.39,-20.38,-8.87,17.51,-15.26,-15.2,-37.68,-11.88,-19.1,4.87
18.95,27.23,-2.14,-42.09,-16.97,-11.51,33.05,-2.05,1.02,-42.14,-8.98,-14.09,25.8
19.4,7.56,-23.01,-50.77,-31.12,-13.77,23.34,6.39,4.65,-25.37,-12.4,-19.43,5.07
19.41,19.3,-11.57,-44.57,-18.59,-0.64,38.95,6.82,7.36,-24.25,5.13,-8.13,16.81
18.92,48.54,-5.77,-82.32,0.07,1.17,61.21,-47.7,-2.51,-47.45,-5.91,-17.52,16.82
18.08,14.42,-14.3,-36.23,-19.57,-6.07,21.2,5.52,5.15,-17.7,-5.24,-12.46,7.19
18.48,15.58,-15.76,-43.47,-17.66,-4.3,23.49,-5.09,-2.59,-22.24,0.47,-9.34,8.08
17.57,20.25,-15.35,-49.62,-26.09,-14.45,14.7,-21.56,-15.12,-36.94,-0.52,-13.5,13.42
17.54,28.05,-5.42,-47.66,-22.73,-14.7,25.53,-7.86,-1.07,-33.97,-5.62,-22.61,2.81
18.0,31.53,-12.01,-63.03,-19.91,-16.09,30.21,-25.56,-11.12,-44.2,-0.18,-27.65,3.54
17.32,34.1,2.24,-46.88,-20.41,-4.41,33.76,-18.43,-15.25,-40.97,1.49,-24.32,-0.44
18.02,33.7,-4.08,-56.44,-25.16,-20.65,23.52,-19.64,-6.04,-38.28,-4.52,-29.83,-0.32
17.64,25.66,-5.28,-40.97,-17.77,-6.95,22.12,-13.81,-10.4,-31.24,-2.83,-19.25,-2.44
17.69,28.5,-6.23,-41.91,-16.56,-17.04,17.37,-12.38,-3.16,-30.16,-3.9,-15.12,7.51
18.41,27.77,-6.5,-54.29,-20.36,-7.02,38.26,-14.62,-10.04,-44.03,1.85,-16.92,12.29
17.55,22.21,-7.51,-40.5,-16.68,0.25,33.87,-2.6,-6.79,-37.7,-12.81,-29.4,-7.61
18.39,22.83,-8.9,-46.9,-13.95,2.72,34.96,-15.49,-15.29,-39.97,0.13,-17.88,4.39
18.97,23.32,-9.01,-42.09,-12.6,-0.33,34.3,-3.42,0.49,-31.26,-0.56,-16.83,8.75
17.81,23.88,-2.49,-32.46,-6.53,6.21,32.94,-9.33,-16.48,-44.38,-13.27,-22.17,0.3
18.18,31.38,-3.0,-44.13,-15.02,-2.57,37.14,-10.08,-7.07,-46.2,-7.0,-27.78,6.17
18.88,11.29,-16.77,-41.37,-15.2,0.43,29.95,-2.16,-8.97,-36.3,-11.64,-15.17,7.49
18.36,16.46,-11.47,-35.77,-13.54,-3.41,21.74,-10.94,-13.84,-37.51,-7.5,-8.18,18.46
19.39,38.09,-7.56,-52.12,7.72,-14.89,48.9,-23.13,-4.75,-45.77,-3.38,-11.46,17.91
18.77,19.9,-10.76,-38.31,-12.88,-4.39,19.53,-19.25,-20.58,-43.36,-8.9,-14.2,8.58
18.69,19.8,-8.52,-35.1,-7.66,3.86,27.68,-10.16,-11.93,-32.91,-3.98,-12.08,6.71
18.71,27.51,-8.04,-50.85,-11.79,-1.99,34.36,-21.4,-14.23,-43.45,3.15,-12.04,18.29
20.01,24.71,-5.93,-46.2,-10.72,3.72,45.94,-5.54,-7.25,-45.18,-2.99,-15.78,19.12
18.33,17.35,-9.5,-35.09,-15.23,-2.15,27.96,1.27,-3.33,-30.27,-5.46,-8.12,13.5
19.37,35.45,-14.2,-64.03,9.26,-5.68,61.95,-25.25,-1.31,-39.86,10.7,-5.36,20.74
18.02,25.48,-5.3,-39.67,-10.79,1.65,34.75,-12.59,-12.64,-43.37,-2.74,-13.37,16.77
18.41,36.67,-7.49,-49.64,4.59,-11.17,41.92,-24.93,-9.51,-38.84,4.26,-8.52,10.63
17.75,27.71,-10.77,-52.23,-16.29,-6.18,27.18,-26.62,-18.61,-50.42,-5.92,-26.11,11.34
17.58,27.09,-8.49,-42.25,-4.87,-4.27,24.36,-22.16,-15.15,-39.76,-5.53,-15.86,9.46
17.53,21.98,-8.45,-39.27,-11.34,3.07,29.33,-17.01,-19.89,-42.81,-3.15,-10.34,18.71
17.76,22.87,-9.94,-51.66,-20.65,-4.09,31.9,-21.18,-24.09,-54.55,-13.86,-30.18,-2.6
17.42,16.47,-13.22,-37.3,-9.21,7.94,32.75,-5.29,-8.57,-29.02,1.46,-9.45,10.52
17.47,40.14,-4.8,-60.2,-5.86,-8.34,37.25,-31.12,-8.26,-43.75,4.84,-20.32,12.68
17.57,26.07,-9.63,-44.99,-17.73,-10.18,23.65,-9.85,-0.83,-28.08,1.72,-11.84,16.49
17.83,25.16,-5.54,-45.42,-19.42,-6.38,32.59,-7.75,-8.75,-40.48,-6.85,-21.28,2.68
17.84,15.37,-16.32,-44.14,-23.17,-7.21,23.05,-3.68,-3.39,-26.53,-2.25,-12.08,10.48
16.97,10.13,-16.08,-33.17,-17.28,-5.58,11.83,-4.83,-4.15,-11.18,5.13,0.64,8.21
17.08,33.83,-4.36,-50.04,-11.96,-12.06,34.92,-9.6,3.26,-32.52,3.15,-15.41,12.83
17.74,21.32,-10.11,-49.96,-22.54,-10.28,27.72,-13.37,-6.78,-32.49,8.45,-6.2,15.68
17.05,27.79,-6.28,-39.82,-11.14,-9.91,24.63,-5.67,3.44,-23.42,2.3,-7.87,16.79
17.43,24.72,-8.33,-48.51,-18.16,-3.35,35.63,-5.52,-0.34,-28.3,6.82,-11.73,9.6
16.67,22.45,-8.07,-39.83,-17.88,-6.2,25.06,-6.87,-4.8,-29.05,2.8,-6.77,16.6
16.51,25.09,-6.49,-42.69,-18.96,-9.88,21.24,-11.27,-4.12,-28.03,-0.54,-13.52,9.67
18.39,12.37,-17.9,-42.27,-16.77,-0.8,26.59,-6.09,-5.82,-24.44,9.53,3.57,23.18
18.78,24.88,-8.64,-49.2,-6.95,5.42,39.45,-21.14,-15.0,-40.96,11.72,-3.19,24.83
18.21,30.2,-6.64,-44.38,-4.11,-0.85,37.25,-10.89,-2.64,-36.23,4.71,-11.34,20.52
17.38,15.82,-12.11,-33.0,-6.57,3.26,20.2,-13.78,-14.56,-29.14,-3.97,-9.36,7.64
18.24,46.07,-4.64,-74.61,-0.36,8.07,63.16,-32.43,9.45,-25.24,24.88,-12.89,22.99
17.47,34.82,-7.16,-48.84,0.73,-7.84,47.66,-7.89,3.73,-29.35,9.79,-8.66,9.76
18.1,11.95,-16.78,-36.36,-7.26,13.25,40.62,7.28,-0.76,-27.23,-4.33,-14.09,3.71
18.46,45.37,-7.73,-66.73,0.95,-16.5,65.21,-25.18,1.51,-35.07,8.05,-15.77,7.39
17.56,21.94,-6.53,-36.07,-16.5,-3.2,26.49,-5.44,-7.31,-30.25,-0.21,-11.22,5.04
17.46,22.37,-10.67,-45.95,-19.51,-10.41,20.62,-16.58,-13.19,-35.54,-2.63,-15.06,3.59
17.64,21.18,-5.49,-26.08,-7.17,2.77,23.46,-2.66,-5.79,-25.54,-4.97,-9.22,8.33
18.17,15.35,-10.94,-33.99,-10.81,4.31,31.34,1.47,-6.45,-32.18,-11.41,-15.53,4.41
19.74,21.21,-12.74,-50.21,-12.03,7.08,48.4,-2.2,-0.03,-36.48,4.63,-14.88,17.69
18.08,33.53,-4.91,-51.16,-5.07,-3.58,44.35,-14.71,-5.89,-46.42,-1.11,-17.84,16.08
19.39,30.89,-6.4,-48.91,-12.74,-11.04,36.73,-5.47,3.22,-35.88,-4.26,-21.23,10.16
19.2,36.6,-5.44,-42.62,1.24,-19.45,40.06,-2.82,13.02,-23.69,-4.94,-16.09,8.42
18.43,20.72,-10.52,-38.86,-18.25,-5.58,26.52,1.09,1.67,-28.51,-7.8,-17.28,9.88
18.29,30.8,-3.8,-50.03,-16.69,-6.18,37.75,-8.11,-1.14,-39.76,-4.28,-22.14,13.62
17.3,33.56,3.59,-38.2,-13.69,-2.25,40.97,2.29,4.12,-36.12,-5.01,-21.74,12.9
17.34,29.56,-1.09,-40.5,-16.06,-7.37,30.53,-3.93,1.64,-29.3,-1.04,-15.65,11.51
18.29,17.35,-9.7,-34.19,-13.86,1.21,32.43,6.36,-0.27,-31.6,-11.77,-18.51,2.59
17.43,20.95,-4.54,-32.29,-17.63,-6.7,25.75,7.35,5.15,-23.56,-7.8,-13.18,7.78
18.27,13.72,-13.48,-32.37,-19.38,-6.49,14.75,-1.9,-6.65,-26.05,-15.22,-21.18,-7.02
18.62,41.33,-4.63,-57.3,-9.62,-29.33,43.62,-13.58,3.56,-44.34,-12.69,-32.89,-2.85
19.06,26.95,-6.71,-42.54,-10.49,-0.47,44.11,5.89,8.25,-35.89,-6.46,-22.55,10.68
18.65,19.07,-7.53,-36.25,-14.69,-2.47,31.03,2.5,-2.43,-34.43,-11.18,-15.14,10.61
17.67,24.47,-0.76,-26.67,-8.63,-2.33,25.4,-1.41,-4.89,-38.74,-22.29,-29.38,-2.93
17.65,20.63,-1.39,-22.15,-0.39,12.94,39.08,9.25,-0.95,-29.23,-8.71,-9.3,12.35
19.23,34.59,1.41,-42.16,-1.78,0.59,49.99,-3.48,0.86,-51.03,-11.95,-26.71,13.17
18.84,30.49,-5.98,-45.34,-5.41,-8.53,37.28,-10.17,-4.26,-43.24,-7.05,-17.38,11.97
17.38,16.27,-9.1,-26.82,-10.14,4.04,25.17,2.57,-6.02,-28.23,-13.67,-18.09,-3.25
17.87,33.32,1.67,-43.63,-12.23,-0.68,43.8,-3.55,-1.15,-36.18,4.85,-12.64,16.62
17.42,23.31,-3.61,-34.85,-16.36,-7.44,28.56,1.78,0.02,-34.36,-10.94,-14.86,15.9
18.42,26.71,-0.67,-39.84,-17.86,-6.84,37.43,4.1,2.28,-40.68,-14.99,-25.83,8.87
18.11,36.75,1.08,-43.39,-8.78,-2.73,45.96,-0.4,6.6,-38.61,-3.45,-26.94,8.74
18.32,14.21,-12.34,-33.03,-14.7,-3.4,18.19,-3.44,-5.74,-23.01,-6.59,-11.45,1.65
17.56,23.51,-7.11,-34.69,-11.75,-2.02,23.72,-12.23,-12.13,-40.69,-12.78,-24.84,0.79
17.73,39.61,-7.99,-62.45,-6.16,-12.73,52.13,-13.75,6.08,-36.87,2.79,-26.69,1.15
17.48,34.52,3.59,-35.83,-16.44,-16.03,26.11,1.96,17.69,-23.09,-7.7,-32.99,-5.59
17.77,20.03,-2.36,-27.52,-17.96,-8.97,26.21,20.39,24.46,-6.62,-8.06,-25.51,-8.02
17.52,35.81,0.48,-44.0,-17.18,-9.72,33.86,-3.64,8.15,-27.62,-0.29,-30.92,-3.26
17.31,20.44,-2.22,-25.03,-13.26,-0.43,28.69,12.86,5.64,-21.75,-13.96,-23.09,-10.39
17.2,17.33,-10.47,-34.43,-20.59,-5.96,25.07,11.5,10.58,-15.4,-6.65,-18.14,-1.89
17.0,41.15,0.65,-55.58,-11.14,-4.72,44.57,-14.49,0.61,-41.15,1.42,-28.42,9.17
17.19,23.14,-7.7,-40.07,-18.38,-4.74,27.5,-5.5,-2.1,-25.63,6.02,-7.44,13.4
16.79,23.29,-3.45,-31.07,-12.81,-1.73,27.37,3.72,3.19,-21.73,-3.85,-14.69,2.35
16.7,20.99,-4.7,-27.71,-15.76,-5.54,20.12,2.15,-1.13,-25.27,-11.58,-19.59,-3.94
17.39,29.33,-1.52,-42.13,-16.02,-3.17,31.07,-10.01,-4.22,-29.85,4.44,-16.52,6.66
16.5,29.6,-0.38,-44.3,-11.93,5.51,47.03,0.45,3.51,-28.07,3.55,-19.05,3.76
16.63,21.53,-4.33,-31.57,-13.36,-0.95,27.93,-0.74,-9.74,-40.74,-24.77,-32.19,-11.65
16.71,40.46,3.07,-45.58,-8.82,-8.31,40.99,-2.35,12.13,-27.98,3.61,-24.79,6.87
16.41,25.06,-2.19,-32.21,-14.71,-6.04,20.14,-7.72,-7.79,-29.79,-7.02,-15.23,4.79
17.5,22.06,-5.56,-33.69,-14.32,-2.55,23.87,-9.96,-11.85,-32.77,-1.75,-11.96,2.93
18.01,15.22,-13.66,-38.57,-13.0,1.26,27.61,-1.52,-0.29,-17.69,6.39,-4.66,6.56
17.53,29.25,-6.05,-45.92,-18.51,-7.12,26.68,-19.22,-12.83,-39.98,0.58,-20.98,6.81
17.98,28.2,-8.57,-53.59,-16.99,-11.73,31.6,-15.07,-5.17,-39.9,1.8,-15.05,14.43
17.48,27.16,-5.64,-43.99,-20.77,-17.76,21.21,-10.06,0.47,-28.83,6.14,-2.61,23.71
18.78,30.05,0.9,-40.05,-15.6,-10.3,23.14,-20.22,-13.81,-38.21,7.58,-2.28,22.66
18.51,40.47,1.85,-56.78,-9.32,-7.96,35.21,-34.93,-17.64,-50.93,10.58,-16.19,20.92
19.18,23.59,-5.3,-37.09,-2.93,5.82,32.03,-18.09,-16.43,-40.26,1.52,-8.27,15.86
18.52,22.55,-7.07,-31.83,-9.16,-2.93,16.34,-20.15,-21.14,-42.3,-9.95,-14.21,8.72
17.84,32.59,4.18,-30.21,3.98,9.68,38.06,-13.51,-13.33,-41.97,-1.96,-12.93,15.07
17.51,32.24,-3.78,-50.78,-19.87,-17.62,19.21,-26.28,-16.62,-44.85,-2.5,-17.12,9.18
18.17,39.81,-4.15,-63.62,-19.08,-22.13,35.08,-30.78,-12.26,-44.07,10.11,-13.4,15.86
18.21,35.56,-10.15,-64.65,-19.11,-18.77,23.64,-45.08,-26.28,-55.83,0.29,-28.71,1.85
17.58,26.83,-0.33,-37.11,-19.81,-9.39,25.9,-6.4,-7.19,-35.24,-3.82,-11.21,13.83
16.78,26.46,-3.98,-32.7,-13.8,-5.09,19.46,-9.17,-2.93,-20.04,8.23,-5.64,8.74
16.87,22.43,-5.19,-36.94,-20.08,-12.59,15.37,-13.7,-14.18,-36.35,-9.12,-17.24,-1.89
17.62,21.05,-9.45,-41.81,-23.56,-13.1,21.76,-4.71,0.14,-27.67,0.06,-11.94,11.09
17.51,28.09,-6.86,-52.82,-19.72,-11.65,35.96,-4.33,7.35,-27.38,14.01,-2.06,29.79
17.71,38.84,-0.92,-60.63,-25.1,-13.67,30.52,-35.14,-13.86,-40.34,17.02,-16.02,13.06
17.82,36.27,-0.03,-47.74,-3.12,-0.46,41.99,-21.95,-13.32,-48.13,3.61,-15.6,20.21
18.31,34.65,-2.92,-50.5,-8.5,-0.37,45.72,-9.86,2.81,-36.75,8.5,-16.08,20.17
17.65,25.11,-6.85,-47.87,-26.2,-15.14,20.78,-14.09,-8.94,-33.17,2.61,-9.12,13.21
17.46,11.49,-16.59,-33.55,-19.36,-6.88,12.23,-1.38,0.61,-10.25,4.47,-1.07,9.21
17.04,20.38,-7.2,-45.46,-36.28,-26.1,17.48,4.03,8.99,-22.7,-3.17,-12.27,14.12
17.44,20.56,-9.61,-43.47,-25.76,-11.55,22.53,-4.2,-1.74,-24.04,2.31,-10.96,5.8
17.32,21.22,-7.43,-36.28,-19.64,-9.0,18.95,-1.52,2.06,-17.78,-1.89,-15.27,-1.91
17.33,34.61,-3.8,-54.27,-23.24,-12.76,26.38,-25.42,-14.17,-42.89,-0.49,-30.41,-3.98
17.58,52.67,2.13,-70.32,-1.45,-3.58,51.4,-38.14,-1.96,-32.93,11.94,-28.48,1.92
16.66,33.6,-3.09,-39.2,-8.73,-3.03,23.58,-21.0,-9.99,-31.41,11.48,-8.75,17.36
17.53,17.33,-12.64,-40.62,-21.99,-12.51,11.37,-16.0,-18.29,-40.42,-21.09,-29.34,-11.62
17.33,34.64,-0.69,-44.33,-11.19,-2.81,35.42,-10.01,2.25,-26.23,13.03,-10.42,14.21
16.94,30.85,5.74,-32.63,-22.96,-12.74,21.34,-8.13,-8.59,-29.36,4.43,-3.96,13.12
16.61,41.8,4.09,-42.11,-11.64,-19.19,21.15,-20.2,-1.63,-34.87,-0.71,-20.2,9.36
16.83,33.91,5.69,-36.37,-15.55,-3.32,32.8,-6.9,-5.06,-31.5,3.07,-15.25,6.91
16.56,29.01,-1.57,-36.2,-16.21,-4.79,25.86,-7.77,-4.54,-28.06,0.93,-14.17,9.22
17.7,25.43,-1.79,-37.06,-18.45,-7.65,30.76,2.82,0.28,-34.04,-10.75,-19.52,9.54
17.82,13.45,-11.73,-29.11,-20.39,-8.66,12.84,2.96,-1.36,-17.61,-5.1,-1.9,13.68
17.64,22.34,-7.4,-39.6,-19.8,-8.67,23.75,-0.59,2.25,-21.99,-0.58,-12.24,7.07
17.54,19.26,-6.17,-37.12,-25.81,-13.15,21.43,-1.2,-7.48,-36.34,-14.29,-19.26,3.38
17.28,42.37,-2.01,-51.76,-4.34,-16.76,45.12,-10.74,9.02,-26.86,2.4,-20.63,3.64
17.01,39.99,-2.77,-62.68,-21.09,-14.53,34.81,-27.49,-8.17,-39.71,7.79,-26.06,4.17
16.62,25.19,-3.55,-37.18,-17.57,-4.43,28.06,-3.17,-2.24,-24.62,1.35,-12.67,3.63
16.97,28.12,-7.79,-49.12,-24.37,-14.06,16.68,-25.2,-15.22,-34.51,3.54,-17.83,2.43
17.32,28.64,-3.67,-45.79,-19.5,-6.19,28.03,-14.38,-8.66,-30.94,7.34,-10.11,12.21
16.78,16.22,-11.78,-29.0,-15.91,-5.36,8.54,-9.51,-8.04,-16.42,-1.42,-10.06,-0.91
16.75,41.18,1.71,-56.01,-15.25,-8.6,38.92,-23.39,-10.14,-37.88,12.35,-16.63,15.66
17.04,32.75,-3.39,-49.27,-21.12,-18.98,26.32,-13.6,-2.39,-43.37,-9.09,-23.62,15.88
16.56,40.4,-4.71,-44.67,4.3,-29.56,37.73,-13.4,7.12,-20.72,-4.45,-4.75,17.62
17.9,29.66,-6.23,-54.28,-20.98,-15.86,35.73,-5.26,2.86,-44.73,-12.14,-27.99,12.94
17.42,20.29,-2.7,-27.96,-16.7,-6.46,22.64,4.14,-2.01,-30.59,-16.96,-19.42,2.99
17.46,27.23,-4.93,-48.05,-29.52,-19.44,21.62,-12.58,-8.24,-44.6,-11.41,-25.66,6.79
17.14,40.48,-6.36,-55.29,-4.63,-25.3,45.35,-10.47,10.49,-27.8,-0.71,-17.22,7.71
16.99,34.89,-2.14,-53.77,-18.16,-11.05,36.21,-10.2,3.49,-40.08,-6.3,-28.5,8.85
16.89,48.21,2.88,-74.27,-15.55,-5.38,49.06,-28.36,-2.05,-38.3,1.55,-37.51,6.0
17.47,42.39,-7.03,-70.23,-15.78,-5.3,45.99,-33.59,-10.38,-54.78,-0.2,-40.57,9.01
16.5,26.86,-8.12,-41.71,-5.81,-3.51,30.29,-7.17,3.11,-22.04,9.72,-2.88,17.57
16.71,25.62,-6.19,-41.4,-13.31,-0.02,31.7,-10.3,-6.23,-29.34,6.48,-11.21,9.14
17.37,14.34,-12.37,-39.57,-18.81,-3.18,29.8,2.44,-2.44,-28.57,-4.8,-12.23,5.32
17.19,16.05,-11.73,-39.75,-24.75,-10.44,20.4,-4.74,-10.25,-36.25,-13.67,-21.05,-2.95
17.78,34.46,0.83,-54.16,-23.06,-8.32,39.3,-13.83,-2.58,-34.15,13.06,-16.2,14.53
17.18,21.19,-9.76,-45.96,-25.64,-13.28,18.57,-15.36,-9.64,-29.35,3.01,-13.37,1.6
17.53,23.03,-7.2,-45.3,-22.86,-11.05,24.62,-12.22,-10.07,-33.1,6.08,-0.38,23.28
17.15,26.72,-6.63,-42.71,-17.59,-12.15,21.58,-14.11,-7.56,-31.21,5.11,-7.53,10.42
16.68,17.0,-9.66,-36.25,-21.82,-13.7,11.02,-12.5,-13.21,-30.95,-5.74,-6.45,11.68
17.14,18.48,-15.58,-47.71,-25.82,-12.96,16.99,-14.76,-10.67,-32.81,-2.12,-14.19,8.03
16.93,26.28,-5.99,-43.21,-15.85,-7.41,20.83,-19.14,-9.97,-26.88,7.9,-10.68,7.64
17.1,33.65,-5.88,-50.22,-9.93,-13.15,28.29,-21.07,-10.8,-44.82,-9.21,-27.26,3.61
17.7,21.36,-6.29,-37.62,-13.53,-0.02,31.58,-3.5,-4.54,-29.34,-0.8,-12.76,4.73
16.89,30.69,-4.33,-46.28,-16.1,-14.12,25.09,-11.67,-2.23,-35.69,-3.75,-16.19,16.23
16.67,39.55,1.99,-51.49,-14.68,-4.81,37.55,-13.02,5.04,-29.29,7.3,-24.49,1.59
17.73,22.73,-12.62,-52.84,-20.33,-8.31,25.76,-20.01,-11.97,-35.3,5.31,-10.99,14.62
18.45,28.35,-4.55,-51.2,-13.06,4.47,42.25,-22.41,-19.84,-47.14,4.48,-18.94,10.27
17.43,29.76,-7.38,-45.5,-8.61,-9.48,27.73,-16.56,-5.63,-27.04,13.71,-3.37,12.54
17.61,11.54,-21.3,-49.07,-25.46,-13.92,8.98,-20.42,-18.52,-35.53,-14.61,-26.5,-12.15
17.39,29.79,-7.73,-44.41,-10.98,-1.88,29.04,-17.29,-8.73,-38.97,-1.91,-24.59,4.97
17.52,15.2,-15.11,-43.47,-19.52,-6.87,19.23,-12.54,-12.18,-30.87,-2.49,-8.55,11.21
17.15,27.86,-2.15,-33.95,-4.81,-0.04,29.07,-11.91,-7.44,-27.08,9.6,-3.81,11.65
17.61,35.86,-2.3,-45.51,-1.62,-4.26,41.78,-12.33,-2.55,-33.72,11.73,-6.24,15.85
17.57,29.72,-3.5,-39.27,-12.19,-2.08,32.1,-8.44,-5.64,-38.18,-6.54,-23.23,3.49
17.19,39.6,3.67,-55.52,-25.78,-12.18,32.1,-26.48,-12.7,-40.63,5.85,-28.81,-3.25
17.4,24.38,-4.19,-35.76,-23.49,-13.35,18.7,-0.72,2.68,-22.18,-5.11,-18.57,2.74
17.33,33.22,1.87,-45.91,-24.52,-12.15,33.81,-3.86,4.55,-26.59,4.59,-19.92,4.54
18.81,23.49,-6.11,-41.47,-18.92,-3.95,35.44,0.67,-2.17,-39.8,-11.89,-23.37,7.84
18.11,22.63,-9.38,-46.59,-17.14,-1.26,36.41,-0.4,2.09,-29.05,-1.08,-16.71,9.41
18.61,30.11,-8.09,-59.66,-21.86,-1.51,44.08,-14.02,-5.13,-37.72,8.15,-23.83,9.05
17.31,25.28,-9.33,-52.1,-21.83,-6.3,32.35,-12.44,-8.11,-38.48,-3.32,-22.2,6.3
17.9,32.24,-2.0,-45.26,-15.37,-9.63,37.56,-0.87,6.37,-35.78,-3.19,-18.95,13.44
17.78,26.77,-2.67,-35.81,-9.97,-3.62,31.57,-0.77,2.18,-26.81,3.54,-3.9,20.12
17.49,22.53,-11.48,-42.23,-20.77,-8.02,19.0,-14.01,-10.04,-30.38,-1.56,-17.92,1.99
17.53,26.92,-3.73,-38.89,-15.18,-6.61,26.61,-4.06,1.67,-25.51,-1.3,-15.85,5.02
17.1,26.87,-4.98,-36.87,-12.85,-2.93,20.43,-19.95,-16.21,-35.59,-3.16,-19.73,2.29
17.42,29.03,-3.9,-49.28,-24.51,-13.94,25.79,-17.23,-13.74,-39.26,4.89,-8.66,14.21
17.67,37.61,-9.02,-57.24,-19.7,-16.61,27.67,-26.13,-6.15,-45.57,-1.76,-33.82,9.73
18.99,27.13,-7.45,-55.44,-26.35,-13.16,32.54,-12.24,-6.84,-41.6,-3.48,-21.7,12.92
18.43,25.93,-11.14,-43.18,-12.18,-1.57,34.68,2.99,11.84,-20.7,2.86,-20.18,7.61
18.67,27.98,-11.45,-65.0,-25.64,-7.05,38.97,-19.24,-6.29,-32.09,14.34,-22.47,2.14
18.4,15.71,-17.93,-45.86,-25.43,-11.14,17.15,-7.04,-2.89,-24.74,-5.09,-20.26,-0.72
18.8,22.73,-10.03,-47.25,-16.49,-5.92,25.52,-16.82,-7.46,-26.34,11.5,-9.11,7.52
18.04,28.91,-9.75,-59.89,-19.8,-8.5,35.89,-14.5,2.78,-24.66,19.51,-6.45,17.05
18.19,14.33,-16.97,-47.8,-23.7,-11.4,18.6,-11.54,-7.59,-26.17,4.25,-4.7,11.75
17.56,19.06,-13.07,-41.34,-16.7,-4.59,25.07,-4.44,1.65,-17.93,11.58,-1.69,15.74
17.19,20.02,-13.09,-49.41,-24.91,-15.34,16.41,-17.48,-10.61,-31.9,0.17,-10.91,9.05
17.44,17.45,-13.0,-37.61,-18.74,-4.82,20.5,-4.68,-5.87,-29.14,-9.64,-19.8,1.06
18.04,19.69,-10.83,-43.82,-16.53,-2.93,27.88,-10.41,-9.62,-33.65,-0.25,-9.13,15.05
17.81,21.41,-10.99,-42.72,-15.96,-0.95,29.7,-7.67,-4.55,-26.98,6.37,-9.32,12.7
18.0,36.53,-4.93,-42.45,5.48,-13.45,42.26,-9.01,3.4,-34.63,-8.69,-15.55,9.63
18.45,28.48,-8.99,-50.5,-19.53,-6.47,27.87,-22.12,-14.59,-43.19,-1.01,-25.32,5.55
18.17,26.68,-11.64,-51.18,-16.21,-14.31,22.7,-14.52,-0.48,-28.73,0.41,-16.72,8.67
18.69,36.91,-6.24,-60.29,-10.8,-4.7,42.26,-22.71,-3.37,-39.03,10.75,-16.06,21.36
19.28,17.32,-12.3,-46.67,-21.02,-7.81,32.82,0.74,-2.28,-42.01,-15.95,-20.69,16.62
17.89,29.35,-7.34,-50.26,-14.34,-7.47,34.26,-13.63,-5.61,-39.64,1.84,-13.81,19.21
17.75,31.56,-8.49,-46.03,-5.19,-13.09,25.21,-18.75,-3.8,-29.91,2.08,-13.64,10.65
17.74,27.06,-8.29,-44.7,-8.62,-2.02,32.42,-11.88,-4.97,-37.43,-4.18,-19.84,6.35
17.32,29.78,-6.79,-48.07,-9.3,-4.91,25.56,-28.51,-15.65,-37.09,10.03,-8.26,15.09
16.67,28.3,-8.01,-53.4,-23.12,-8.22,24.96,-31.52,-25.32,-48.87,0.39,-26.19,-0.38
17.02,27.6,-1.35,-40.97,-16.17,0.84,37.28,-6.16,-8.86,-38.01,-4.79,-21.24,3.1
16.82,26.38,-4.85,-37.39,-18.8,-9.4,18.36,-10.82,-5.19,-23.03,6.76,-7.32,6.6
17.0,16.99,-8.62,-31.19,-18.73,-9.53,11.48,-6.6,-7.86,-21.76,-4.16,-6.54,6.15
17.55,15.75,-13.36,-36.86,-25.18,-13.39,10.91,-4.67,-2.62,-17.8,-0.47,-5.76,10.88
17.98,25.15,-7.76,-50.3,-24.38,-16.62,25.7,-11.25,-5.78,-41.9,-8.55,-20.37,13.85
17.82,17.15,-11.96,-38.51,-23.3,-12.18,14.94,-7.92,-6.89,-26.75,-2.33,-8.17,12.03
17.83,21.61,-6.48,-36.73,-17.3,-4.74,26.76,0.86,1.26,-22.48,0.12,-9.34,9.08
17.55,30.83,0.46,-41.96,-11.76,1.84,37.88,-15.87,-14.91,-48.68,-4.93,-20.4,15.08
17.87,20.5,-6.32,-32.49,-11.65,-1.9,21.81,-9.54,-12.48,-33.16,-5.92,-8.23,13.3
17.73,24.94,-5.2,-44.27,-17.42,-2.66,33.04,-9.12,-6.92,-32.03,5.42,-9.69,14.7
17.44,22.2,-7.42,-43.29,-23.39,-11.88,21.78,-11.09,-9.09,-30.07,4.71,-1.33,21.08
17.86,30.99,-6.03,-57.08,-26.89,-13.14,31.19,-16.19,-4.33,-32.91,11.62,-14.03,14.71
17.47,23.91,-10.89,-47.95,-17.65,-6.1,31.71,0.4,10.13,-17.99,4.86,-17.03,4.71
17.05,16.43,-12.42,-40.96,-28.28,-16.31,14.56,-3.59,-1.45,-22.49,-2.7,-10.09,7.4
17.85,19.8,-13.24,-52.8,-28.6,-15.99,23.48,-8.66,-3.01,-29.2,4.57,-6.97,17.04
17.71,20.46,-9.75,-44.78,-29.48,-16.08,18.02,-9.7,-9.18,-31.61,-2.41,-12.68,4.9
17.39,21.84,-5.52,-36.44,-20.65,-10.37,20.44,-3.08,-2.22,-24.73,-0.55,-6.11,15.68
17.01,25.72,-3.88,-43.82,-31.75,-21.14,18.48,-4.29,3.05,-19.54,8.75,-5.33,12.76
17.07,23.25,-5.87,-36.37,-19.23,-16.51,12.97,-9.24,-3.28,-25.9,-2.88,-4.65,20.41
17.93,25.96,-9.38,-46.69,-19.67,-14.41,24.81,-7.61,6.25,-24.03,9.94,-2.86,27.79
18.2,13.37,-15.73,-42.14,-20.52,-8.34,21.27,-2.58,-1.38,-23.91,-0.85,-3.86,18.54
18.29,45.88,5.48,-73.17,-18.57,-7.45,53.02,-36.03,3.36,-32.11,10.78,-8.87,28.81
18.11,16.78,-13.72,-50.48,-26.77,-17.77,18.57,-15.41,-9.31,-35.78,0.26,-9.51,14.57
18.54,16.62,-17.1,-51.53,-17.62,-0.85,35.61,-8.72,-6.78,-33.42,6.92,-7.3,14.92
19.76,28.87,-8.53,-55.66,-12.86,-5.56,45.45,-8.87,-1.26,-39.82,8.35,-6.5,26.73
18.75,15.84,-18.31,-47.02,-18.43,-2.14,30.18,-3.76,-2.51,-29.83,1.41,-8.34,19.26
18.41,18.58,-11.32,-47.25,-16.29,-1.25,37.79,-6.7,-10.83,-45.1,-5.21,-10.1,22.86
18.88,27.08,-3.8,-43.58,-19.76,-9.36,34.42,-1.1,3.65,-34.23,2.35,-9.09,25.6
18.26,13.03,-15.21,-48.08,-34.47,-24.21,12.74,-8.28,-7.95,-33.46,-2.65,1.83,30.22
18.09,19.92,-15.51,-46.85,-18.47,-2.6,31.97,-2.68,1.37,-30.6,-2.42,-18.67,11.69
18.89,14.64,-21.08,-62.81,-35.1,-20.55,27.44,1.51,13.46,-20.41,9.87,-1.54,32.66
17.72,30.14,-6.48,-49.41,-18.97,-17.37,31.43,-2.87,8.7,-32.72,-0.18,-15.66,16.58
17.86,12.41,-14.27,-34.84,-20.26,-8.69,13.99,-1.26,-2.86,-20.48,-9.69,-14.41,-0.25
17.97,22.75,-12.9,-47.05,-19.24,-10.07,25.52,-5.53,3.79,-23.71,4.26,-10.98,14.45
17.71,18.09,-9.73,-32.84,-9.92,3.52,28.06,3.94,4.9,-13.68,0.9,-12.8,-0.66
18.08,23.37,-8.46,-42.74,-22.92,-12.87,21.71,-8.86,-8.65,-41.4,-15.53,-25.1,5.46
17.17,25.76,-3.14,-34.13,-9.72,-1.74,27.43,-7.23,-8.21,-35.71,-8.51,-14.43,10.92
17.38,28.95,-7.11,-53.45,-25.63,-16.97,24.04,-22.53,-17.55,-53.05,-10.9,-25.73,11.55
17.01,24.87,-1.98,-39.45,-16.18,0.0,42.23,4.34,-3.07,-41.9,-10.16,-17.72,13.0
17.57,20.32,-10.58,-40.26,-17.71,-3.05,26.3,-7.78,-9.53,-32.65,-0.9,-10.63,11.28
18.01,34.66,-7.41,-56.84,-5.94,-4.61,38.87,-25.1,-14.4,-52.38,-7.72,-26.62,12.08
18.67,21.86,-13.4,-49.54,-20.16,-12.6,25.17,-10.92,-8.3,-43.61,-13.37,-23.5,6.66
17.94,34.14,-6.6,-59.37,-13.86,-4.03,35.7,-27.21,-9.3,-37.1,12.62,-19.71,7.23
17.77,30.7,-6.93,-45.08,-0.87,1.89,42.85,-8.9,-2.66,-35.5,0.17,-20.99,1.7
17.38,15.58,-13.29,-35.82,-9.94,1.05,20.92,-9.39,-6.95,-20.66,2.1,-8.06,5.24
17.64,29.94,-5.06,-54.32,-13.84,2.66,41.79,-14.0,-5.93,-35.0,5.84,-19.79,6.28
17.7,26.22,-7.68,-51.0,-26.72,-15.94,17.67,-23.95,-17.23,-41.49,-6.73,-25.33,-2.71
17.81,22.44,-5.93,-34.25,-16.17,-3.12,23.98,-4.43,-3.3,-20.58,7.23,-4.16,9.74
17.47,51.01,-0.06,-74.28,-18.5,-24.94,43.16,-35.64,-0.55,-30.73,19.0,-15.73,12.01
17.52,26.34,-5.68,-40.19,-19.61,-8.78,20.93,-14.67,-11.46,-36.71,-5.06,-19.3,6.15
17.7,35.49,-5.19,-50.6,-11.48,-19.04,31.31,-11.74,3.76,-29.95,6.77,-9.87,18.13
18.05,31.75,-4.97,-49.63,-16.38,-15.13,31.3,-7.64,5.4,-28.21,6.71,-8.93,20.66
17.99,20.81,-5.54,-34.4,-19.41,-9.25,21.48,-0.72,-2.32,-27.8,-8.22,-12.95,7.83
17.16,27.33,-7.6,-50.42,-26.71,-18.73,18.12,-20.9,-11.09,-38.18,1.26,-12.88,14.52
18.2,23.26,-10.42,-51.0,-27.25,-18.81,15.16,-21.53,-12.7,-32.39,6.53,-6.12,13.63
18.03,19.35,-10.22,-39.55,-23.65,-10.63,21.45,0.26,4.21,-16.56,8.55,-0.43,16.64
17.87,29.31,-5.21,-48.26,-17.76,-12.52,26.28,-13.61,-3.31,-33.08,3.82,-11.69,14.66
17.52,40.37,-2.54,-63.21,-20.85,-19.08,36.1,-21.04,-2.09,-39.84,10.18,-16.85,16.0
17.54,26.22,-13.18,-61.49,-33.34,-27.88,12.15,-27.78,-12.15,-35.12,8.37,-8.19,18.76
17.56,12.87,-15.44,-33.25,-18.69,-8.26,6.01,-14.33,-13.12,-21.13,-2.84,-10.48,-1.74
17.37,42.23,3.7,-53.66,-17.44,-14.96,30.91,-20.43,-2.78,-33.0,11.23,-18.58,4.99
17.04,33.45,0.26,-36.99,-12.5,-3.73,23.62,-20.72,-13.25,-34.3,3.62,-17.79,5.11
17.59,35.6,2.99,-40.12,-5.48,3.55,38.08,-12.43,-3.78,-34.8,6.48,-13.04,15.83
17.73,21.96,-6.1,-30.57,-13.02,-4.62,16.67,-11.29,-8.3,-23.59,3.19,-6.54,6.74
17.69,28.65,-4.44,-44.89,-19.32,-10.2,27.23,-6.28,2.06,-25.94,3.69,-14.71,7.18
19.42,28.41,-10.98,-57.5,-11.29,-3.85,41.67,-13.18,0.22,-34.58,11.0,-8.44,18.14
19.63,19.52,-11.84,-44.43,-9.79,6.55,39.41,-4.87,-5.74,-33.69,-0.71,-14.95,8.17
19.38,15.95,-12.54,-41.55,-18.18,-0.99,35.37,4.91,3.6,-22.79,8.08,0.83,21.83
20.42,37.02,-11.53,-52.98,10.83,-18.89,65.88,-8.53,9.68,-36.8,-13.61,-9.22,15.08
