20.36,0.44,-5.12,-0.04,-7.68,13.3,13.98,18.93,0.05,-5.81,-14.61,-6.81,-6.46
19.28,33.07,12.59,-14.17,-3.17,6.97,32.29,7.25,2.42,-19.74,1.92,-5.53,7.17
18.67,30.03,4.96,-24.81,-15.53,-12.53,8.95,-13.71,-11.38,-27.53,-6.11,-13.58,-1.42
18.93,30.7,7.6,-18.97,-10.98,-3.52,21.1,3.55,2.27,-20.12,-7.14,-17.84,-4.4
18.94,50.15,15.63,-39.03,-7.05,-7.11,33.04,-23.95,-6.62,-30.17,17.71,-12.81,7.94
19.11,28.14,4.94,-15.89,-7.98,-2.17,15.21,0.58,3.44,-9.45,2.0,-11.5,-8.8
18.85,28.67,7.4,-14.01,-5.14,-1.71,14.12,-4.29,-2.84,-13.6,3.11,-4.84,-0.34
18.94,55.2,16.0,-47.71,-8.84,-11.74,43.77,-19.01,4.67,-29.4,21.15,-19.61,12.23
18.18,29.13,7.42,-17.12,-9.04,-1.82,19.85,2.54,3.8,-8.32,8.45,-3.54,-1.57
18.75,34.8,5.19,-33.12,-11.49,-2.53,31.59,-4.58,1.4,-25.35,6.26,-13.14,5.69
18.59,28.93,3.44,-28.87,-12.17,-1.31,31.21,3.96,3.27,-23.78,-3.09,-17.66,-2.06
19.61,40.05,5.69,-39.84,-9.59,-10.27,42.05,4.16,18.16,-23.45,8.51,-11.05,17.08
19.67,35.6,5.62,-36.1,-11.81,-11.21,34.82,4.32,14.02,-26.84,-2.53,-20.78,7.37
18.95,27.98,0.03,-37.14,-22.24,-12.7,22.43,-7.44,-4.63,-29.3,1.4,-10.95,7.62
19.28,27.35,1.95,-32.1,-18.84,-8.73,29.51,9.79,11.48,-18.8,0.65,-11.63,6.08
19.2,30.57,2.22,-26.34,-11.05,-3.53,22.84,-1.84,-0.56,-26.38,-8.63,-22.46,-3.36
19.41,29.98,5.25,-31.37,-19.56,-10.02,29.17,5.97,6.46,-23.87,0.22,-10.68,8.47
18.97,50.55,10.52,-51.47,-6.41,-8.29,50.22,-13.45,7.37,-38.7,5.81,-26.9,7.78
18.86,38.14,7.79,-33.05,-8.75,-5.87,32.58,-1.91,5.34,-28.34,-0.75,-18.98,4.29
19.23,31.4,7.14,-25.28,-8.02,0.75,35.5,4.09,2.25,-33.14,-6.55,-17.29,7.03
18.77,26.5,3.13,-23.87,-10.04,-0.46,27.66,4.21,1.12,-22.12,-2.08,-8.32,5.19
18.66,26.56,-2.15,-28.58,-2.93,8.02,36.7,0.57,-2.89,-36.3,-11.69,-24.45,-0.71
18.62,31.55,8.32,-21.0,-6.53,1.43,25.69,-5.5,-9.46,-30.02,-5.26,-16.29,-1.99
19.88,25.03,4.68,-14.2,-6.17,3.82,26.73,9.67,3.43,-19.58,-11.25,-16.56,-6.21
19.84,26.43,1.15,-24.07,-12.02,-6.81,14.99,-6.04,-4.7,-21.69,-10.05,-22.37,-14.76
19.19,31.26,9.02,-20.32,-8.08,2.63,32.21,6.28,-0.09,-28.68,-11.56,-25.37,-10.9
19.01,41.27,7.94,-32.34,-5.41,-11.51,20.96,-13.93,6.81,-16.03,9.33,-18.95,-7.6
19.38,35.63,6.71,-36.68,-9.02,4.59,37.28,-8.33,-0.17,-20.6,9.58,-23.33,-14.08
19.65,33.53,1.17,-37.37,-9.54,-4.32,25.58,-12.8,1.95,-14.61,16.51,-14.12,-7.94
19.8,55.55,15.39,-60.16,-9.56,3.92,61.19,-24.27,-3.14,-34.01,23.36,-32.01,2.29
19.49,22.2,0.52,-16.68,-5.49,2.45,18.2,1.32,-2.85,-18.28,-9.74,-15.53,-6.71
19.64,27.35,1.62,-27.01,-13.1,-1.49,27.83,5.88,5.31,-18.65,-2.29,-16.51,-3.61
19.38,33.05,0.83,-41.72,-19.48,-13.72,22.91,-10.71,-1.12,-30.06,-2.41,-23.82,-3.5
19.24,30.7,2.75,-27.36,-12.21,-3.24,21.77,-6.51,-4.35,-25.75,-3.35,-18.14,-0.79
19.78,43.49,10.32,-38.93,-8.6,-0.2,35.64,-18.45,-6.7,-29.91,8.41,-25.52,-8.52
19.95,29.4,8.57,-12.62,-7.96,-3.58,11.14,-4.05,-2.38,-11.5,-0.98,-16.62,-17.31
19.39,32.83,11.41,-17.87,-8.46,-0.33,25.2,-0.08,-3.46,-24.59,-3.67,-14.3,-3.19
18.88,23.42,-1.04,-25.01,-8.37,3.49,26.29,0.4,-2.09,-20.23,-1.33,-11.89,0.34
19.17,41.82,9.22,-38.86,-6.37,2.91,39.32,-16.86,-9.04,-35.01,11.42,-15.8,2.88
19.14,27.9,5.74,-16.9,-3.12,4.87,23.83,-3.64,-6.43,-22.49,1.33,-6.13,4.57
19.26,42.96,11.65,-38.65,-9.78,0.55,40.9,-14.69,-8.92,-36.42,9.52,-18.78,-2.69
19.6,31.89,-0.77,-33.59,-9.06,-0.13,24.66,-17.72,-12.93,-39.47,-7.49,-26.67,-2.01
20.67,19.72,-5.93,-29.98,-12.61,-1.17,25.0,2.39,-1.29,-24.35,-7.49,-11.81,6.47
20.56,42.3,3.15,-53.56,-5.07,9.25,54.37,-16.05,0.71,-32.06,13.48,-28.95,-1.41
20.81,36.72,-3.01,-44.63,-0.43,-7.38,40.26,-6.59,7.39,-29.49,3.4,-14.58,13.1
20.65,21.37,-4.19,-34.76,-22.48,-10.35,26.61,6.53,5.04,-23.88,-1.08,-7.33,13.77
20.66,18.87,-11.16,-42.25,-24.39,-13.64,17.8,-3.34,2.32,-18.76,-0.52,-14.59,-1.72
19.9,17.55,-8.84,-24.21,-11.73,-0.25,15.73,1.94,1.03,-11.42,-0.87,-8.18,-0.86
20.56,34.21,4.98,-39.06,-13.07,2.76,49.09,-3.45,5.7,-18.12,11.13,-4.15,6.47
19.78,17.15,-6.6,-17.74,-4.48,3.58,9.97,-10.87,-14.14,-21.16,-8.93,-16.09,-11.04
20.09,17.31,-8.28,-31.14,-13.36,-1.55,21.65,-3.06,-6.04,-22.68,0.06,-2.23,12.76
19.73,32.12,3.01,-38.3,-17.57,-7.86,29.15,-7.84,-4.07,-30.02,4.36,-12.03,9.65
19.58,43.18,13.02,-37.46,-12.65,-4.24,39.51,-7.11,4.6,-23.36,17.9,-7.6,15.35
19.14,37.54,4.96,-29.58,-1.71,-2.89,28.8,-6.95,5.48,-16.95,12.54,-5.61,8.61
19.73,42.12,3.1,-46.25,-4.4,-8.48,36.18,-21.13,-5.26,-35.43,11.22,-14.43,6.89
19.72,41.07,5.26,-44.65,-6.56,0.74,42.05,-15.66,-1.2,-32.19,15.94,-13.39,12.63
19.3,35.5,7.85,-31.24,-4.93,4.89,35.53,-11.55,-7.43,-26.65,15.47,-3.5,10.39
18.9,20.02,-5.95,-27.07,-17.07,-7.69,12.22,-2.42,-1.31,-14.24,1.0,-5.25,6.08
19.32,33.79,1.84,-37.83,-5.76,3.42,36.65,-8.06,2.46,-20.11,14.86,-9.86,4.25
18.86,40.9,-1.98,-53.69,-3.03,-2.09,44.01,-16.92,2.75,-30.31,15.73,-20.19,4.29
19.24,26.14,-2.35,-32.96,-12.51,-7.04,15.5,-17.5,-14.13,-32.46,-4.32,-12.76,4.82
19.69,24.72,-4.96,-33.31,-14.05,-5.23,17.27,-16.26,-13.08,-30.04,3.02,-5.18,15.51
19.74,25.99,-5.59,-41.18,-15.04,-3.7,29.49,-5.78,-2.0,-24.65,5.89,-12.24,1.08
20.19,25.04,-6.4,-37.55,-11.9,-0.32,25.2,-14.65,-11.9,-30.66,5.14,-9.54,7.72
20.02,29.08,-5.83,-52.22,-21.46,-8.55,28.4,-21.48,-10.95,-30.33,16.56,-4.51,16.66
19.15,18.63,-8.71,-33.53,-12.77,0.48,24.68,-3.28,-1.7,-14.43,13.49,3.71,12.63
18.71,38.29,2.6,-38.3,-3.9,-9.32,31.15,-9.06,6.34,-19.6,17.93,-1.26,16.35
19.18,43.79,7.34,-57.53,-25.5,-14.63,35.62,-25.02,-5.15,-28.54,22.83,-15.62,0.67
19.77,28.97,-6.34,-50.72,-22.31,-14.32,19.17,-24.16,-8.81,-25.31,16.82,-4.64,12.49
18.67,30.75,-4.12,-40.54,-19.02,-15.28,12.48,-20.23,-6.78,-24.16,9.94,-5.87,14.61
19.36,36.85,-1.76,-55.0,-21.26,-17.25,23.32,-26.64,-7.26,-33.38,15.19,-6.21,24.02
19.45,30.78,-0.34,-41.23,-20.3,-10.85,20.79,-21.85,-15.56,-34.64,8.48,-9.24,6.49
18.73,28.6,-2.44,-42.41,-23.83,-15.2,16.74,-17.01,-10.84,-32.21,-1.47,-16.52,3.16
18.23,36.33,1.07,-46.05,-16.05,-6.66,31.06,-21.48,-10.04,-36.39,11.22,-13.91,9.0
19.02,33.79,-3.49,-47.09,-12.72,-11.67,27.01,-17.95,-4.18,-30.97,6.82,-13.42,10.01
19.22,51.14,5.17,-60.17,-13.94,-19.87,41.14,-29.27,-0.67,-38.1,14.91,-13.55,27.68
19.22,32.46,-0.25,-44.1,-19.63,-17.64,26.31,-7.87,1.13,-30.49,8.73,0.05,27.94
19.28,31.48,-0.07,-42.93,-20.52,-13.56,31.4,-3.76,3.2,-33.39,2.5,-8.88,27.42
18.71,18.43,-5.35,-25.71,-13.75,-5.01,17.45,3.12,1.15,-17.87,-5.64,-7.29,8.15
18.9,31.7,1.32,-40.71,-19.16,-7.71,30.27,-9.82,-8.61,-40.48,-6.3,-22.8,5.47
18.52,27.02,-0.1,-30.84,-9.56,1.48,31.11,1.23,3.04,-18.77,6.06,-8.11,4.11
18.96,36.95,6.82,-34.27,-2.96,1.97,42.47,-2.69,-0.27,-37.98,-3.63,-18.11,11.16
18.21,39.01,12.25,-28.24,-6.68,-2.51,32.63,-7.75,-8.21,-41.8,-7.26,-17.68,9.75
18.5,41.67,16.46,-31.74,-8.55,5.11,45.43,-8.09,-11.63,-44.32,-1.15,-19.93,6.82
18.13,47.46,5.16,-37.25,10.7,-15.68,38.41,-16.75,3.31,-33.66,-6.49,-18.23,6.36
18.17,38.04,10.88,-33.91,-11.02,-0.29,37.08,-9.33,-8.19,-34.81,2.54,-18.66,-3.22
18.04,42.94,15.13,-30.22,-10.93,-3.08,34.74,-7.09,-2.59,-29.92,6.84,-17.34,2.09
18.13,33.41,11.47,-20.02,-14.53,-10.52,22.24,4.35,4.08,-26.59,-7.38,-12.97,8.43
18.43,39.01,7.85,-35.9,-14.12,-10.51,25.03,-10.28,1.48,-28.14,-1.8,-25.86,-4.02
18.79,29.72,1.04,-30.25,-5.74,7.3,36.85,-5.14,-9.16,-37.45,-3.55,-16.23,6.93
18.78,21.53,-2.0,-26.32,-9.6,2.1,25.03,-4.75,-12.15,-32.24,-7.01,-8.54,9.31
19.4,33.19,3.33,-37.95,-14.2,-5.13,33.39,-12.21,-13.61,-50.42,-13.19,-27.53,4.59
19.25,20.53,-1.84,-20.68,-2.07,6.31,22.9,-7.14,-15.25,-35.12,-14.38,-14.69,2.15
19.43,21.93,-0.99,-22.5,-6.71,3.72,26.21,-1.94,-11.22,-36.3,-14.38,-16.61,1.2
20.32,25.58,-5.75,-34.7,11.47,19.99,48.63,-6.34,-5.7,-35.49,2.59,-14.7,6.13
19.88,28.76,-5.65,-36.38,-1.58,6.71,26.58,-29.62,-22.02,-39.9,8.11,-13.0,8.45
19.42,25.02,0.96,-27.57,-4.02,13.09,44.38,6.46,-2.57,-30.71,-3.87,-14.35,2.91
19.29,35.25,-0.24,-43.24,-6.27,2.66,42.69,-6.48,2.3,-32.75,2.4,-24.48,1.49
19.39,48.16,10.07,-59.9,-19.33,0.17,49.02,-35.54,-16.94,-44.13,13.07,-32.74,-3.45
19.51,28.3,-3.94,-34.65,-9.92,-2.98,23.73,-12.81,-7.11,-31.24,-0.71,-15.89,5.56
19.35,44.36,-1.62,-49.9,5.63,-11.12,48.48,-15.52,6.48,-27.58,11.09,-12.81,5.29
19.22,32.13,-0.53,-42.65,-15.82,-4.46,29.71,-12.96,-5.84,-29.38,5.2,-19.85,-2.54
19.08,24.64,-4.25,-34.36,-16.09,-7.23,19.76,-4.21,0.46,-18.79,0.17,-15.15,-4.86
18.9,28.36,-5.27,-39.96,-10.44,-8.98,26.1,-8.7,-3.62,-36.05,-10.91,-23.71,-2.31
19.33,56.54,2.98,-55.83,8.62,-22.99,52.96,-32.35,4.52,-33.03,4.88,-13.69,3.37
18.81,38.38,2.91,-37.61,-6.95,2.67,38.15,-6.06,7.97,-19.14,17.54,-15.03,3.87
19.14,18.15,-9.52,-33.34,-12.21,0.04,23.02,-2.18,-1.88,-18.92,-1.16,-13.41,-3.7
19.41,33.87,-1.19,-36.15,2.33,5.29,44.68,4.96,13.07,-22.16,1.37,-20.65,1.39
20.28,48.83,5.56,-51.81,10.89,13.01,56.74,-24.97,0.69,-38.85,14.48,-20.64,9.62
20.03,21.51,-5.29,-23.79,-1.65,11.73,33.3,6.75,2.79,-19.64,0.07,-6.99,10.3
19.87,24.29,-2.72,-34.21,-13.29,-0.59,34.01,4.29,1.31,-28.71,-6.07,-16.6,4.18
19.45,21.49,-4.18,-25.38,-6.04,6.89,33.1,10.12,6.59,-19.81,-5.22,-14.32,3.06
20.22,14.74,-11.82,-31.02,-4.88,10.18,29.97,-2.18,-9.52,-29.75,-11.14,-18.62,-4.26
19.96,34.61,0.63,-36.21,-1.18,12.36,42.85,-11.49,-5.56,-32.76,6.42,-24.21,-4.58
20.12,30.19,-2.32,-39.46,-1.68,9.31,38.56,-13.67,-9.57,-37.36,-3.79,-31.85,-14.57
19.57,50.27,10.4,-53.68,1.48,12.36,53.47,-17.04,5.46,-34.24,9.75,-30.56,-0.55
19.54,35.58,2.55,-35.29,9.45,13.95,41.14,-20.88,-8.99,-29.85,14.88,-13.67,3.64
19.29,17.26,-10.12,-25.73,-1.89,10.73,24.77,-8.37,-14.47,-33.31,-12.3,-20.04,-3.01
19.73,23.07,-2.2,-27.11,-13.35,-4.05,21.13,3.02,2.76,-17.66,-4.02,-13.29,-1.47
19.94,36.46,-4.49,-46.3,-2.95,-5.54,31.92,-17.54,0.64,-29.39,5.25,-20.12,3.07
20.06,31.68,-0.88,-41.87,-6.89,6.63,38.14,-14.64,-8.18,-32.08,6.8,-18.84,1.84
19.64,17.79,-10.41,-35.91,-15.26,-2.21,19.64,-13.94,-15.83,-30.53,-0.39,-8.57,6.7
19.22,30.9,-3.23,-37.26,-5.32,-5.16,21.37,-19.0,-9.41,-30.44,-1.09,-20.25,-5.37
18.78,20.99,-4.79,-22.62,-8.75,0.14,13.37,-8.86,-8.51,-18.03,-0.74,-10.27,-0.57
19.4,28.1,-1.71,-37.06,-7.39,4.93,32.49,-13.44,-8.97,-27.75,6.44,-17.13,-2.81
19.46,31.63,-0.64,-42.22,-9.57,5.74,40.26,-12.4,-7.24,-33.6,6.36,-21.96,-3.45
18.85,21.75,-2.04,-25.6,-12.11,-3.24,19.27,-2.33,-2.88,-16.76,6.0,1.94,11.28
18.94,18.03,-7.71,-25.39,-13.47,-4.45,10.8,-8.03,-8.18,-17.23,2.46,-1.71,6.1
18.75,32.39,2.54,-38.29,-16.3,-6.66,30.11,-6.04,-1.04,-30.66,-1.19,-18.59,4.54
18.48,28.77,-2.0,-38.43,-19.07,-9.11,23.25,-12.2,-6.26,-29.25,6.74,-7.47,14.19
18.12,19.97,-7.04,-31.65,-13.77,-3.12,18.97,-5.13,-4.63,-20.1,-0.62,-8.51,4.41
19.15,19.69,-2.52,-17.42,-5.48,5.15,21.51,1.81,-8.97,-29.66,-17.62,-16.46,-0.33
19.11,34.81,10.95,-24.42,-0.82,11.6,45.43,0.85,-6.48,-39.32,-4.68,-15.35,9.42
18.74,36.83,4.23,-37.94,-11.12,-10.61,30.07,-11.57,-5.63,-43.77,-9.83,-24.89,1.24
18.71,18.53,-4.3,-23.51,-12.58,-3.46,16.9,0.17,-7.47,-30.75,-24.62,-29.15,-14.13
18.96,38.26,4.91,-40.46,-8.48,-7.43,38.01,-8.72,-3.22,-48.71,-14.66,-32.19,2.91
18.53,24.59,1.1,-26.19,-15.31,-6.08,25.85,10.39,9.08,-15.53,1.34,-3.36,12.44
19.17,38.44,4.13,-45.37,-20.22,-19.38,28.12,-14.69,-2.27,-42.24,-4.11,-23.15,11.64
17.94,22.75,0.48,-17.93,-6.24,1.6,21.31,7.63,7.36,-7.24,3.5,-2.1,7.38
18.43,26.35,8.15,-17.65,-14.17,-8.58,18.38,-0.91,-9.3,-32.95,-9.37,-2.01,19.84
18.9,26.53,2.25,-22.72,-10.55,-7.35,7.95,-20.18,-22.04,-36.33,-13.46,-16.78,-3.14
18.77,42.44,10.01,-41.4,-10.61,-1.79,33.67,-24.06,-15.6,-40.63,4.58,-21.36,6.28
18.85,34.5,9.12,-31.59,-15.9,-4.65,32.82,-5.09,-7.5,-34.07,2.44,-11.41,8.09
18.35,24.0,1.24,-19.99,-14.9,-11.09,6.84,-7.12,-6.86,-21.46,-8.24,-13.24,-3.15
18.84,31.88,5.52,-35.27,-22.84,-15.69,23.14,-6.99,-6.73,-39.16,-12.8,-25.05,-0.66
18.44,35.87,4.9,-37.25,-16.93,-8.72,26.63,-11.83,-5.01,-31.69,3.57,-15.16,8.07
18.58,42.95,3.55,-46.75,-5.58,-13.04,39.36,-10.18,4.42,-39.09,-1.58,-24.83,8.09
18.38,28.87,2.87,-29.53,-8.8,1.56,31.9,-4.93,-8.92,-37.01,-3.99,-10.6,14.02
18.06,41.86,10.5,-46.15,-16.53,-1.62,36.22,-31.58,-22.14,-38.9,20.87,-6.94,17.95
18.11,41.9,4.2,-44.61,-18.14,-18.88,21.99,-26.48,-8.67,-41.65,1.68,-18.12,13.08
17.72,24.67,1.91,-23.45,-16.03,-9.24,13.29,-4.73,-5.98,-21.58,-1.57,-3.43,10.61
17.48,28.55,0.99,-30.17,-17.49,-13.64,9.53,-16.57,-12.01,-29.16,-2.55,-8.83,11.55
17.97,28.01,0.09,-34.07,-20.57,-15.29,12.55,-13.68,-9.47,-28.43,-1.56,-8.63,10.3
17.94,50.21,9.44,-56.75,-17.58,-17.77,33.82,-29.7,-5.0,-37.96,9.22,-22.09,8.5
17.9,36.39,6.47,-42.05,-22.86,-10.41,28.17,-14.49,-7.2,-29.43,9.94,-12.03,12.34
17.07,24.47,-1.03,-24.31,-18.17,-13.18,5.1,-9.73,-6.45,-18.62,-1.17,-7.02,5.57
17.99,41.67,14.67,-31.8,-19.46,-14.69,19.74,-20.8,-17.67,-41.04,-2.86,-19.27,0.45
17.7,27.83,9.32,-13.18,-3.58,4.5,26.93,0.9,-10.12,-34.72,-14.18,-12.8,6.71
17.51,22.78,3.64,-12.84,-0.37,6.96,19.21,-7.86,-17.08,-29.67,-7.25,-4.33,6.94
17.31,27.05,9.36,-14.51,-6.44,0.17,20.58,-8.2,-23.52,-47.3,-22.91,-16.15,5.37
16.57,45.4,9.06,-35.62,2.64,-8.52,33.86,-16.0,-2.6,-33.62,1.96,-14.12,10.68
16.75,34.36,10.06,-20.65,-3.06,6.3,31.62,-4.93,-6.05,-23.49,6.71,-8.83,1.42
17.8,29.85,4.35,-22.1,0.13,6.44,25.42,-9.27,-5.53,-19.97,5.92,-6.79,4.12
18.46,30.53,5.43,-27.74,-10.44,-0.04,24.36,-14.83,-16.6,-32.45,2.49,-9.75,3.64
18.19,53.57,23.8,-45.1,-20.59,1.38,51.26,-25.65,-16.05,-40.28,13.62,-36.06,-4.88
18.27,19.2,-6.79,-32.33,-18.72,-7.81,16.15,-9.17,-11.74,-26.88,0.69,-2.34,11.71
18.46,31.14,-3.66,-46.82,-15.79,-10.64,23.04,-23.87,-15.94,-46.83,-9.76,-24.4,6.7
17.93,36.4,-2.25,-50.13,-14.96,-20.95,21.82,-24.53,-13.12,-48.06,-8.36,-23.35,7.29
17.71,29.22,-1.63,-34.58,-7.36,-5.97,23.39,-9.55,2.81,-16.56,16.88,6.77,24.15
17.89,34.27,-5.72,-51.34,-17.21,-19.73,17.2,-30.17,-11.47,-34.78,9.23,-10.08,11.6
17.53,30.26,-0.81,-32.93,-7.88,-4.23,25.8,-1.0,9.38,-11.97,10.79,-3.68,13.29
17.51,33.48,4.93,-34.5,-18.97,-11.51,23.07,-9.23,-5.61,-30.15,1.35,-14.75,3.21
17.08,37.79,5.63,-39.52,-19.46,-17.35,19.37,-13.5,-0.37,-20.38,11.28,-10.14,5.54
18.32,26.34,-5.51,-37.68,-14.08,-3.54,24.74,-9.85,-5.24,-27.71,3.43,-9.06,13.6
18.53,32.57,-2.5,-51.48,-21.39,-8.53,32.65,-15.22,-4.86,-31.86,7.61,-19.58,3.98
17.43,31.73,2.78,-51.32,-26.62,-6.93,34.48,-27.16,-24.17,-38.62,14.79,-14.28,2.02
17.56,19.74,-8.12,-36.57,-22.77,-13.14,14.27,-5.32,-3.51,-21.72,-1.44,-7.0,10.65
17.44,21.95,-3.25,-24.74,-16.38,-6.28,16.0,2.94,0.24,-19.95,-11.16,-18.11,-2.85
16.91,29.07,1.95,-36.9,-24.79,-18.8,15.88,-13.23,-13.41,-42.57,-15.34,-23.16,0.96
17.28,27.75,1.41,-30.73,-18.95,-9.99,20.96,-4.0,-5.51,-31.4,-6.68,-13.32,8.89
17.4,40.69,3.99,-42.19,-8.46,-12.7,35.41,-1.99,13.41,-25.04,4.65,-21.05,7.17
19.33,18.78,-4.72,-23.61,-12.53,-1.23,20.51,2.64,-5.89,-30.5,-22.0,-27.53,-11.36
19.7,31.91,-0.54,-42.27,-8.69,1.71,40.12,-7.64,-4.59,-41.41,-7.32,-23.99,8.63
19.27,28.71,-1.51,-29.96,-2.28,5.81,31.22,-13.03,-14.52,-46.73,-11.2,-16.68,18.74
19.87,30.22,2.16,-39.49,-14.49,-2.27,36.69,-9.07,-13.99,-54.59,-20.56,-31.58,6.09
19.54,28.35,1.28,-25.53,-8.83,-2.56,25.56,0.41,-1.28,-35.21,-19.63,-28.34,-0.05
18.93,29.71,-0.89,-35.86,-12.91,-12.37,19.62,-14.57,-14.0,-47.83,-22.49,-29.4,-1.63
19.07,20.7,-4.48,-23.52,-10.66,-1.6,16.74,-3.88,-9.69,-29.19,-14.67,-15.66,4.28
19.63,28.17,1.55,-40.45,-19.99,-12.25,34.89,0.7,-0.03,-46.33,-15.66,-21.78,18.36
19.27,38.79,5.06,-40.27,-15.88,-12.42,34.67,-9.19,2.33,-50.18,-12.12,-29.34,23.1
19.01,31.96,3.45,-32.65,-10.72,-10.24,26.37,-5.58,-2.18,-40.02,-16.93,-23.29,11.25
18.78,24.08,-1.79,-33.04,-18.5,-8.98,25.11,-2.4,-6.65,-41.58,-18.3,-23.3,8.69
19.21,26.35,0.95,-30.52,-7.3,-0.57,30.33,-6.07,-8.55,-42.0,-12.92,-14.74,22.29
18.63,46.28,4.29,-63.03,-15.59,-10.43,43.38,-31.96,-13.9,-47.38,5.92,-33.19,5.72
18.18,27.76,0.47,-38.0,-27.5,-29.36,7.16,-13.87,-6.23,-42.38,-27.24,-39.52,-3.61
18.03,18.93,-4.08,-21.88,-12.43,-3.34,13.54,-4.77,-11.0,-25.18,-7.31,-4.92,10.14
18.67,29.55,1.77,-35.83,-23.39,-20.36,10.06,-17.57,-13.69,-39.41,-11.42,-15.8,14.18
17.82,45.13,5.88,-53.1,-15.67,-21.21,38.13,-21.45,-7.95,-57.44,-9.69,-31.28,5.98
18.21,17.78,-7.49,-30.83,-20.16,-14.57,3.1,-19.54,-23.46,-38.14,-14.52,-8.31,13.32
18.7,20.99,-4.15,-32.39,-20.83,-13.96,17.25,-2.59,-2.35,-30.75,-8.76,-9.13,22.52
18.26,17.93,-4.28,-27.48,-24.4,-19.15,6.6,-0.62,-1.75,-24.39,-16.52,-16.8,4.31
18.79,23.38,-4.33,-36.77,-21.35,-10.39,16.97,-11.99,-11.87,-30.74,-5.0,-15.71,2.2
19.09,22.87,-4.03,-27.37,-7.39,-1.17,14.01,-15.12,-10.75,-19.87,2.1,-9.35,0.09
18.68,42.04,2.2,-45.65,-5.1,-9.55,33.79,-17.21,0.52,-26.79,14.1,-15.26,2.35
19.28,44.2,-5.41,-50.2,-0.15,-38.62,31.45,-32.76,-5.71,-36.92,-17.56,-18.66,-1.31
19.28,31.03,2.84,-29.15,-11.75,-6.89,21.77,-8.27,-6.67,-31.05,-1.75,-8.1,14.88
18.36,23.51,-3.97,-28.94,-12.26,-8.35,6.92,-21.27,-19.52,-31.44,-9.58,-17.09,-5.18
18.58,40.56,4.44,-45.63,-19.4,-11.56,26.89,-25.87,-15.71,-44.84,4.56,-19.25,13.72
18.19,31.71,2.92,-35.24,-13.46,-1.59,31.64,-6.73,-5.18,-27.33,5.12,-13.29,2.48
18.29,28.87,-4.06,-37.33,-16.63,-8.33,15.59,-23.14,-17.79,-35.78,0.79,-13.51,8.64
17.7,28.35,1.79,-33.38,-21.52,-14.07,15.27,-11.74,-9.24,-27.65,4.17,-1.43,16.85
18.14,29.8,-0.53,-37.37,-17.8,-7.15,22.5,-15.4,-11.0,-29.93,7.0,-6.91,13.62
18.09,34.71,4.45,-41.95,-22.28,-12.26,26.55,-14.73,-9.61,-33.7,8.21,-7.31,11.51
18.82,28.54,0.65,-35.87,-21.87,-12.44,21.45,-6.9,-2.53,-24.23,4.91,-8.49,7.66
18.93,35.51,0.76,-52.39,-28.06,-22.17,24.84,-16.12,-4.18,-39.2,0.56,-20.4,12.4
19.17,15.89,-10.55,-30.82,-23.64,-14.8,4.58,-6.85,-6.5,-18.85,-5.06,-7.4,5.55
18.68,29.65,1.67,-43.06,-30.88,-20.18,23.4,-6.1,-2.92,-33.61,-2.46,-17.88,5.93
18.26,23.95,-3.71,-32.65,-22.51,-15.43,12.4,-6.19,-4.25,-28.09,-11.01,-19.24,0.97
18.44,27.18,-7.51,-52.08,-26.88,-20.53,22.7,-8.97,1.44,-33.1,-0.99,-15.55,15.79
18.34,32.58,-5.18,-56.51,-26.84,-15.12,24.57,-26.44,-11.28,-36.04,10.43,-18.13,3.15
20.49,22.96,-11.42,-49.58,-16.61,-2.66,32.08,-9.64,-1.4,-24.26,7.69,-19.2,-4.28
19.92,15.47,-15.91,-40.04,-18.38,-3.79,19.62,-5.94,-0.79,-14.89,6.15,-12.5,-3.08
19.86,17.95,-12.99,-43.23,-17.77,-2.5,28.19,-2.53,-0.81,-21.08,4.28,-9.64,5.33
19.56,21.34,-8.26,-41.43,-15.12,4.48,40.86,0.92,-2.6,-29.43,4.61,-11.44,6.36
19.23,19.63,-10.59,-41.66,-16.03,-3.51,22.15,-15.79,-14.45,-34.39,-6.64,-21.66,-5.37
19.53,18.29,-13.08,-41.33,-23.0,-9.37,17.05,-10.62,-11.95,-34.05,-13.39,-26.78,-10.81
19.08,18.79,-8.44,-31.35,-7.19,5.85,27.26,-4.06,-6.21,-23.1,-2.79,-16.53,-8.31
19.77,31.3,-1.68,-50.96,-23.51,-7.48,38.9,-9.63,-5.45,-40.95,-2.45,-26.98,1.68
19.14,17.75,-10.34,-35.57,-14.7,-1.49,24.54,-1.2,-2.89,-22.63,-3.36,-12.06,4.68
19.36,22.52,-9.82,-39.86,-15.14,-3.62,23.5,-11.43,-8.9,-31.14,-4.52,-20.86,-2.02
18.83,30.69,-0.75,-41.18,-12.52,-3.05,26.2,-24.45,-20.63,-43.01,-0.39,-15.78,8.3
18.92,26.03,-0.65,-27.46,-6.74,5.09,30.14,-2.87,-4.86,-27.37,-1.92,-12.66,6.7
18.96,27.72,0.56,-27.47,-5.09,4.86,27.69,-6.14,-6.84,-27.19,-6.71,-23.2,-10.57
19.05,40.72,3.96,-45.76,-7.28,-4.86,38.27,-17.03,-4.88,-33.08,9.78,-19.48,1.54
18.36,22.9,-4.85,-28.02,-5.26,3.72,25.29,-0.17,2.22,-16.21,-1.8,-14.33,-1.61
18.07,26.55,-6.86,-38.17,-10.05,4.2,31.65,-9.01,-4.13,-24.91,8.87,-14.81,0.61
18.14,47.03,9.76,-48.8,-14.47,-7.88,32.18,-28.06,-9.62,-38.69,2.87,-33.64,-6.83
17.96,33.32,5.85,-24.74,-5.29,1.57,25.95,-9.65,-7.14,-26.62,6.0,-7.93,6.62
18.26,36.39,6.62,-30.87,-2.64,0.81,31.58,-10.97,-4.24,-29.95,3.04,-17.33,-1.15
17.91,43.97,14.67,-39.74,-19.77,-9.88,33.09,-13.56,0.07,-23.2,20.73,-8.58,10.15
17.61,21.4,-2.18,-26.35,-15.63,-6.59,15.4,-4.37,-6.2,-20.62,0.18,-2.91,8.28
17.67,42.99,6.28,-41.95,-13.73,-5.41,35.7,-8.44,6.18,-27.16,5.79,-32.85,-6.05
17.35,28.79,5.41,-21.22,-10.88,-3.68,21.79,5.36,7.9,-11.91,0.98,-11.33,-2.27
17.36,30.33,5.2,-25.51,-13.18,-5.84,18.11,-8.52,-6.82,-21.75,3.56,-9.26,-0.2
18.14,58.35,23.78,-48.98,-20.2,-8.91,46.22,-23.84,-0.26,-22.82,28.54,-20.76,2.23
19.2,43.67,9.03,-41.05,-11.69,-11.5,31.09,-11.33,3.58,-28.83,1.32,-32.47,-10.06
18.91,25.15,1.94,-20.17,-6.28,2.7,22.29,-0.21,-3.27,-20.36,-7.26,-19.27,-10.74
19.4,34.46,4.26,-35.83,-19.57,-12.21,18.14,-17.32,-10.29,-32.28,-2.49,-26.26,-8.18
19.0,49.75,5.82,-53.08,-11.04,-21.19,27.71,-37.55,-13.04,-41.18,6.74,-29.14,-4.96
19.16,30.9,3.73,-27.61,-16.51,-11.74,13.12,-12.05,-9.6,-30.02,-4.69,-14.68,1.51
18.98,31.95,1.72,-42.05,-20.04,-7.8,31.35,-8.0,-2.97,-28.99,7.7,-10.04,14.87
18.83,26.03,-3.42,-35.43,-20.03,-13.34,12.76,-18.46,-16.77,-36.35,-6.34,-16.01,1.87
18.37,49.24,-1.83,-54.45,0.8,-31.49,44.28,-25.34,7.38,-32.57,-8.94,-22.36,-4.19
18.55,35.22,2.15,-43.85,-20.51,-9.19,30.45,-10.32,-0.04,-27.97,7.59,-16.96,9.22
19.14,44.48,6.19,-54.04,-22.31,-17.09,29.35,-23.85,-1.1,-34.69,4.39,-28.14,5.18
19.37,38.61,8.51,-34.48,-11.87,-10.56,29.69,-3.1,4.76,-28.14,-2.91,-24.44,-1.56
18.39,31.57,6.5,-26.91,-19.89,-17.43,10.34,-8.77,-2.96,-22.37,-3.34,-15.56,0.08
18.0,43.77,2.0,-50.69,-15.2,-23.39,20.03,-33.61,-15.23,-52.38,-9.52,-32.78,1.34
18.66,43.05,5.75,-44.4,-9.44,-11.75,26.44,-21.76,-5.61,-41.04,-1.82,-22.62,12.66
18.48,47.95,16.56,-52.57,-23.26,-4.14,46.85,-24.95,-17.96,-40.03,14.93,-30.74,-9.69
18.22,26.94,3.3,-22.88,-9.92,-0.27,23.4,-0.76,-3.44,-21.31,-1.12,-8.56,3.38
18.37,37.7,1.51,-37.66,-19.05,-17.62,12.85,-21.51,-7.28,-36.85,-4.79,-26.09,10.58
18.23,48.94,-2.82,-67.78,-17.7,-40.6,30.22,-39.37,-6.91,-36.32,9.81,-10.69,19.38
17.86,25.78,-2.76,-40.88,-27.7,-22.1,8.93,-20.42,-17.26,-39.56,-6.08,-9.12,16.31
18.21,45.56,3.27,-49.09,-10.87,-22.75,21.91,-31.35,-7.62,-34.79,11.41,-9.09,18.98
17.46,19.56,-5.45,-26.92,-15.93,-6.41,11.63,-10.92,-17.58,-34.92,-17.39,-18.54,0.5
18.59,32.48,6.73,-34.27,-23.59,-14.55,22.99,-6.69,-6.02,-34.15,-4.71,-17.49,5.33
18.4,26.12,-1.46,-39.56,-32.62,-26.36,7.24,-18.3,-19.35,-45.98,-18.69,-23.32,3.98
18.2,23.11,-4.24,-32.44,-21.23,-16.45,3.92,-17.17,-12.95,-25.43,-4.43,-10.99,4.48
18.14,36.3,7.23,-35.73,-20.63,-12.12,23.57,-9.81,-2.92,-22.65,13.15,-6.8,9.51
17.7,56.96,15.28,-61.64,-22.93,-22.55,44.22,-38.41,-11.95,-27.18,24.49,-21.92,9.98
17.82,33.36,2.73,-36.99,-25.01,-20.09,8.89,-21.37,-11.66,-26.39,9.85,-4.21,13.13
17.59,30.79,0.59,-34.52,-13.2,-7.95,18.4,-14.71,-5.8,-20.28,13.75,1.21,18.02
17.87,52.84,11.38,-54.45,-12.99,-17.37,35.56,-26.03,-1.28,-38.08,10.74,-20.69,14.29
17.68,28.16,3.86,-26.95,-18.25,-13.62,12.68,-7.52,-4.42,-25.45,-7.81,-17.33,1.91
17.46,31.27,2.34,-31.44,-17.83,-13.59,8.47,-23.67,-19.32,-37.35,-10.52,-24.96,-6.76
16.89,34.06,6.57,-28.79,-14.59,-12.87,15.18,-10.25,-1.38,-18.48,9.36,-8.33,0.85
16.95,41.92,-2.0,-52.58,-22.05,-15.82,21.65,-30.32,-7.47,-34.14,12.03,-25.5,6.94
15.95,22.69,-2.48,-26.38,-10.92,-7.33,3.91,-27.76,-22.45,-22.11,11.99,7.5,13.86
16.46,41.91,13.68,-32.12,-16.53,-11.27,19.75,-19.53,-10.71,-31.21,9.01,-8.22,15.89
16.57,40.01,6.81,-40.7,-10.78,-4.47,27.48,-25.98,-14.28,-33.03,13.4,-11.71,11.36
16.38,29.44,2.76,-32.82,-24.44,-19.41,10.3,-15.8,-14.12,-38.6,-12.09,-18.44,5.21
16.97,42.83,10.19,-57.2,-37.49,-32.04,27.21,-18.56,-7.27,-37.56,14.84,-12.92,21.44
17.2,34.5,0.23,-47.31,-23.23,-23.49,15.16,-21.03,-8.86,-39.77,-9.31,-26.82,4.07
17.38,22.08,-3.57,-34.56,-26.63,-22.49,5.12,-12.72,-8.53,-29.55,-12.18,-19.73,5.01
17.08,22.35,0.31,-18.55,-13.08,-7.22,10.98,-2.27,-7.75,-27.88,-17.97,-16.44,4.29
17.04,31.4,6.88,-29.13,-20.79,-18.83,15.28,-5.08,-1.51,-30.84,-11.22,-21.34,7.08
16.18,24.17,1.14,-17.59,-9.12,-2.82,14.6,-1.65,-5.49,-22.63,-9.16,-9.97,6.92
17.78,18.53,-6.29,-27.94,-20.19,-13.4,6.12,-5.36,-3.51,-16.02,-5.56,-10.43,0.25
18.64,20.83,-5.45,-31.48,-26.08,-17.68,11.69,5.96,10.79,-9.55,-1.16,-11.37,1.96
18.46,45.83,8.48,-56.79,-29.45,-18.51,33.12,-19.8,7.02,-18.88,28.41,-10.77,10.58
19.4,39.78,8.39,-30.79,-4.94,-2.14,26.85,-14.31,-0.62,-22.13,10.58,-17.74,-7.66
19.89,33.63,7.55,-21.78,1.89,9.2,32.84,0.24,6.83,-13.12,4.5,-22.5,-15.6
19.71,33.25,16.88,-11.3,-11.5,-9.82,15.37,0.74,1.9,-16.42,-3.53,-18.17,-13.89
18.78,23.92,4.39,-12.04,-4.4,2.35,16.39,2.33,1.57,-7.96,0.06,-11.34,-11.98
19.14,45.27,18.36,-24.49,-5.8,1.94,38.25,-2.72,2.08,-25.16,6.48,-19.99,-3.89
19.28,30.62,11.91,-8.51,-3.93,-0.85,13.78,-2.03,-1.6,-12.45,-2.57,-14.93,-11.25
19.41,26.99,10.26,-6.99,-5.3,-1.71,12.91,0.97,-3.61,-18.98,-13.68,-20.51,-13.79
18.49,26.99,8.22,-6.66,1.92,7.86,19.73,5.02,2.77,-9.11,-4.18,-14.62,-12.13
17.56,26.51,4.48,-15.5,-1.14,6.55,23.78,-0.97,-0.71,-13.8,7.17,-2.84,4.45
17.89,31.71,5.91,-24.8,-2.41,7.44,31.41,-5.91,-4.25,-20.71,8.31,-10.93,-4.63
17.63,30.85,11.16,-16.19,-9.75,-0.76,22.05,-2.84,-13.41,-32.53,-11.82,-16.06,-6.75
17.1,47.22,10.06,-36.73,9.03,3.54,45.33,-16.84,-2.66,-31.19,12.56,-19.13,-0.04
16.69,31.0,7.05,-34.22,-18.67,-4.25,26.83,-16.78,-21.68,-34.37,6.54,-10.2,-3.75
16.51,33.69,6.06,-27.13,-8.09,-3.18,24.16,-5.11,0.3,-22.56,0.74,-14.2,3.15
16.93,33.97,2.85,-31.39,-13.41,-6.06,20.85,-14.33,-6.76,-27.46,1.06,-23.82,-12.69
17.61,29.09,7.57,-12.77,3.23,9.4,22.5,-7.23,-9.98,-21.91,-1.68,-11.85,-6.57
17.72,31.55,9.27,-11.96,6.96,14.92,28.75,-7.53,-11.19,-23.61,3.82,-10.57,-5.3
17.91,61.47,25.54,-41.63,3.97,9.71,52.09,-32.85,-3.43,-11.12,33.42,-26.08,-5.64
18.08,27.19,12.83,1.2,2.49,2.87,9.21,-4.66,-9.23,-15.83,-6.06,-8.92,-8.6
18.51,25.7,7.99,-4.16,4.47,8.44,14.51,-3.44,-6.24,-12.59,-3.81,-13.14,-12.96
18.55,35.87,17.42,-14.61,1.03,10.52,31.86,-11.66,-18.41,-31.49,3.14,-11.37,-6.71
18.6,26.55,7.43,-7.35,7.12,12.62,23.23,-1.34,-5.55,-19.1,-9.07,-21.95,-18.89
18.56,46.63,22.9,-26.41,-2.81,10.78,53.65,2.68,4.79,-18.33,26.75,-4.58,-0.9
18.68,51.42,31.17,-15.18,-0.24,13.16,52.59,-2.81,-5.23,-24.35,15.99,-20.04,-6.81
19.39,31.58,11.2,-9.57,4.09,11.36,27.16,-2.38,-8.54,-26.56,-7.58,-16.71,-8.49
18.67,25.98,13.0,5.82,5.33,3.86,5.33,-2.94,-5.84,-10.2,-9.29,-13.47,-12.45
19.38,33.38,12.59,-8.8,3.22,11.59,34.55,13.5,10.09,-12.02,0.02,-11.29,0.05
19.43,43.52,20.7,-12.62,6.05,11.28,39.29,8.08,11.7,-13.12,8.31,-18.55,-10.1
19.3,37.64,15.6,-16.61,-3.5,6.84,38.28,12.27,17.17,-4.44,17.39,-3.42,3.37
18.59,35.59,17.29,-7.93,-3.28,2.22,23.85,5.19,3.66,-10.7,7.81,-2.88,0.86
17.64,45.59,12.52,-26.16,9.93,3.23,36.4,-13.15,2.4,-19.79,19.19,-3.68,10.86
17.66,39.45,18.05,-17.77,-6.24,3.29,32.12,-4.29,-2.84,-15.79,18.87,-0.47,2.65
17.93,37.23,13.36,-18.7,-4.6,2.06,32.1,8.5,13.05,-9.87,8.03,-11.96,-2.36
18.22,41.17,16.15,-26.27,-8.66,2.5,35.1,-7.41,-3.69,-23.51,12.42,-12.97,-0.19
18.12,28.82,8.03,-12.75,-3.61,4.61,22.34,2.59,0.29,-12.28,3.6,-7.33,-4.35
17.77,35.68,10.07,-22.72,-6.8,-1.91,21.73,-9.56,-5.94,-24.88,0.78,-12.2,2.52
17.01,31.0,3.87,-23.91,-4.18,-3.56,18.04,-5.84,1.67,-14.54,4.41,-5.91,10.36
18.7,26.56,3.51,-23.26,-2.91,6.02,30.14,-6.62,-13.31,-38.4,-10.0,-15.04,4.13
18.23,37.34,7.21,-25.21,-4.01,1.15,27.64,-9.64,-0.75,-23.03,12.45,-5.14,12.48
17.49,33.35,7.71,-28.47,-10.65,-2.67,28.89,-6.75,-6.28,-30.72,1.4,-10.51,9.2
17.3,43.79,12.74,-37.39,-12.07,-1.79,39.6,-10.31,-3.04,-34.88,4.55,-24.51,3.4
17.81,28.65,4.0,-27.98,-12.25,-5.48,23.29,-6.78,-6.09,-27.03,4.25,-3.47,11.67
17.9,32.49,1.73,-42.54,-17.53,-14.14,19.66,-22.53,-11.61,-35.17,9.81,-1.06,25.17
17.92,32.23,6.9,-31.34,-18.38,-10.33,23.97,-6.63,-3.07,-26.5,5.52,-11.26,-0.16
17.93,53.52,29.23,-48.2,-13.94,9.77,49.36,-27.35,-5.32,-14.04,19.98,-25.36,2.89
17.8,25.19,3.45,-18.55,-5.21,3.97,24.77,1.41,-2.83,-20.0,-1.18,-6.96,2.57
17.2,25.93,0.94,-19.09,-6.79,0.88,18.66,-1.17,-2.02,-18.05,-3.06,-12.52,-3.67
16.91,20.48,-0.93,-17.15,-8.74,-2.13,10.97,-3.48,-5.73,-15.51,-4.64,-8.75,-3.09
17.57,29.62,5.39,-17.97,-3.34,4.0,22.19,-6.24,-6.39,-20.16,5.14,-3.96,6.97
17.35,51.64,11.86,-39.63,-1.45,-19.73,34.7,-14.7,5.94,-22.04,17.8,-6.27,11.77
17.2,31.8,1.43,-34.24,-25.93,-25.63,0.59,-21.72,-7.56,-28.21,-6.05,-28.91,-13.1
16.88,46.18,9.34,-41.2,-6.69,-14.72,23.44,-25.1,-5.99,-33.92,6.71,-13.08,11.77
17.0,30.49,2.48,-27.77,-10.12,-7.32,14.91,-18.07,-17.31,-38.8,-9.64,-16.13,3.54
17.21,42.57,4.02,-43.61,-1.23,-6.01,36.19,-20.83,-5.87,-42.28,0.86,-20.09,8.16
17.01,28.63,3.59,-20.29,-4.45,4.08,23.66,-4.38,-6.5,-23.8,0.82,-6.53,7.92
16.73,37.66,13.56,-35.98,-20.47,3.96,39.89,-21.17,-24.5,-30.27,23.4,-10.79,0.11
17.41,33.58,6.63,-30.48,-6.56,5.63,35.06,-12.0,-10.47,-32.16,8.79,-6.64,14.1
18.54,27.88,9.12,-10.24,2.01,9.51,25.47,-3.05,-14.12,-34.31,-15.78,-16.48,-1.21
18.77,27.41,13.57,-3.05,0.93,6.02,22.0,1.73,-12.46,-32.93,-17.92,-13.58,-1.65
17.93,38.78,16.88,-20.12,-3.29,11.03,34.01,-12.9,-11.26,-22.81,14.13,-6.45,4.86
17.94,33.99,11.76,-11.76,7.42,10.16,22.12,-20.6,-18.0,-26.52,12.51,1.73,10.63
18.22,27.46,13.08,-2.76,-7.41,-8.11,2.92,-6.51,-11.88,-21.34,-8.62,-4.58,0.63
18.13,29.92,11.29,-7.14,3.25,9.13,20.16,-8.04,-13.31,-21.37,3.24,-0.77,4.47
18.12,40.33,12.21,-17.7,8.99,3.36,30.33,-4.36,3.95,-17.92,9.62,-3.65,10.06
18.98,35.25,9.72,-21.2,2.84,11.42,40.11,-1.94,-3.9,-32.12,4.3,-8.56,9.75
18.44,24.15,4.38,-14.76,-5.86,1.69,18.85,-2.29,-10.8,-27.85,-11.97,-12.83,-2.56
18.57,42.04,3.94,-44.7,-9.25,-6.21,40.45,-8.08,7.3,-30.69,11.68,-16.59,9.29
18.8,25.09,-4.0,-36.42,-12.15,1.24,32.43,-1.62,-0.89,-25.16,-0.56,-16.9,-1.11
18.59,34.68,4.0,-40.23,-11.73,6.54,47.6,1.34,6.69,-20.42,16.44,-15.89,-1.85
18.11,22.07,-2.93,-29.28,-11.64,0.94,29.14,2.89,-3.29,-29.96,-13.3,-24.16,-10.48
18.39,20.93,-5.59,-31.54,-17.44,-5.87,20.95,-4.44,-10.56,-35.17,-12.16,-16.21,2.17
18.14,42.98,0.6,-39.16,8.02,-11.36,44.76,-3.36,17.57,-18.2,3.12,-14.28,6.38
19.18,35.24,7.89,-38.44,-15.4,-1.64,40.48,-6.2,-6.65,-42.77,-7.34,-27.68,-1.27
17.98,23.05,2.01,-19.83,-5.79,4.14,29.54,5.8,-4.62,-33.07,-17.62,-17.57,4.65
18.25,25.4,1.96,-22.55,-6.14,3.8,30.87,2.01,-5.38,-35.8,-11.94,-12.86,14.61
17.6,28.73,-0.03,-30.45,-4.11,-1.65,28.28,-6.8,-6.93,-37.45,-10.72,-17.27,8.51
17.5,47.36,8.73,-44.46,-2.17,-4.79,39.15,-25.93,-11.75,-49.25,4.38,-21.92,14.16
17.63,42.2,13.42,-39.73,-19.24,-9.23,31.8,-19.96,-15.15,-45.72,-0.35,-22.04,7.51
17.57,39.6,11.37,-39.93,-17.3,-6.64,33.44,-16.59,-14.49,-40.81,3.54,-17.21,6.46
17.57,42.72,7.53,-41.51,-7.89,-12.43,28.97,-21.45,-11.25,-47.78,-9.77,-31.16,2.53
17.4,25.04,0.51,-26.51,-7.26,0.75,20.74,-19.78,-26.45,-43.34,-5.69,-5.7,14.94
17.65,31.51,9.77,-17.73,-3.75,3.8,24.92,-10.04,-17.83,-38.76,-10.51,-13.21,5.04
17.62,40.53,5.35,-36.16,1.74,-1.52,40.35,-6.28,5.92,-29.62,6.63,-12.44,17.65
