2.17,-43.26,-23.68,-17.36,-20.74,-8.79,-19.7,-8.01,-16.74,-3.79,-11.6,-0.75,2.95
3.26,-9.35,-1.96,-11.15,-12.71,15.14,3.42,-3.2,-15.17,5.79,2.07,1.79,-6.61
6.84,-0.09,-5.94,-27.23,-30.06,7.08,19.46,-4.26,-25.11,-17.51,-0.66,11.56,-0.3
14.51,29.59,3.54,-28.4,-17.39,-7.13,20.79,-4.11,1.29,-12.66,18.21,5.17,12.09
15.06,24.83,-3.31,-34.43,-15.78,-5.26,20.18,-8.23,-2.23,-14.2,16.25,6.99,19.67
16.1,22.64,-6.89,-32.7,-12.23,-4.07,13.67,-17.82,-8.42,-12.91,21.38,8.67,17.44
16.37,19.45,-7.98,-35.65,-20.79,-11.52,8.28,-17.93,-11.32,-15.25,13.34,1.62,5.09
17.31,32.75,-4.5,-47.48,-14.15,-13.92,17.96,-26.58,-7.31,-20.49,25.87,1.04,14.97
17.47,21.8,-10.57,-42.73,-11.28,-4.46,16.06,-27.46,-15.19,-23.54,16.26,-2.25,9.56
17.14,17.99,-10.19,-34.66,-17.96,-8.79,9.9,-16.77,-7.86,-11.09,18.66,1.02,0.09
17.39,17.08,-12.74,-38.44,-22.89,-17.8,0.66,-19.1,-10.01,-17.55,3.52,-5.79,1.85
18.14,39.99,-5.07,-74.03,-22.71,-14.42,30.2,-33.34,-1.67,-22.85,35.63,-5.54,19.85
17.92,21.4,-7.82,-38.72,-22.51,-11.49,15.7,-8.92,-3.24,-15.41,10.5,-1.11,7.88
18.43,28.21,-8.02,-55.93,-31.94,-20.07,17.74,-27.04,-16.04,-38.97,3.34,-20.67,3.52
17.79,21.65,-7.74,-37.34,-21.11,-14.61,5.87,-20.79,-13.47,-20.08,10.81,2.77,13.2
17.71,36.23,1.58,-38.53,-5.91,-10.03,24.71,-21.8,-8.54,-27.02,18.27,1.7,16.92
17.78,40.4,2.77,-44.7,-10.75,-15.87,25.06,-18.48,-1.2,-30.71,13.51,-4.97,20.39
17.79,41.62,0.35,-59.77,-10.74,-8.8,30.09,-36.49,-8.61,-24.1,24.74,-11.74,8.61
17.83,34.97,-5.78,-54.69,-15.47,-18.33,19.13,-37.89,-16.53,-32.94,21.08,-4.29,11.18
18.6,28.14,-4.46,-41.11,-14.46,-5.65,23.15,-19.68,-9.62,-26.05,15.88,-4.75,7.34
18.25,21.68,-9.22,-41.73,-16.83,-10.4,12.0,-26.48,-18.59,-32.77,1.73,-12.83,2.24
17.99,20.67,-12.62,-48.15,-34.09,-27.3,-2.33,-32.11,-24.23,-35.63,-1.73,-16.3,-3.37
18.55,38.02,-2.85,-58.21,-19.54,-14.65,27.05,-31.63,-9.09,-31.38,23.8,-4.95,18.23
18.08,32.81,-6.55,-53.63,-22.54,-12.31,23.76,-23.4,-6.38,-23.57,24.39,-6.18,14.97
17.81,19.09,-13.56,-46.99,-28.21,-22.85,-0.71,-30.76,-21.59,-31.67,-1.56,-15.12,-3.73
17.77,37.61,5.23,-55.63,-26.59,-8.36,32.97,-26.03,-12.5,-27.15,21.01,-16.56,1.63
18.66,41.92,-3.46,-61.18,-16.44,-23.2,25.4,-37.36,-12.07,-38.82,13.93,-17.73,0.66
18.54,37.75,-2.97,-61.03,-20.92,-13.03,25.79,-30.82,-8.18,-33.61,12.02,-21.77,1.96
18.84,23.89,-11.44,-51.69,-23.04,-13.94,20.08,-17.13,-5.89,-25.48,13.16,-1.97,19.32
18.66,26.07,-9.11,-44.69,-15.98,-4.83,24.3,-20.37,-13.69,-35.73,5.21,-12.57,13.12
18.95,31.68,-7.9,-55.88,-17.35,-12.48,28.81,-22.93,-5.78,-28.52,18.22,-4.74,18.66
18.83,19.18,-10.19,-33.69,-11.67,0.68,22.13,-8.24,-6.22,-20.5,8.08,-1.48,13.26
18.91,45.46,-6.4,-60.73,-4.49,-32.12,32.8,-30.96,-0.48,-29.81,9.72,-9.94,11.48
19.0,24.32,-5.74,-33.25,-7.65,0.82,23.15,-13.02,-8.08,-22.83,9.52,-5.02,8.27
19.71,27.06,-9.42,-58.81,-24.32,-12.19,19.1,-40.53,-21.61,-29.19,30.29,4.38,23.17
19.15,25.92,-5.55,-40.54,-10.5,-2.27,21.87,-27.59,-21.44,-37.35,11.46,1.06,23.01
19.54,16.43,-13.74,-39.49,-18.25,-11.05,6.55,-23.26,-17.69,-24.52,6.61,2.3,16.02
19.58,26.97,-10.62,-61.0,-27.38,-12.86,24.77,-32.56,-17.45,-36.76,17.72,-8.63,17.37
18.86,20.52,-8.08,-36.05,-13.11,-1.7,26.35,-3.24,-2.64,-22.03,5.32,-1.89,13.58
19.0,22.69,-10.28,-37.78,-12.03,-1.65,20.22,-15.85,-7.63,-20.09,15.73,0.39,15.8
21.49,28.41,-6.79,-58.06,-26.84,-9.7,39.35,-9.06,-3.64,-40.96,-2.42,-30.88,-2.89
21.19,45.98,-6.52,-74.87,-13.13,-16.28,51.29,-23.76,13.72,-31.2,6.35,-27.91,7.18
21.11,18.99,-13.18,-45.07,-14.99,-3.43,31.47,-3.04,-2.06,-32.12,-4.45,-11.85,16.42
21.71,26.06,-12.36,-50.11,-16.33,-9.85,29.52,-8.68,4.16,-23.38,11.5,-6.53,16.17
21.71,22.13,-10.72,-48.5,-19.72,-3.51,32.03,-4.02,2.27,-22.5,9.12,-10.51,8.11
21.97,14.14,-13.0,-42.62,-29.94,-19.08,26.0,-1.52,-4.54,-27.89,-7.27,-3.26,14.13
21.22,22.22,-5.72,-41.61,-27.56,-15.28,25.68,9.31,14.85,-14.49,4.25,-12.13,4.77
20.63,13.65,-16.26,-39.87,-28.5,-17.16,5.83,-9.43,-6.32,-21.28,-6.35,-16.89,-5.94
20.48,21.49,-7.29,-36.38,-16.31,-6.76,18.2,-10.2,-7.1,-22.79,4.74,-3.43,12.38
20.63,25.87,-7.37,-48.76,-31.36,-21.24,14.89,-17.17,-8.9,-33.01,2.24,-11.73,13.28
20.46,16.83,-13.08,-36.53,-16.91,-10.21,8.44,-11.68,-0.65,-5.68,15.01,3.24,8.94
20.91,29.58,-5.26,-43.47,-9.99,-4.81,30.42,-10.36,0.04,-22.08,17.06,-2.16,13.68
20.6,39.47,-6.46,-50.21,2.35,-19.22,49.11,-12.08,4.82,-29.41,5.5,-5.82,10.49
20.34,24.9,-5.08,-50.3,-36.77,-24.3,21.62,-6.49,-2.03,-31.79,1.92,-12.67,9.15
19.51,28.28,-2.27,-43.53,-26.2,-14.47,23.86,-4.48,3.23,-19.59,9.57,-9.6,7.01
19.92,43.96,6.42,-75.1,-31.76,-5.34,41.45,-48.44,-14.88,-17.27,44.87,-12.53,10.33
19.63,36.77,-7.38,-45.21,-1.49,-22.21,21.53,-21.55,3.2,-16.99,11.74,-2.88,12.82
19.51,38.9,5.04,-53.89,-24.98,-9.08,33.61,-26.64,-15.36,-36.4,16.67,-12.5,13.5
19.39,18.95,-12.16,-42.59,-25.4,-16.23,9.67,-11.59,-2.56,-14.44,8.27,-3.77,7.83
19.39,27.75,-7.45,-50.25,-27.19,-16.57,15.71,-24.94,-15.52,-33.92,6.27,-14.1,5.73
19.19,36.59,-9.35,-46.54,4.43,-19.44,30.23,-23.27,0.15,-20.35,11.19,-4.26,7.91
19.47,22.8,-7.52,-40.97,-22.86,-10.42,20.14,-6.91,0.17,-14.47,15.78,1.47,12.25
19.31,50.58,2.02,-70.42,-16.46,-10.84,33.0,-43.33,-2.81,-33.12,23.47,-20.54,17.05
18.74,28.81,-7.41,-48.36,-23.29,-12.28,21.77,-13.46,4.02,-12.68,25.85,0.24,17.94
18.52,36.42,3.71,-63.25,-39.11,-6.01,41.13,-29.94,-16.38,-19.11,43.98,-7.49,8.26
18.96,18.56,-15.82,-48.41,-25.89,-14.55,10.43,-24.58,-15.82,-27.28,9.85,-6.04,8.55
18.48,28.24,-3.91,-37.01,-10.41,-6.41,19.23,-15.61,-4.34,-17.75,14.77,-1.58,8.19
18.57,30.59,-10.51,-63.56,-35.96,-36.47,2.86,-36.14,-14.05,-36.07,5.17,-15.6,8.19
18.5,29.93,-2.43,-48.27,-25.23,-12.65,21.5,-24.95,-18.38,-34.67,9.77,-14.32,-1.2
19.04,37.87,-4.0,-57.97,-18.44,-17.08,27.54,-33.43,-13.49,-44.29,9.75,-16.01,18.36
18.21,25.81,-7.67,-44.16,-16.1,-10.26,14.13,-28.18,-17.32,-31.56,6.51,-8.98,8.49
18.4,41.15,-4.44,-58.72,-9.89,-9.09,30.03,-41.38,-15.94,-40.79,13.36,-25.2,0.55
18.35,19.68,-11.01,-43.27,-27.08,-17.52,8.66,-17.57,-12.62,-25.7,-0.46,-13.86,-4.57
18.53,27.73,-6.31,-39.08,-11.93,-2.37,21.6,-21.3,-10.78,-23.91,17.99,-2.22,13.91
18.62,22.71,-10.83,-44.26,-13.6,-9.09,12.16,-29.77,-17.21,-28.52,8.39,-9.29,5.5
17.95,35.25,-3.42,-45.51,-8.21,-14.62,16.64,-27.53,-5.49,-23.72,15.79,-1.46,16.83
18.55,37.12,-1.11,-50.78,-7.78,-2.59,29.31,-32.83,-10.27,-24.83,32.57,1.19,16.33
18.87,28.83,-3.81,-44.25,-11.36,-2.87,20.37,-35.0,-21.93,-29.33,26.56,9.52,26.35
18.22,25.21,-5.69,-32.58,-6.78,-4.66,12.72,-19.69,-8.54,-16.44,12.54,0.23,10.98
18.9,25.69,-6.5,-42.06,-18.25,-8.49,15.93,-24.96,-11.71,-19.44,22.92,-0.35,7.26
18.63,30.8,-3.23,-47.19,-11.44,0.23,33.95,-21.18,-10.22,-26.97,25.37,0.29,15.25
18.52,38.3,2.51,-54.26,-20.78,-7.58,31.68,-27.81,-6.21,-19.6,35.63,-0.25,17.51
18.88,45.48,-4.13,-61.34,0.16,-14.21,41.77,-30.79,-0.58,-29.75,20.4,-14.38,13.32
18.56,41.15,-2.98,-59.06,-8.7,-10.59,34.07,-32.22,-7.48,-34.44,21.29,-6.1,23.48
17.88,23.88,-5.53,-33.72,-7.02,-0.56,19.47,-19.75,-17.32,-32.04,3.09,-2.69,16.4
18.96,36.35,0.02,-52.19,-14.85,-2.31,32.73,-33.9,-20.35,-35.42,25.04,-5.39,18.36
18.29,19.27,-8.14,-33.81,-16.4,-9.25,8.38,-21.55,-19.27,-26.78,4.25,1.07,12.53
18.87,26.22,-7.97,-45.27,-18.93,-10.79,14.55,-31.34,-22.22,-37.66,7.83,-6.72,13.48
18.92,27.24,-4.51,-40.89,-11.23,-8.63,12.18,-36.15,-21.8,-29.33,18.62,1.44,13.63
18.87,28.95,-8.4,-47.87,-9.23,-7.87,17.87,-39.12,-29.33,-50.69,-0.88,-14.83,11.26
19.2,30.41,-6.09,-58.05,-26.89,-14.13,22.04,-37.02,-24.67,-40.68,12.35,-14.95,6.06
18.96,31.4,-12.35,-61.93,-20.28,-22.69,19.17,-36.15,-11.9,-31.2,24.67,2.02,23.84
18.54,26.51,-7.4,-47.93,-18.6,-9.58,21.9,-20.61,-8.7,-27.11,14.15,-3.59,16.11
18.42,27.52,-12.49,-55.34,-24.22,-12.91,21.38,-25.89,-12.67,-34.68,14.32,-10.32,13.69
18.49,36.91,1.14,-53.36,-20.36,-13.9,17.53,-47.59,-28.28,-36.58,28.69,-1.64,11.71
18.57,14.7,-12.82,-28.06,-13.98,-6.54,0.28,-21.79,-18.46,-18.85,2.56,-3.83,1.72
18.02,33.91,-0.45,-45.86,-11.29,-6.46,29.02,-26.67,-14.6,-31.22,25.74,4.48,19.21
18.59,28.96,-4.5,-41.74,-10.91,-2.37,24.47,-24.59,-12.91,-24.67,22.62,-2.47,8.2
18.41,20.39,-10.42,-40.74,-13.5,-1.98,22.51,-13.71,-7.13,-20.26,9.91,-9.69,-0.67
18.48,22.75,-9.07,-37.52,-11.91,-0.35,22.27,-15.7,-8.72,-21.97,11.98,-8.04,4.11
18.17,22.64,-6.55,-34.37,-11.76,-6.81,12.87,-16.94,-5.39,-13.33,16.13,2.38,11.01
18.34,24.66,-7.87,-37.73,-15.83,-9.31,13.77,-16.76,-8.09,-23.2,6.11,-7.7,8.07
18.38,23.23,-6.96,-42.79,-25.38,-16.09,12.07,-19.27,-11.54,-23.4,10.09,-4.37,7.18
18.44,35.27,-3.4,-57.32,-31.73,-23.71,16.59,-35.74,-17.0,-43.08,12.05,-10.75,19.74
18.65,32.26,-0.52,-44.76,-14.2,-5.61,24.84,-27.72,-17.14,-33.55,16.38,-1.81,22.08
18.08,32.27,0.92,-48.28,-29.66,-18.1,18.89,-27.76,-21.45,-36.56,15.2,-2.45,14.77
19.01,25.66,-4.43,-38.29,-8.56,0.64,28.24,-15.21,-11.15,-31.86,7.54,-2.11,20.8
18.65,23.18,-10.29,-50.18,-24.29,-11.17,20.49,-24.37,-17.54,-31.55,19.12,4.91,22.69
18.85,21.29,-12.58,-48.8,-14.64,-4.51,21.42,-27.3,-17.21,-29.72,15.82,-0.62,15.51
19.17,19.68,-14.62,-44.81,-11.29,2.36,26.6,-20.47,-10.4,-21.51,24.01,4.42,20.21
18.75,14.33,-17.48,-41.73,-12.54,-5.6,10.28,-24.31,-13.36,-18.1,11.64,-3.97,4.04
19.29,31.74,-10.78,-59.77,-10.26,-10.06,27.84,-38.28,-14.76,-32.31,29.89,3.26,23.77
18.67,39.7,-16.18,-68.85,-1.09,-31.4,39.53,-46.48,-9.07,-30.38,19.68,4.57,14.88
18.75,15.42,-13.4,-36.7,-20.35,-10.95,6.24,-21.39,-18.57,-25.08,6.98,3.05,14.47
19.31,17.21,-12.31,-37.52,-8.54,4.18,27.49,-7.1,-3.84,-17.56,10.76,-3.94,4.84
18.59,35.52,1.5,-52.49,-18.75,-1.16,38.14,-20.26,-6.67,-23.11,26.08,-11.88,0.59
18.64,46.27,-5.32,-57.17,5.34,-18.11,44.62,-30.77,2.42,-20.96,24.13,-5.23,7.37
18.04,26.86,-4.18,-31.65,-7.19,-6.02,14.08,-18.88,-10.37,-22.51,10.73,1.77,14.68
18.12,26.91,-0.93,-35.58,-13.2,-3.56,24.53,-13.47,-8.88,-25.73,12.01,0.43,15.67
18.7,24.71,-6.2,-37.99,-13.78,-4.22,17.62,-22.92,-15.98,-26.49,14.26,-1.25,11.7
18.29,30.56,-3.52,-43.14,-10.97,-6.68,19.74,-25.0,-7.87,-21.86,18.56,-4.86,12.64
18.54,18.65,-12.25,-38.87,-12.81,-3.81,16.4,-23.44,-16.39,-26.3,14.65,3.45,17.85
19.26,28.23,-5.4,-44.62,-8.83,-0.83,30.01,-18.81,-5.46,-21.73,25.51,7.48,26.51
18.82,40.48,-0.87,-55.23,-14.24,-17.99,28.68,-29.95,-10.35,-36.81,15.62,-8.62,18.17
18.49,17.67,-9.83,-35.49,-16.66,-4.21,20.27,-5.68,-6.4,-22.22,0.88,-7.76,3.38
18.82,18.16,-16.95,-45.53,-20.38,-11.25,8.4,-29.82,-19.67,-30.89,6.78,-9.69,6.69
18.52,21.42,-11.98,-46.11,-18.16,-11.4,15.37,-21.68,-10.69,-22.69,17.63,6.44,20.06
18.7,31.84,-9.0,-62.63,-13.17,-2.55,33.31,-40.51,-18.57,-33.84,32.8,-1.75,18.94
18.55,27.78,-9.99,-48.77,-9.99,-6.97,21.59,-24.48,-4.89,-18.39,24.39,1.87,14.35
18.63,26.79,-5.18,-46.94,-17.25,-5.61,22.72,-28.6,-14.9,-24.64,24.45,-5.4,2.69
18.28,30.97,-0.84,-37.94,-5.0,-0.92,25.08,-26.42,-17.64,-32.15,15.41,-2.39,12.43
18.12,30.58,-8.8,-45.95,-16.06,-17.43,12.51,-23.44,-2.82,-22.43,13.37,-6.18,12.92
18.8,25.98,-10.57,-50.07,-14.52,-7.64,21.63,-26.41,-13.0,-27.97,15.47,-4.6,12.32
18.77,13.46,-17.98,-42.47,-21.23,-8.15,11.95,-17.96,-14.03,-22.29,10.76,3.24,15.77
18.77,17.99,-14.32,-44.08,-19.23,-8.81,16.2,-13.93,-6.75,-20.04,7.93,-4.84,7.77
18.57,29.75,-7.93,-44.16,-7.32,-9.1,24.42,-15.29,0.36,-20.52,14.27,-4.02,12.38
18.61,30.61,-5.87,-52.29,-24.5,-16.82,18.35,-22.91,-5.85,-21.2,20.1,-5.5,8.41
18.12,27.65,-2.28,-35.0,-20.77,-15.71,8.48,-17.53,-2.83,-8.88,24.16,5.53,12.14
18.33,18.74,-10.2,-39.35,-19.78,-12.43,6.29,-28.83,-25.67,-35.09,-2.59,-11.72,-0.03
19.21,37.53,-7.91,-59.38,-6.39,-11.83,25.99,-42.79,-12.74,-31.86,26.74,-7.13,14.42
18.97,29.34,-12.0,-47.23,-8.93,-23.14,8.93,-29.9,-7.27,-22.51,11.37,-3.63,11.25
18.62,28.37,-5.73,-40.51,-13.47,-5.69,16.87,-26.89,-14.34,-24.62,19.26,-1.4,13.94
19.07,33.53,-5.51,-52.38,-9.19,-5.32,28.26,-28.7,-7.88,-27.94,19.91,-9.6,11.95
18.75,33.95,-5.53,-57.56,-18.39,-9.97,28.12,-36.69,-17.9,-33.4,24.15,-10.46,8.57
17.99,23.98,-5.12,-38.85,-25.77,-18.97,7.41,-18.6,-13.75,-28.12,0.1,-6.93,8.99
18.46,35.53,-1.88,-44.13,-8.91,-10.02,22.64,-23.06,-7.28,-28.09,13.3,-10.69,6.62
18.14,48.9,5.15,-64.31,-20.87,-14.73,32.82,-42.35,-8.23,-23.39,38.97,-6.4,10.54
18.17,39.04,1.24,-54.64,-23.4,-16.92,21.9,-30.97,-11.39,-30.15,23.91,-3.32,20.18
18.02,44.22,2.98,-60.08,-23.22,-18.99,22.0,-44.15,-17.8,-33.24,26.46,-7.12,21.68
18.18,29.8,-8.66,-52.95,-23.19,-15.74,14.02,-36.32,-17.64,-31.62,17.29,-15.66,-0.94
18.3,23.0,-8.86,-42.2,-17.43,-9.72,14.34,-21.01,-10.07,-19.75,14.95,-1.47,10.49
18.23,43.84,0.26,-51.68,-11.3,-14.58,26.69,-29.07,-0.66,-23.27,24.27,-10.47,12.82
18.1,33.05,-2.44,-46.99,-18.23,-12.62,18.31,-25.4,-7.29,-20.21,21.93,-3.88,11.43
18.35,46.6,-1.1,-61.25,-5.82,-13.95,34.9,-28.76,5.32,-21.03,27.76,-14.07,10.21
18.08,21.67,-4.34,-30.56,-17.46,-9.94,10.07,-14.1,-10.31,-16.2,10.08,-1.69,0.2
18.59,21.01,-8.76,-31.98,-12.15,-2.55,14.44,-14.26,-6.19,-12.99,13.65,-4.91,0.54
18.3,30.03,-3.59,-43.28,-14.95,-11.11,17.93,-26.59,-12.68,-22.13,22.43,2.62,12.4
18.25,28.53,-5.95,-32.42,-9.57,-2.8,15.21,-19.17,-8.52,-23.76,9.5,-6.96,13.03
18.62,20.86,-7.58,-40.13,-23.06,-12.62,18.19,-7.49,-3.44,-21.27,8.74,2.19,20.15
18.58,27.31,-9.95,-50.92,-23.38,-13.16,17.65,-25.33,-10.77,-24.98,21.26,0.88,23.17
18.76,10.92,-19.57,-43.98,-25.42,-14.05,6.79,-15.03,-8.61,-13.13,11.98,3.1,9.5
18.71,20.11,-15.22,-48.74,-24.45,-14.26,9.32,-31.76,-23.63,-36.49,6.05,-7.54,12.46
18.47,29.31,-4.6,-40.83,-12.74,-14.47,9.21,-30.35,-14.19,-23.63,19.74,7.26,20.72
18.38,34.42,-6.58,-53.78,-17.87,-20.71,16.03,-31.13,-10.15,-29.34,17.17,-2.41,19.53
17.77,25.57,-10.81,-49.64,-21.6,-20.26,9.71,-26.23,-9.64,-20.99,18.37,0.5,10.76
18.9,19.79,-13.06,-38.8,-19.33,-11.09,6.5,-22.05,-11.18,-17.47,15.69,4.66,18.73
18.52,42.19,-9.74,-53.95,10.78,-23.61,47.72,-32.66,-3.09,-25.94,11.2,4.17,7.81
18.64,32.55,-6.57,-60.45,-18.6,-12.42,21.1,-43.18,-22.55,-34.84,29.11,0.67,20.54
18.5,14.77,-11.83,-30.36,-5.87,4.04,17.81,-13.59,-12.09,-18.15,9.56,3.38,11.72
18.48,42.05,-0.17,-54.08,-12.18,0.28,39.17,-32.14,-8.95,-31.66,29.79,-13.0,14.56
18.23,35.48,-6.67,-58.15,-10.42,-9.96,29.97,-36.59,-11.44,-28.13,29.96,0.58,18.88
18.81,20.4,-13.63,-42.3,-17.2,-7.86,14.52,-19.74,-9.65,-22.51,11.94,-3.86,12.26
19.22,30.11,-8.78,-68.64,-29.31,-9.98,32.95,-40.73,-21.17,-29.35,39.97,-1.64,15.09
19.28,23.61,-13.45,-48.09,-15.89,-5.83,21.01,-22.41,-6.67,-23.3,17.88,-7.23,11.57
19.0,21.67,-10.51,-41.1,-4.26,3.36,24.43,-23.19,-12.72,-26.32,11.8,-8.01,6.47
18.63,20.07,-9.95,-29.79,-5.6,1.25,14.51,-16.67,-9.6,-16.07,12.18,-0.9,7.84
18.38,26.24,-5.01,-36.17,-4.63,1.51,22.51,-21.78,-12.72,-23.19,16.59,2.45,16.21
18.91,24.42,-9.12,-42.0,-10.72,-2.3,20.05,-28.15,-16.21,-28.43,17.82,0.79,20.19
18.52,27.1,-4.81,-36.69,-2.32,1.83,28.24,-18.03,-10.86,-26.97,13.99,1.21,17.93
18.35,24.24,-9.24,-46.81,-27.14,-19.75,8.94,-23.62,-9.66,-20.57,18.27,2.01,14.67
18.62,20.14,-11.59,-45.1,-23.52,-21.26,0.47,-35.54,-25.25,-36.38,2.22,-4.69,12.02
18.99,42.14,-2.81,-61.87,-7.12,-11.61,30.6,-38.62,-6.95,-26.58,31.26,-5.5,18.18
18.23,28.37,-11.19,-57.96,-19.75,-15.15,16.09,-35.48,-10.76,-22.3,28.36,0.56,18.92
17.99,28.44,-6.62,-53.19,-22.62,-18.44,11.51,-30.47,-15.72,-32.7,6.11,-10.41,10.28
18.88,41.03,-3.59,-61.85,-15.18,-14.43,29.02,-35.03,-5.45,-27.72,31.28,-5.16,22.25
17.4,42.58,12.89,-67.88,-38.26,-12.7,34.98,-42.2,-25.1,-18.78,34.11,-14.27,9.73
18.36,25.53,-7.04,-46.87,-14.47,-2.02,26.93,-23.95,-13.19,-24.83,24.34,4.62,21.84
18.53,26.37,-5.61,-43.94,-17.58,-5.23,25.04,-19.4,-13.41,-28.9,16.86,1.92,20.39
18.44,38.16,-0.9,-56.42,-18.98,-13.65,31.84,-28.18,-10.89,-32.84,23.13,-5.86,21.12
18.49,27.37,-5.5,-44.78,-18.68,-12.58,19.84,-17.89,-6.77,-23.48,17.09,4.05,20.73
18.35,43.56,-5.05,-68.3,-17.26,-19.68,31.12,-40.6,-9.88,-38.8,16.71,-17.28,9.79
17.77,32.26,-8.14,-45.3,-8.26,-2.21,26.24,-22.58,-0.98,-17.25,30.63,2.35,23.59
17.86,24.03,-5.13,-32.52,-3.13,4.23,24.56,-13.64,-4.0,-11.6,23.76,5.16,9.09
18.52,16.04,-14.79,-39.81,-13.05,-2.09,18.01,-17.66,-13.11,-25.62,5.37,-9.59,1.23
18.72,36.39,-4.22,-48.57,-2.19,-5.89,30.73,-26.0,-5.65,-25.98,23.38,-0.18,20.04
18.38,16.38,-18.6,-54.18,-32.92,-26.56,-3.7,-41.85,-36.91,-52.02,-13.71,-21.32,-0.81
18.14,31.08,-2.0,-43.75,-15.92,-7.8,21.69,-21.59,-8.76,-24.82,19.07,3.28,23.4
18.05,34.43,0.07,-44.19,-11.34,-2.05,28.15,-31.45,-21.08,-38.41,17.03,-3.77,20.47
17.83,31.81,-4.98,-43.65,-7.61,-10.34,25.33,-16.7,-3.49,-26.98,12.15,-0.27,21.45
18.35,34.98,-4.58,-55.22,-12.27,-5.55,27.79,-34.14,-12.26,-32.31,22.08,-7.1,15.86
18.1,48.59,-4.28,-59.55,3.02,-27.31,42.22,-43.37,-8.17,-27.93,20.42,0.61,7.83
18.19,33.65,-5.95,-47.65,-10.84,-5.76,26.59,-27.01,-7.74,-30.96,16.86,-12.24,7.67
18.01,27.65,-5.81,-45.85,-18.97,-9.68,20.86,-18.38,-6.99,-21.94,17.44,-1.29,14.38
17.28,24.38,-9.18,-43.9,-22.19,-11.6,17.94,-13.28,-2.92,-20.95,12.46,-3.87,15.12
18.37,26.53,-7.21,-48.06,-17.63,-6.65,23.57,-22.0,-7.97,-18.64,26.27,1.22,9.43
18.08,36.42,-3.0,-48.1,-13.47,-2.12,32.75,-21.59,-3.08,-23.23,30.59,-2.49,17.83
18.71,29.29,-4.75,-46.9,-13.25,-2.95,25.44,-27.74,-16.54,-30.12,18.77,-2.81,13.75
18.9,22.86,-7.26,-31.59,-7.63,-2.16,12.87,-21.61,-10.21,-14.46,22.09,8.45,18.33
18.09,26.44,-3.03,-33.68,-9.07,-1.51,21.68,-11.83,-2.64,-15.16,13.75,-4.98,3.65
18.32,37.04,0.57,-51.92,-17.5,-7.93,28.64,-33.37,-20.4,-36.91,26.3,-1.26,18.95
17.78,26.84,-5.82,-39.64,-17.28,-14.94,7.58,-22.66,-7.63,-15.61,16.65,0.89,10.97
18.69,43.32,-3.01,-59.24,-10.19,-18.41,22.94,-43.14,-9.11,-26.08,32.86,2.37,21.75
18.49,23.89,-5.28,-37.82,-15.89,-8.15,14.64,-22.42,-12.38,-15.17,28.31,15.07,20.48
18.5,30.05,-9.05,-47.01,-3.88,-8.96,21.97,-26.19,-3.48,-16.81,29.81,7.61,18.7
18.26,38.17,-7.76,-58.29,-8.81,-19.59,24.7,-35.68,-10.08,-31.09,20.68,-7.52,10.23
18.92,25.05,-8.39,-40.62,-14.64,-5.25,20.04,-18.16,-9.81,-24.96,11.28,-7.84,6.85
18.35,33.03,-2.78,-50.72,-17.07,-8.05,24.68,-30.53,-14.44,-26.6,28.61,3.54,20.25
17.66,25.44,-6.03,-40.97,-19.12,-9.95,13.75,-26.14,-14.76,-19.86,24.52,5.98,14.42
18.56,28.04,-7.78,-49.19,-14.83,-6.72,25.88,-18.27,0.14,-14.05,27.65,0.9,12.47
18.65,30.82,-1.92,-40.78,-10.23,0.87,30.65,-19.09,-9.92,-28.0,19.55,-3.56,14.84
18.01,44.25,-7.6,-57.68,3.85,-28.16,30.07,-46.17,-12.04,-35.17,13.06,0.48,19.69
18.35,21.2,-12.28,-45.09,-21.97,-13.46,7.77,-31.43,-20.96,-31.23,9.02,-6.9,7.45
18.59,29.34,-11.91,-59.93,-19.08,-17.69,19.42,-37.61,-16.83,-30.42,25.39,-1.41,16.68
18.24,26.12,-6.24,-35.22,-14.08,-9.87,7.27,-28.15,-15.62,-25.0,12.38,-0.69,15.44
18.83,20.29,-9.3,-40.78,-16.14,-8.98,11.44,-27.79,-15.8,-19.53,22.22,6.91,15.98
18.61,38.71,-0.45,-47.08,-2.36,-4.06,32.27,-29.85,-8.97,-29.11,24.79,-4.09,11.68
18.01,28.16,-1.94,-36.78,-13.27,-10.1,11.08,-30.36,-21.44,-32.82,7.09,-4.51,11.58
18.33,35.32,-3.0,-49.85,-13.71,-15.52,18.2,-30.14,-12.26,-32.69,12.87,-9.22,12.25
18.21,22.67,-4.99,-31.98,-13.92,-7.2,11.38,-16.61,-9.11,-14.5,13.64,0.12,4.29
18.25,22.11,-6.8,-37.77,-15.3,-1.81,24.03,-13.33,-10.51,-21.34,17.78,4.34,12.44
19.25,21.74,-9.4,-39.83,-8.43,0.72,24.54,-16.83,-8.37,-18.79,21.86,7.77,18.26
18.53,16.31,-11.08,-34.19,-10.62,2.69,26.38,-4.48,-5.18,-18.22,13.24,6.06,14.93
18.41,31.99,-4.83,-50.45,-14.43,-7.95,24.02,-28.67,-12.46,-29.62,20.17,-2.36,16.6
18.31,21.59,-8.62,-34.97,-13.84,-2.26,20.03,-10.52,-5.72,-19.29,9.9,-3.62,7.77
19.11,28.1,-3.61,-43.05,-16.89,-7.21,20.06,-24.35,-12.82,-22.62,20.45,-3.68,3.46
19.15,30.14,-5.54,-49.08,-17.73,-6.75,22.63,-29.53,-11.28,-20.26,29.96,-5.06,5.75
18.74,25.0,-11.77,-49.39,-12.47,-11.7,15.52,-31.34,-12.94,-24.99,18.96,-5.09,4.31
19.06,17.25,-13.56,-36.69,-9.58,-3.8,8.26,-33.84,-22.59,-22.65,22.94,8.24,14.34
18.7,19.69,-8.18,-31.72,-5.5,4.3,23.36,-10.78,-7.06,-16.29,13.9,1.88,8.52
18.84,31.57,-1.32,-35.64,0.82,5.09,31.81,-16.86,-6.35,-23.09,19.07,-3.5,8.24
18.75,24.26,-6.61,-35.66,1.09,7.92,26.24,-22.05,-9.74,-17.86,21.71,-0.36,7.99
18.37,32.98,-4.49,-47.88,-12.91,-2.6,28.22,-31.81,-15.82,-31.76,26.52,-4.76,12.21
17.89,57.29,9.27,-63.67,-6.0,-13.52,47.48,-38.99,-10.9,-33.5,22.1,-17.97,6.4
18.39,23.53,-7.22,-37.74,-10.95,-1.01,19.81,-24.56,-18.83,-29.98,11.22,-6.71,6.4
18.35,50.68,-1.42,-62.86,5.59,-10.35,51.09,-40.84,-0.34,-22.96,29.01,-2.63,11.69
18.18,34.81,-1.54,-44.39,-13.54,-11.26,21.22,-24.37,-10.22,-33.75,8.71,-10.39,13.86
18.39,48.31,-2.06,-58.44,1.55,-16.87,50.38,-28.07,1.32,-26.65,19.18,-1.17,18.08
18.46,40.71,-1.36,-50.66,-9.75,-2.81,38.02,-17.03,6.39,-23.1,21.08,-20.04,4.37
18.08,45.87,1.05,-48.04,1.14,-15.98,41.37,-15.82,7.52,-22.7,19.66,-1.32,17.55
18.45,35.61,0.78,-45.33,-16.78,-9.31,26.19,-17.42,-2.88,-22.79,16.79,-9.58,6.23
17.76,48.17,-3.91,-61.67,2.25,-19.41,47.9,-29.45,3.46,-28.58,9.84,-9.98,5.27
18.25,25.17,-7.95,-41.54,-18.6,-11.58,12.13,-24.54,-14.48,-27.21,8.66,-9.4,4.14
18.12,25.95,-2.38,-34.65,-12.49,-3.85,20.65,-15.76,-11.27,-27.41,6.37,-4.14,12.41
18.53,25.61,-7.76,-40.14,-13.68,-6.11,14.82,-30.18,-21.77,-35.01,8.21,-8.37,9.57
18.0,38.25,-8.87,-51.88,1.54,-21.33,29.53,-32.16,-8.05,-30.01,13.25,-1.06,13.81
18.26,31.4,-7.99,-48.28,-12.8,-1.5,27.61,-24.44,-8.6,-30.71,13.61,-17.57,6.76
18.58,29.14,-6.06,-46.72,-14.45,-8.32,22.4,-22.1,-5.11,-17.88,24.22,-2.0,9.24
17.99,29.47,-8.0,-47.1,-15.94,-11.57,18.13,-24.85,-5.03,-17.64,25.68,-2.44,10.0
18.45,14.16,-17.19,-42.28,-18.03,-10.49,6.4,-23.35,-14.36,-20.25,7.6,-3.86,4.77
18.6,22.62,-8.05,-44.5,-18.93,-6.4,22.74,-17.6,-13.92,-28.95,10.24,-3.46,11.54
18.47,19.94,-7.91,-34.49,-12.05,-5.3,10.83,-27.19,-24.49,-32.59,4.15,-1.43,12.37
18.3,32.29,-0.1,-40.64,-15.05,-4.34,26.46,-19.26,-9.06,-24.53,20.25,-5.95,4.99
18.57,34.22,-9.33,-61.88,-15.21,-14.28,20.74,-44.32,-20.21,-40.61,14.62,-14.02,8.46
18.56,29.88,-9.58,-51.0,-11.77,-14.13,21.41,-23.38,-4.06,-23.48,18.79,-3.55,8.39
19.25,17.71,-10.02,-37.48,-18.42,-11.2,8.82,-22.39,-15.85,-21.91,13.26,6.36,16.5
18.55,37.86,-5.59,-53.67,-12.67,-11.76,21.62,-33.13,-4.57,-24.63,27.96,-1.95,22.05
18.58,19.06,-11.13,-42.53,-19.0,-11.18,10.56,-26.83,-19.24,-29.35,6.34,-7.85,5.65
18.87,20.06,-14.61,-40.92,-16.7,-8.68,10.6,-21.81,-8.02,-16.76,15.9,-3.81,6.36
18.61,35.4,-0.77,-50.43,-9.36,0.05,31.65,-35.28,-17.86,-32.46,26.75,-4.87,13.17
17.49,19.86,-9.04,-32.49,-20.11,-13.99,0.04,-23.88,-18.17,-22.15,4.93,-3.9,3.0
18.55,25.63,-6.54,-37.21,-8.02,-3.18,22.97,-11.22,-1.48,-19.0,9.01,-8.05,4.76
18.82,15.3,-16.38,-40.18,-17.11,-5.59,14.72,-14.63,-9.43,-20.63,8.0,-4.08,7.49
18.04,32.01,-9.13,-57.3,-20.32,-21.9,13.37,-36.88,-17.06,-33.96,16.27,-8.04,9.24
18.74,24.61,-12.46,-48.86,-10.87,-4.11,26.16,-21.06,-6.44,-22.94,22.56,1.33,19.33
18.48,19.99,-10.45,-42.49,-16.32,-8.25,14.18,-26.23,-17.31,-26.34,13.33,-0.8,12.14
18.35,28.19,-8.4,-43.84,-16.76,-15.52,6.95,-35.84,-21.51,-34.45,9.36,-6.87,12.37
18.56,18.41,-9.57,-35.95,-14.38,-6.59,12.14,-21.81,-18.03,-26.72,6.72,-0.75,9.51
18.75,40.0,-5.35,-61.69,-12.7,-5.61,34.0,-38.39,-11.77,-35.94,26.3,-10.98,15.87
18.97,21.47,-12.52,-43.65,-11.15,-10.87,9.48,-33.42,-23.14,-35.41,6.69,-2.05,14.93
18.77,33.4,-6.32,-52.11,-7.13,-1.35,33.52,-27.15,-6.0,-29.42,22.96,-5.34,17.4
19.29,18.13,-13.06,-40.32,-4.94,4.5,25.93,-17.08,-7.58,-18.34,19.3,3.45,15.03
18.8,17.2,-14.0,-37.85,-11.45,1.65,21.88,-14.1,-9.52,-20.38,14.67,2.13,13.89
18.81,27.3,-8.44,-47.06,-4.91,1.94,29.93,-25.05,-9.42,-24.86,23.99,1.02,16.42
18.03,19.28,-10.14,-45.01,-20.31,-4.45,24.73,-19.2,-19.09,-32.79,8.44,-6.99,5.97
18.7,22.44,-12.25,-50.42,-13.05,-0.52,28.97,-21.76,-8.64,-19.45,27.01,0.2,10.89
18.38,24.01,-18.32,-53.71,-21.62,-16.91,10.33,-28.57,-4.15,-17.3,24.39,-3.16,14.76
18.9,35.25,-8.03,-51.78,-1.51,-10.08,31.71,-24.77,-2.24,-23.5,25.81,0.03,17.1
17.78,30.14,-8.45,-47.13,-6.87,-9.57,24.38,-21.99,-8.09,-31.53,8.41,-9.33,10.38
18.51,23.32,-6.54,-39.29,-16.26,-6.76,20.38,-14.5,-9.9,-25.71,9.75,1.11,18.22
18.35,22.07,-12.76,-49.44,-29.74,-21.87,3.08,-33.7,-22.89,-34.18,7.53,-4.22,14.89
18.1,29.38,-8.06,-52.28,-14.28,-12.01,17.39,-36.57,-21.25,-37.82,16.11,-4.53,17.93
18.89,33.5,-7.43,-53.42,-8.42,-8.55,31.17,-25.55,-7.5,-27.21,25.39,1.33,20.89
18.79,35.08,-8.39,-62.81,-14.89,-9.33,31.15,-32.47,-6.99,-30.45,24.72,-7.81,16.47
18.24,29.65,-13.5,-59.8,-18.79,-21.07,22.11,-22.33,-3.32,-27.78,15.02,-5.45,13.55
18.49,23.51,-6.46,-39.8,-10.19,-1.39,21.83,-25.44,-17.24,-25.17,22.18,5.29,13.58
17.78,27.53,-3.59,-39.64,-20.22,-11.53,17.28,-21.31,-15.33,-30.01,11.91,-2.6,10.29
18.61,23.4,-11.55,-44.57,0.97,5.45,30.19,-26.96,-15.4,-32.2,14.05,-7.82,8.36
18.01,22.73,-6.97,-35.17,-7.5,4.72,26.97,-15.07,-7.76,-16.41,25.03,4.83,8.97
17.63,20.28,-8.96,-37.1,-18.78,-9.16,13.09,-14.15,-11.14,-23.79,0.6,-9.84,2.19
18.53,42.8,-2.62,-61.82,-16.99,-4.94,36.18,-38.44,-12.47,-35.74,30.82,-12.52,15.05
18.59,33.05,-7.56,-51.24,-6.15,-8.18,31.69,-22.36,-6.5,-30.34,19.79,-0.97,17.51
18.42,15.11,-14.89,-32.79,-7.65,6.02,21.66,-10.49,-10.55,-22.51,4.3,-5.4,9.1
18.03,32.4,-0.58,-41.98,-7.61,-0.39,29.76,-24.13,-13.36,-29.15,23.24,1.54,14.08
17.96,24.56,-10.21,-45.28,-20.96,-13.58,8.13,-34.95,-23.64,-34.54,9.37,-6.86,12.46
17.88,20.8,-7.19,-35.42,-9.67,-2.73,14.74,-27.12,-20.45,-27.62,12.76,2.06,13.73
17.89,27.94,-8.19,-39.46,-8.86,-7.49,18.71,-17.48,-4.13,-20.72,12.64,-3.1,13.2
17.76,30.45,-6.14,-47.19,-12.65,-10.78,21.82,-22.6,-3.89,-16.54,30.55,8.3,17.77
17.99,33.96,0.76,-39.06,-9.89,-3.81,25.39,-18.53,-2.95,-18.92,21.92,-1.86,12.85
18.16,32.36,-1.35,-46.04,-13.09,-5.17,23.19,-33.89,-20.55,-33.12,21.05,0.33,20.58
18.85,20.7,-11.13,-37.47,-11.28,-3.07,16.74,-19.46,-7.34,-14.89,23.57,5.77,15.08
18.47,27.16,-9.56,-47.35,-13.48,-14.19,15.49,-27.08,-12.27,-26.9,19.46,7.02,22.1
17.55,26.33,-11.68,-45.93,-19.9,-11.5,11.45,-28.52,-11.62,-23.0,21.04,1.16,20.15
17.93,30.78,-8.1,-54.37,-14.68,-8.01,27.03,-23.0,-2.0,-21.69,24.89,-1.04,18.74
18.34,27.93,-6.99,-37.48,-2.75,-2.85,24.02,-17.4,-5.71,-26.01,11.56,-0.78,17.7
18.85,17.76,-13.87,-46.49,-17.72,-8.58,15.6,-25.33,-14.59,-22.4,21.58,8.49,21.49
17.91,18.32,-13.71,-40.73,-19.41,-9.61,9.25,-22.8,-14.84,-22.17,12.88,1.72,14.23
18.08,19.89,-9.33,-35.96,-15.66,-9.6,9.56,-17.06,-7.46,-15.01,12.14,1.5,10.59
18.33,20.45,-10.1,-40.0,-20.5,-11.07,13.4,-16.75,-10.74,-24.63,5.56,-9.61,0.75
17.56,35.79,-4.33,-47.54,-5.94,-10.15,25.03,-21.56,3.87,-11.49,33.71,4.13,15.5
17.65,25.67,-2.86,-37.31,-18.99,-7.81,18.2,-19.79,-15.46,-26.13,12.82,-2.77,6.02
17.41,37.16,2.94,-45.34,-15.9,-10.11,18.06,-34.19,-17.5,-27.64,24.4,-0.87,14.78
17.02,37.99,0.71,-43.89,-12.98,-17.95,15.66,-28.88,-8.0,-26.52,15.41,-4.78,9.81
17.18,41.96,3.2,-55.59,-17.1,-6.35,33.67,-25.26,-2.98,-24.17,28.06,-6.66,21.34
17.17,18.93,-9.45,-31.52,-16.88,-10.63,3.13,-23.37,-19.42,-27.09,0.4,-4.96,8.22
17.36,21.8,-9.02,-38.18,-14.64,-11.02,4.46,-32.19,-22.75,-27.37,9.67,1.75,15.94
17.44,31.77,4.92,-34.34,-13.54,-2.64,25.33,-19.6,-15.56,-25.92,17.6,-1.13,9.75
17.48,47.53,-0.79,-53.47,-2.94,-31.06,29.18,-33.82,-5.39,-28.32,18.67,-2.0,14.06
17.29,22.63,-5.54,-30.64,-21.8,-16.14,0.23,-19.27,-13.46,-19.24,6.49,4.06,19.54
16.96,25.61,-3.62,-37.68,-17.39,-8.33,17.1,-16.97,-9.9,-22.11,12.31,-3.0,8.28
16.57,34.08,0.98,-34.89,-3.05,-0.11,27.35,-18.4,-3.46,-17.39,28.62,3.75,15.12
16.81,48.79,17.05,-49.73,-20.44,0.45,45.47,-33.27,-16.27,-19.2,52.12,2.02,10.2
16.97,21.89,-2.01,-25.18,-7.33,3.29,22.42,-7.88,-5.64,-10.96,22.77,12.79,16.16
16.52,35.18,-0.19,-36.1,-5.33,-14.13,7.85,-33.72,-17.02,-29.32,8.96,-6.61,8.13
16.91,25.54,-2.13,-31.32,-12.4,-7.63,8.1,-30.2,-20.85,-24.12,16.85,1.79,11.53
16.17,29.43,1.29,-36.14,-18.49,-6.18,29.55,-0.57,6.61,-7.81,28.23,14.45,25.62
16.45,26.79,-0.07,-26.96,-9.42,-0.34,24.29,-1.36,-0.79,-20.35,3.29,-3.5,12.88
15.9,37.26,8.76,-34.79,-15.67,-5.75,30.35,-7.19,2.0,-18.87,16.92,-2.02,19.29
16.15,27.82,-7.13,-43.87,-17.95,-7.3,21.6,-17.09,-5.07,-20.77,18.72,-1.81,19.62
16.31,28.13,-5.02,-41.18,-5.8,-0.53,23.03,-23.63,-6.65,-17.99,23.42,0.59,14.63
16.7,29.48,-2.26,-36.81,-7.6,-1.79,21.0,-24.1,-8.33,-17.17,28.21,5.14,17.08
16.01,31.7,-3.21,-47.25,-25.65,-21.98,9.25,-26.22,-7.53,-20.74,20.08,1.95,19.29
16.29,44.53,7.0,-64.44,-13.88,0.46,35.64,-38.55,-10.04,-26.91,26.43,-10.8,19.34
16.8,27.11,-7.69,-45.9,-15.65,-12.54,14.42,-27.88,-12.21,-25.51,13.71,-5.78,8.5
16.32,21.68,-10.38,-37.3,-11.05,-5.65,11.68,-27.97,-20.45,-32.86,2.16,-12.03,3.29
16.18,33.6,4.44,-40.2,-16.89,-2.53,31.59,-16.04,-10.43,-29.15,13.46,-9.15,11.54
15.65,24.64,-6.4,-32.77,-12.05,-0.24,20.3,-9.66,-5.88,-23.49,-0.28,-16.13,1.04
15.53,43.89,-1.86,-63.0,-14.09,-17.0,23.61,-47.27,-15.99,-36.14,18.28,-16.89,10.05
15.4,33.75,-5.1,-39.87,-13.37,-11.82,10.3,-31.86,-11.07,-27.37,12.42,-13.47,9.61
15.65,29.87,0.13,-37.51,-11.14,-0.11,30.8,-13.34,-6.32,-22.13,15.9,-4.16,8.03
16.41,19.82,-9.22,-33.36,-16.96,-8.09,8.93,-17.45,-11.45,-18.42,10.32,1.14,12.11
15.36,21.39,-4.0,-28.98,-14.06,-4.54,15.66,-9.91,-11.12,-24.19,0.25,-4.91,8.02
15.71,26.46,-6.48,-38.24,-12.84,-3.77,24.67,-5.83,7.99,-7.75,24.51,5.95,17.19
15.63,13.83,-11.2,-25.79,-7.49,-1.61,7.57,-12.47,-4.16,-2.91,15.8,7.21,10.36
16.16,27.8,-6.43,-44.12,-16.38,-6.42,22.15,-21.81,-13.09,-28.79,18.25,0.42,18.43
15.3,42.75,1.86,-48.2,-7.86,-15.85,27.84,-20.21,-0.52,-24.4,14.7,-11.8,9.25
15.03,28.99,3.11,-33.9,-17.52,-6.83,21.79,-13.66,-12.66,-30.23,5.9,-3.87,13.14
15.97,21.54,-10.22,-46.29,-24.27,-13.65,14.59,-19.82,-10.8,-23.07,11.93,-5.33,7.38
14.9,26.43,-0.77,-34.56,-24.54,-17.52,9.21,-14.1,-6.78,-18.16,10.37,0.49,12.1
15.39,38.5,4.06,-47.35,-17.47,-7.48,28.14,-31.25,-14.2,-27.33,28.54,0.25,18.95
14.76,36.65,3.0,-43.57,-13.07,-3.86,23.99,-26.62,-13.86,-27.42,23.55,-4.33,15.19
15.39,28.91,-0.26,-32.67,-10.94,-5.01,19.74,-14.9,-7.77,-20.91,13.69,1.65,12.62
15.71,19.4,-7.63,-30.92,-9.33,2.57,21.56,-13.92,-13.28,-23.38,10.95,2.36,12.82
15.89,29.21,-0.17,-35.94,-13.29,-3.75,23.95,-13.97,-9.83,-28.92,6.29,-7.48,10.19
14.97,45.96,4.77,-44.62,-5.91,-7.13,16.39,-31.71,-7.0,-25.52,26.13,-6.5,25.09
15.31,33.95,2.11,-41.43,-16.49,-6.52,26.33,-16.67,-6.21,-20.01,22.33,0.5,14.37
15.57,29.92,-1.94,-38.89,-15.04,-6.52,23.62,-16.04,-9.58,-27.96,9.8,-5.85,12.17
15.21,37.85,2.97,-45.07,-11.44,-4.38,27.27,-24.61,-9.88,-29.3,15.85,-9.53,11.61
15.1,47.6,12.45,-54.83,-19.4,-7.89,32.88,-26.37,-0.44,-15.36,30.47,-7.4,6.21
15.69,20.8,-5.74,-32.75,-19.05,-8.3,14.66,-8.63,-8.49,-21.24,0.88,-7.87,2.86
15.72,37.11,1.27,-38.93,-11.21,-14.2,19.96,-17.66,-3.76,-27.33,10.47,-7.77,15.29
