5.68,2.71,-10.52,-27.78,-18.15,8.69,2.64,-6.21,-8.24,-5.17,2.39,4.23,-3.38
7.97,2.99,-10.8,-39.37,-25.13,9.9,11.89,-10.16,-11.69,-10.34,20.98,29.25,22.42
9.24,12.72,-11.66,-23.46,2.08,5.41,6.11,-10.07,-1.07,-4.27,7.3,-1.12,3.08
14.43,39.42,14.7,-30.89,-7.22,2.81,37.38,-7.79,-5.58,-21.83,16.2,1.41,19.01
13.97,40.99,10.47,-48.67,-17.84,-6.22,30.98,-16.18,-2.27,-19.83,27.66,4.93,24.34
13.29,33.59,10.94,-30.94,-20.74,-9.04,23.24,-6.39,-4.45,-20.76,13.21,7.07,22.52
13.94,37.72,11.72,-32.33,-16.21,-11.2,20.66,-12.98,-12.37,-31.08,4.32,-10.47,15.29
18.11,50.39,21.25,-39.56,-26.04,-31.26,15.92,-27.07,-10.23,-38.04,7.65,-15.34,12.72
16.83,51.34,11.52,-41.05,-2.59,-28.79,24.92,-27.45,-5.55,-40.96,-5.93,-13.67,15.66
17.39,22.32,-2.22,-25.1,-23.77,-19.98,-2.76,-13.38,-12.45,-23.85,-7.45,-5.13,9.62
16.66,29.3,7.2,-23.69,-18.81,-14.53,12.33,-7.99,-10.05,-29.81,-2.69,-0.86,19.52
16.26,42.69,11.01,-31.82,-17.64,-15.98,20.16,-15.07,0.91,-21.19,16.45,-2.28,19.01
16.18,28.65,5.85,-27.17,-18.84,-11.41,19.39,-4.96,-5.63,-27.52,3.32,3.3,22.93
16.42,31.69,4.35,-29.43,-17.68,-15.36,11.98,-13.45,-7.57,-28.17,0.88,-4.15,19.78
16.41,34.58,7.32,-28.64,-10.86,-6.62,18.14,-18.81,-15.81,-36.17,-3.95,-14.23,7.28
16.03,46.72,5.55,-39.26,-4.84,-4.45,29.32,-19.82,-1.21,-26.29,21.04,-10.66,22.06
15.89,45.31,5.11,-44.09,1.42,-13.77,32.79,-19.6,-4.58,-32.9,5.94,-5.66,19.09
16.15,34.4,0.64,-35.89,-20.1,-20.62,4.49,-30.52,-19.29,-40.83,-7.89,-20.85,4.05
16.07,31.9,7.41,-33.96,-24.25,-15.68,19.73,-12.86,-14.69,-44.31,-7.12,-11.68,16.38
16.17,31.0,2.8,-27.0,-15.74,-12.61,10.59,-13.48,-8.09,-27.76,-1.42,-8.59,16.02
15.41,37.64,12.0,-33.34,-17.19,-6.11,34.05,-6.43,-4.78,-32.55,8.18,-6.25,17.54
14.9,39.85,7.94,-36.16,-9.82,-7.99,25.85,-18.08,-10.02,-35.72,4.49,-13.15,9.17
15.02,28.15,6.34,-23.59,-16.82,-10.65,20.03,-0.3,-3.09,-29.09,-9.35,-11.15,13.03
15.48,30.31,4.51,-29.57,-15.89,-8.87,23.58,-4.03,-2.22,-28.68,1.49,-7.45,13.66
15.37,47.36,6.95,-46.2,-6.41,-23.4,19.36,-23.65,-6.4,-38.83,2.62,-20.21,11.65
15.18,29.61,-0.32,-37.03,-25.75,-23.07,1.19,-30.66,-25.91,-45.47,-9.84,-15.25,11.47
14.18,30.27,3.21,-25.9,-6.67,-4.42,15.23,-14.71,-8.7,-22.0,3.85,-5.53,9.91
13.89,29.21,6.69,-27.37,-13.96,-2.1,25.66,-8.06,-9.32,-23.99,7.26,-6.57,2.86
15.15,34.24,1.48,-35.42,-4.69,-4.93,22.79,-19.09,-8.17,-30.99,4.85,-9.31,14.7
15.66,24.65,-4.15,-30.81,-10.93,-0.74,19.85,-12.8,-11.12,-26.55,2.87,-4.91,12.94
16.0,29.85,-3.29,-45.65,-12.6,-1.25,30.28,-16.34,-8.56,-30.19,7.33,-16.28,4.31
15.58,25.65,-5.38,-33.08,-6.96,1.65,21.74,-14.8,-10.14,-25.66,5.25,-10.43,6.76
14.98,42.59,0.85,-55.96,1.49,-0.53,34.23,-25.09,-8.51,-37.45,6.88,-19.49,13.46
14.41,29.05,2.89,-41.29,-21.72,-6.38,31.19,-12.45,-12.08,-34.01,4.31,-9.91,7.07
13.32,21.61,-1.53,-21.38,-8.14,-0.44,17.09,-4.57,-7.14,-21.03,-4.67,-5.09,7.75
13.45,26.59,2.77,-25.35,-13.68,-6.01,16.57,-9.77,-9.88,-28.51,2.35,3.99,24.97
13.21,35.75,9.95,-36.04,-20.57,-9.39,13.44,-15.38,-10.26,-35.04,6.66,-6.57,21.07
12.96,29.37,-0.12,-32.09,-12.64,-7.76,14.76,-16.86,-14.26,-29.63,2.36,-3.79,20.12
13.35,37.61,13.42,-31.58,-13.12,-4.26,36.0,-7.03,-7.19,-36.75,4.92,-6.72,21.14
12.62,33.66,7.12,-31.25,-7.1,0.84,30.47,-4.12,-10.57,-34.64,-3.8,-13.72,17.03
11.7,35.57,17.1,-25.7,-17.33,4.49,28.38,-10.62,-6.48,-20.51,4.19,-4.83,13.08
11.55,26.56,6.81,-13.9,-3.44,6.23,21.02,-1.45,-7.74,-21.16,-1.05,0.49,19.42
11.68,34.73,13.55,-32.31,-14.25,10.76,35.98,-13.46,-7.6,-19.34,8.16,-3.78,8.88
11.46,27.6,1.15,-20.87,-3.97,4.26,17.54,-12.64,-2.75,-9.58,17.18,-0.46,3.96
11.17,32.0,15.78,-25.12,-19.4,4.9,27.79,-14.41,-14.96,-16.99,8.38,-0.51,6.45
10.67,30.02,17.89,-28.32,-28.45,1.79,29.84,-2.37,-9.94,-15.4,9.42,-4.17,7.13
10.65,19.43,-1.29,-22.5,-11.3,-1.26,17.35,-4.69,-9.24,-17.22,4.13,7.9,17.58
10.26,27.58,9.79,-23.13,-16.17,2.28,15.73,-4.57,-9.61,-19.42,5.98,6.39,13.72
10.16,25.54,9.34,-28.96,-22.96,0.95,17.6,-8.08,-10.61,-21.06,-1.8,2.65,12.57
9.71,23.34,12.15,-17.23,-13.9,8.24,28.48,8.26,-9.07,-25.45,-4.6,4.02,12.11
9.24,19.86,7.19,-24.74,-16.08,8.51,25.71,0.48,-14.2,-18.87,2.03,3.55,15.34
8.98,16.8,3.65,-30.23,-19.11,4.98,11.39,-8.24,-16.67,-16.94,4.76,14.24,22.36
8.62,15.66,2.5,-20.41,-21.36,-6.51,4.12,-1.68,-17.35,-22.78,-5.67,4.57,12.21
10.69,21.69,-2.14,-27.85,-13.94,-1.86,11.63,-4.41,-5.56,-9.84,9.3,1.13,6.98
13.3,27.3,-4.2,-50.1,-18.58,1.43,38.08,-3.98,3.82,-25.93,12.1,-6.66,16.49
13.43,17.91,-6.8,-24.54,-15.58,-6.47,11.49,-3.26,-4.97,-15.89,1.34,3.31,19.45
13.42,25.83,-6.11,-39.26,-10.32,-7.29,21.24,-16.13,-15.52,-39.31,-4.95,-12.43,14.23
13.3,34.32,3.5,-41.68,-22.21,-7.55,25.42,-18.89,-11.57,-34.71,12.25,-7.94,16.38
14.55,19.81,-8.51,-38.19,-23.93,-14.72,14.27,-4.54,-1.85,-22.21,1.86,-0.72,20.52
16.17,41.5,5.29,-50.85,-17.81,-9.4,34.65,-17.53,-5.72,-35.25,13.39,-14.48,15.47
16.98,43.83,0.05,-57.15,-9.78,-19.4,35.07,-17.41,4.62,-38.53,6.98,-16.61,25.63
16.01,32.9,4.01,-24.84,-4.93,-5.54,19.78,-3.96,7.75,-11.29,8.9,-7.1,4.53
19.06,23.79,-2.33,-34.69,-22.55,-15.56,14.24,-9.33,-7.94,-30.4,-4.73,-7.01,18.84
19.0,28.59,-4.28,-44.33,-23.75,-17.39,14.38,-28.03,-24.39,-49.3,-4.36,-13.87,15.09
17.33,28.91,-1.69,-34.62,-8.64,-9.68,9.53,-31.02,-19.9,-32.28,7.43,-2.27,16.98
17.39,19.03,-5.7,-26.3,-19.8,-14.37,1.16,-15.38,-16.85,-27.45,-5.56,0.86,16.26
18.16,34.63,5.27,-41.28,-21.17,-13.88,24.28,-19.39,-12.65,-39.12,6.32,-5.95,21.64
18.66,18.29,-9.17,-39.73,-27.56,-22.89,5.19,-20.83,-20.38,-45.46,-13.89,-10.75,18.32
18.18,34.62,-1.31,-42.26,-6.65,-15.46,31.66,-9.83,1.64,-32.2,6.34,-4.38,26.35
16.94,30.94,-0.23,-38.51,-12.57,-7.09,23.64,-19.74,-14.01,-41.52,-0.79,-12.34,19.48
17.42,31.29,3.66,-35.54,-10.59,-0.94,29.28,-20.4,-21.73,-44.9,3.05,-4.36,21.84
16.48,36.21,6.21,-35.17,-2.46,-1.53,30.53,-13.07,-6.16,-32.72,3.52,-9.87,17.52
16.88,27.7,-0.1,-37.27,-14.86,-6.84,19.42,-25.65,-22.83,-41.0,2.09,-8.95,10.52
16.32,36.12,5.47,-31.03,-2.82,-5.09,25.6,-21.13,-15.26,-41.06,4.81,1.35,30.99
16.11,33.26,9.9,-26.62,-19.12,-13.59,13.9,-17.68,-19.19,-35.82,-2.15,-4.64,15.97
16.2,44.68,7.47,-41.52,-7.31,-7.35,31.57,-26.84,-7.55,-37.8,16.51,-3.86,33.67
15.46,40.48,-0.8,-46.41,-0.97,-21.4,24.37,-28.32,-11.64,-37.52,9.83,2.52,28.79
14.91,45.37,9.95,-48.59,-9.5,-7.3,29.82,-31.93,-15.63,-36.99,20.71,-6.58,21.18
15.08,23.63,1.41,-20.15,-5.26,-0.5,13.68,-15.82,-20.0,-33.82,-3.61,2.91,23.17
14.72,46.19,14.69,-38.22,-10.32,-10.63,20.18,-29.82,-6.32,-37.04,13.61,5.36,34.56
13.71,40.99,10.54,-40.59,-16.88,-8.84,21.18,-23.27,0.3,-29.04,15.02,2.47,25.91
13.89,27.77,8.18,-21.59,-18.66,-13.05,16.59,-3.58,-4.87,-30.15,-4.32,0.67,22.04
13.73,30.0,8.91,-21.69,-17.12,-16.82,7.73,-9.38,-9.12,-28.54,-6.02,-2.97,23.21
13.97,40.13,13.23,-30.57,-17.43,-18.34,14.29,-15.44,-2.7,-33.96,-2.44,-12.2,15.48
13.89,23.94,-0.03,-25.39,-16.63,-10.63,12.28,-5.66,-2.62,-17.04,4.48,1.78,12.55
14.37,41.99,11.38,-40.14,-18.58,-15.13,18.5,-17.3,1.19,-11.62,30.72,11.78,25.62
14.05,46.64,19.97,-46.99,-19.14,-3.52,28.72,-19.46,3.01,-13.0,26.53,3.69,20.35
13.55,26.34,1.27,-23.82,-16.41,-11.27,8.55,-8.63,-4.14,-14.68,6.52,1.23,12.16
13.26,27.23,4.38,-20.17,-9.34,-3.46,14.21,-4.9,-0.52,-10.09,12.04,6.09,14.35
13.2,40.75,14.54,-38.48,-22.55,-3.78,26.3,-15.61,-2.92,-16.64,28.08,2.08,18.29
13.48,27.86,1.22,-31.33,-15.92,-8.56,15.11,-9.9,-3.45,-18.08,10.96,5.86,24.07
13.05,35.06,10.42,-41.33,-22.65,-7.75,28.84,-3.99,3.61,-9.52,26.96,9.72,26.01
13.07,35.24,12.3,-30.93,-19.96,-13.55,23.23,2.54,8.49,-16.77,5.69,-1.93,18.54
12.67,29.83,3.31,-27.53,-14.57,-4.44,20.47,-6.37,1.33,-18.82,9.55,0.17,17.14
13.2,34.84,9.87,-25.46,-9.44,-5.09,18.86,-10.0,-4.1,-14.54,12.91,3.87,15.59
13.34,31.75,6.05,-24.78,-13.81,-5.5,18.78,-7.96,1.77,-8.2,26.32,19.15,32.33
12.92,42.98,22.85,-32.52,-19.21,-6.48,22.24,-17.01,-7.48,-11.61,16.95,1.06,7.71
12.71,38.02,20.28,-33.55,-24.57,-8.05,26.61,-10.25,-14.2,-21.97,11.96,0.25,16.24
11.97,35.86,14.56,-27.45,-12.97,-4.01,22.47,3.58,6.63,-11.54,9.41,1.16,16.34
12.94,33.45,10.63,-27.35,-18.79,-9.98,14.85,-13.06,-4.51,-12.46,21.47,15.92,22.72
12.52,24.74,4.31,-21.92,-20.98,-15.09,5.46,-6.46,-7.89,-18.07,3.85,3.69,9.34
12.27,36.97,14.53,-27.43,-13.94,-3.76,22.63,-2.16,2.45,-15.14,15.62,-0.1,19.06
12.09,35.19,15.75,-29.92,-19.01,-0.79,19.91,-13.7,-5.65,-21.82,11.19,1.23,19.72
12.09,23.09,1.26,-15.28,-8.58,-1.99,8.56,-4.59,-6.14,-10.67,1.56,-1.06,6.85
12.51,28.34,6.25,-24.21,-16.19,-11.01,13.78,-4.13,-6.07,-20.0,0.78,0.7,16.4
12.36,40.2,24.44,-32.49,-20.71,6.2,37.54,-6.04,1.85,-14.14,8.95,-6.25,2.62
11.88,26.69,3.79,-19.96,-12.1,-8.67,11.04,-4.31,-2.13,-15.29,-5.18,-12.0,0.37
11.93,36.86,17.88,-32.52,-17.63,1.86,24.42,-11.91,-7.1,-17.2,4.81,-6.36,10.68
11.84,30.7,9.56,-28.98,-20.66,-11.25,22.09,0.19,-3.28,-10.96,12.93,6.37,20.59
13.19,39.12,17.59,-33.91,-17.6,-8.33,27.58,4.45,12.0,-9.63,16.5,2.62,11.44
13.44,33.1,15.08,-20.41,-19.95,-12.24,21.62,5.83,4.49,-15.89,11.4,8.47,20.61
14.19,45.7,19.79,-34.49,-10.62,-4.06,28.01,-5.03,6.73,-7.04,26.73,5.34,19.55
14.29,43.31,17.82,-32.37,-11.41,-8.64,25.55,2.69,17.27,-10.39,16.15,4.27,20.93
14.55,25.02,3.88,-14.47,-12.66,-7.58,10.12,4.27,6.76,-2.54,8.91,7.34,16.62
13.72,41.3,17.78,-29.04,-12.77,-4.11,26.47,-0.46,7.14,-13.75,11.08,-0.99,16.42
13.41,36.99,9.8,-27.57,-9.17,-2.56,21.37,-12.8,-1.35,-10.11,25.99,10.73,19.21
13.88,33.7,8.89,-26.94,-14.57,-10.53,15.34,-10.81,-2.63,-18.29,17.51,9.94,22.82
13.72,34.4,6.99,-24.22,-6.9,-1.68,23.3,-3.75,3.34,-11.98,18.51,7.73,25.74
14.31,48.04,20.19,-38.35,-6.95,3.85,34.0,-17.45,-3.61,-23.25,24.21,-2.07,21.95
15.39,34.32,9.03,-20.57,-3.77,1.54,24.08,-3.61,6.12,-0.21,37.18,26.52,35.97
14.97,47.2,19.58,-26.2,-0.82,-1.21,25.49,-4.33,13.4,-2.94,18.7,-5.12,6.4
14.38,29.77,10.77,-13.33,-7.8,0.13,21.67,5.93,2.28,-13.75,3.85,-0.7,10.24
14.53,38.48,18.8,-18.15,-10.39,-0.87,32.08,6.42,8.12,-16.78,10.87,0.13,13.66
14.61,38.46,11.97,-17.81,-1.02,-0.2,24.99,2.24,13.29,-5.7,14.49,-2.45,10.76
14.17,39.59,16.47,-24.15,-7.37,2.44,36.01,-0.34,0.07,-21.83,8.75,-8.31,9.51
14.16,25.47,7.5,-5.81,-3.97,0.46,9.58,-0.11,-4.19,-13.29,-5.4,-3.93,3.19
14.53,29.01,9.37,-12.3,-1.38,6.39,26.34,2.12,-2.49,-16.86,4.52,4.28,14.58
13.63,41.81,13.4,-29.91,2.19,10.7,32.86,-9.28,0.29,-25.22,13.89,-5.73,14.31
14.36,26.37,7.81,-8.23,-4.68,-1.81,7.65,-7.65,-10.52,-17.29,-3.82,-6.58,-2.92
15.73,17.58,-0.71,-6.71,-2.66,1.51,2.44,-6.61,-7.82,-6.63,-0.74,-2.17,-2.97
19.71,41.48,15.92,-11.51,3.4,-17.15,10.59,-13.9,-4.45,-33.89,-16.89,-2.51,0.67
19.58,32.92,17.73,0.72,-2.73,-5.34,8.02,-7.25,-13.6,-26.95,-16.19,-9.62,-1.3
19.53,29.39,14.88,2.98,3.01,0.26,8.22,0.05,0.45,-10.5,-10.9,-12.64,-1.44
19.22,50.5,33.32,-7.85,-2.51,-4.24,31.91,-3.22,-3.51,-26.8,2.27,-10.26,6.21
18.79,33.18,21.22,9.71,9.32,6.73,11.94,0.17,-3.55,-14.07,-9.42,-11.69,-3.91
18.42,25.74,14.23,7.74,6.64,4.63,5.48,-4.03,-9.9,-15.17,-9.9,-6.26,-0.93
18.04,37.16,22.49,5.95,7.6,4.14,11.97,-3.71,-3.42,-11.67,-0.99,-6.36,0.97
17.42,31.12,18.88,7.64,5.03,2.12,4.13,-9.9,-14.56,-18.76,-6.85,-1.63,4.21
17.48,42.62,27.48,-0.88,0.13,-5.2,12.9,-12.58,-14.38,-30.22,-3.53,-3.57,13.69
17.24,39.67,18.63,-7.99,-0.72,-3.93,13.18,-13.34,-9.04,-23.97,1.73,0.36,18.71
17.57,32.68,18.17,2.55,2.33,0.98,11.04,-1.09,-3.43,-14.02,-3.8,-2.2,10.24
16.25,31.83,16.19,1.96,1.19,3.67,12.42,1.75,-3.39,-12.34,-3.52,1.56,10.24
15.88,37.12,20.09,-3.73,0.01,-1.06,10.72,-13.92,-12.88,-21.45,3.08,1.61,14.46
16.32,29.29,12.03,-0.5,3.66,6.46,12.66,-1.69,-4.07,-9.33,3.04,2.4,6.4
15.68,27.87,10.18,-11.83,-10.6,-6.32,10.22,-8.74,-13.15,-21.27,5.54,12.96,21.36
16.06,50.94,21.15,-22.57,-1.25,-2.31,26.32,-17.01,-3.67,-28.5,13.94,-2.48,20.66
15.36,27.26,8.81,-13.64,-7.48,0.41,22.88,2.2,-5.48,-23.29,0.1,5.81,22.37
15.24,39.23,9.24,-20.76,7.18,4.02,28.07,-17.21,-12.95,-39.93,-3.12,-14.69,12.99
16.34,54.23,15.53,-40.67,15.07,6.49,50.64,-30.63,-10.81,-37.87,21.71,-1.99,22.52
16.17,31.86,9.44,-24.07,-5.03,-1.49,25.96,-14.64,-15.65,-39.77,3.81,6.35,32.74
15.74,27.78,5.42,-15.39,3.01,10.99,28.35,-0.12,-3.74,-20.66,1.98,-2.75,12.35
15.19,32.41,11.6,-12.56,-3.48,2.44,21.23,-1.62,-5.06,-19.88,3.5,0.36,16.05
15.89,37.36,15.5,-18.4,-1.97,4.65,31.55,-6.94,-10.27,-34.25,-1.03,-5.48,18.62
15.29,32.09,11.98,-10.87,-2.87,1.63,19.27,-3.13,-4.62,-18.19,5.45,4.92,18.73
15.59,29.11,10.45,-9.12,-2.06,2.79,19.1,0.95,-4.24,-21.27,-7.62,-8.84,3.47
14.89,46.45,20.67,-23.2,4.26,5.94,28.47,-6.57,4.31,-13.76,20.7,-0.63,16.1
15.17,31.85,16.59,-0.73,-0.31,1.54,11.33,-3.03,-7.39,-18.19,-4.26,-2.61,6.78
14.49,42.12,21.34,-20.88,-10.37,-0.55,31.75,-0.16,2.2,-16.11,18.79,10.47,27.01
14.93,29.48,13.76,1.46,7.73,7.79,10.2,-8.36,-8.81,-8.68,8.76,6.76,8.55
14.42,27.72,9.78,-5.73,-1.94,1.8,12.14,-1.85,-4.24,-12.6,0.24,-0.16,7.53
14.64,36.42,15.42,-13.79,1.68,8.65,32.19,-3.41,-7.76,-29.96,0.55,-3.98,16.91
13.79,30.09,8.88,-12.69,0.77,6.94,25.59,2.1,-3.28,-19.27,5.0,4.56,22.11
14.78,32.67,12.86,-10.75,4.89,10.65,29.56,2.07,-4.72,-22.93,-2.84,-5.58,9.88
14.32,43.58,19.19,-24.34,-4.74,-2.23,25.87,-10.89,-9.43,-34.1,4.51,-8.36,20.45
13.56,37.93,18.02,-13.5,-0.54,4.83,25.84,-5.11,-6.43,-24.69,3.05,-0.06,13.14
14.06,36.88,17.33,-15.18,-1.35,6.84,31.71,-0.32,-3.8,-20.7,10.61,6.38,23.06
13.76,29.75,11.56,-7.44,4.62,7.83,21.89,-5.14,-10.99,-25.64,-1.73,0.07,13.53
13.04,42.25,27.29,-36.88,-15.59,23.58,46.93,-21.71,-10.89,-9.49,30.22,2.86,15.16
13.06,28.9,7.66,-15.7,-6.23,-1.6,13.1,-6.8,-6.55,-18.53,0.31,-4.61,5.87
13.07,35.25,13.61,-16.03,-0.6,4.76,17.67,-13.87,-14.63,-28.27,3.14,-0.68,15.76
12.5,39.04,14.86,-28.6,1.08,0.52,18.54,-8.13,-9.87,-27.77,0.74,-11.44,9.92
12.83,34.36,17.36,-15.9,-4.97,6.55,27.81,-3.33,-12.58,-28.74,1.08,-5.73,8.84
12.66,39.04,19.38,-23.5,-4.46,5.88,27.81,-2.58,-0.85,-15.99,6.58,-5.24,3.24
12.37,34.49,16.54,-18.84,-12.56,-6.9,17.19,-0.22,0.58,-8.88,9.19,2.99,11.02
12.37,36.52,17.42,-30.98,-12.33,8.51,33.01,-12.6,-9.7,-21.21,12.0,0.66,8.23
12.3,34.04,11.19,-29.82,-7.24,6.03,29.33,-5.92,-3.02,-16.39,15.26,6.61,17.59
12.27,22.1,2.45,-14.04,-4.03,2.02,13.23,-9.11,-9.34,-17.57,4.42,5.95,13.67
12.31,28.64,5.37,-20.68,-4.41,5.45,22.89,-0.19,1.66,-9.33,14.0,4.94,13.91
12.38,28.96,4.52,-31.34,-21.72,-16.02,9.78,-6.7,-0.72,-13.28,6.73,-2.83,9.42
13.13,35.06,10.83,-28.89,-18.92,-10.35,21.44,3.06,11.78,-8.48,11.34,-3.04,10.75
14.02,32.96,6.05,-37.43,-17.9,-10.45,28.13,-2.86,-4.06,-31.18,3.1,-6.86,18.3
15.29,36.25,5.3,-43.48,-19.53,-7.73,35.9,-7.11,0.54,-28.98,10.41,-7.06,23.06
15.39,25.69,-2.37,-35.2,-17.09,-6.2,24.57,-1.59,3.29,-15.02,14.24,4.85,21.05
16.07,36.4,6.66,-49.35,-27.75,-13.48,30.97,-16.71,-6.74,-25.33,24.7,0.9,18.26
16.01,26.42,-2.19,-30.03,-10.3,-5.29,15.74,-13.21,-4.64,-14.97,13.39,4.21,15.82
16.21,21.23,-2.13,-25.64,-13.39,-3.92,17.84,-7.82,-10.71,-21.05,13.44,16.65,27.93
16.79,22.86,-4.68,-33.36,-16.11,-6.7,18.86,-5.31,0.28,-12.95,14.8,7.73,20.55
16.61,34.05,-1.84,-45.58,-16.45,-1.93,37.38,-5.97,7.63,-19.63,22.52,-4.26,21.62
16.71,11.86,-16.18,-36.63,-18.3,-5.98,14.72,-4.83,-5.79,-20.37,-6.36,-13.09,-1.71
16.87,28.8,-6.1,-48.03,-15.24,2.18,43.91,1.99,11.6,-18.79,19.02,-6.21,18.28
15.97,25.73,-3.52,-35.78,-10.3,1.23,26.72,-12.3,-6.71,-18.86,16.02,-1.09,9.68
16.18,38.92,3.2,-38.2,-9.19,-9.98,26.33,-9.06,8.5,-18.49,12.18,-7.54,14.81
16.59,23.45,-1.17,-27.82,-21.63,-15.16,8.43,-4.7,2.62,-3.31,18.9,11.92,16.73
16.89,27.46,0.54,-33.94,-25.26,-19.53,11.06,-8.68,-2.59,-17.95,12.37,6.29,21.27
17.19,39.35,1.05,-49.64,-14.23,-11.41,30.11,-19.23,3.0,-18.91,28.08,2.62,20.37
17.64,16.89,-8.76,-30.69,-14.12,-2.64,20.04,-3.75,-2.39,-12.81,18.8,17.89,29.54
17.96,31.07,-5.08,-49.08,-12.86,-5.21,32.99,-13.07,2.7,-20.19,22.98,-1.51,15.5
18.95,23.56,-9.82,-44.92,-13.39,-0.02,34.1,-8.13,4.68,-15.99,27.23,4.49,21.44
18.67,16.46,-16.38,-47.57,-26.23,-16.15,9.21,-18.48,-13.21,-29.24,-5.51,-19.15,-6.28
18.54,31.81,-6.94,-49.86,-24.71,-14.24,22.9,-14.18,2.43,-22.76,14.56,-13.09,11.59
17.85,52.19,0.4,-73.96,-16.48,-23.82,43.56,-36.41,5.54,-23.66,20.33,-10.8,21.18
18.16,15.83,-14.01,-37.77,-24.75,-12.79,10.7,-4.36,1.07,-9.5,11.87,5.36,16.89
18.16,28.33,-9.72,-49.77,-17.13,-14.6,23.98,-10.45,6.76,-14.4,21.26,3.49,20.95
17.89,27.34,-5.37,-43.5,-13.79,-7.95,26.9,-11.19,-0.97,-25.31,13.49,0.75,22.59
18.63,36.54,-6.89,-54.81,-5.1,-12.31,35.16,-22.88,-0.67,-27.74,20.22,-4.13,16.78
18.18,19.57,-12.18,-40.37,-19.07,-4.49,25.64,0.66,5.85,-13.08,13.05,0.07,15.07
17.66,34.18,-1.68,-44.91,-8.3,-0.68,39.0,-5.28,6.49,-23.55,11.88,-13.39,9.07
17.31,20.16,-6.58,-26.53,-14.47,-2.12,18.76,4.87,5.58,-7.81,4.93,-3.24,5.45
17.48,32.66,-7.69,-52.4,-15.21,-16.43,24.24,-18.75,-2.49,-33.94,-1.9,-24.65,0.1
17.87,23.87,-7.95,-36.99,-14.42,-2.8,21.82,-9.74,-0.24,-12.5,21.14,4.76,16.84
18.32,31.65,-2.56,-49.51,-17.25,-4.21,35.15,-13.86,-3.85,-26.87,18.1,-5.77,15.25
18.4,24.92,-7.57,-42.63,-14.67,-4.35,33.36,0.23,7.72,-20.9,11.65,-5.25,15.22
18.45,33.22,-4.81,-53.64,-17.74,-12.51,25.11,-26.47,-11.17,-36.66,9.37,-13.94,10.47
17.9,22.24,-5.71,-36.6,-19.54,-8.51,17.22,-14.71,-14.33,-28.69,5.76,-1.16,13.6
18.3,26.21,-0.72,-27.07,-2.83,7.18,28.79,-4.87,-2.22,-16.25,10.18,-4.12,5.57
17.36,59.78,16.55,-57.05,-8.13,5.06,60.31,-29.58,3.95,-8.9,46.26,-10.46,25.56
17.93,34.13,9.89,-24.62,-8.49,3.38,37.57,8.84,9.25,-14.42,13.08,-0.46,15.44
17.55,30.14,7.85,-13.61,-2.71,6.11,24.52,5.23,3.51,-12.09,2.96,-5.4,6.17
18.02,34.86,7.54,-31.06,-1.43,14.79,50.57,4.91,8.97,-15.49,20.54,-2.62,16.83
17.26,35.21,11.1,-35.31,-6.17,15.87,52.73,-2.71,-0.94,-13.23,28.57,-0.7,6.62
17.26,29.89,0.67,-34.56,-4.81,8.73,39.46,-1.68,5.57,-11.04,26.39,6.13,19.59
17.94,31.42,-1.89,-45.47,-20.46,-8.29,25.84,-18.66,-8.42,-28.96,12.11,-11.79,6.27
17.81,54.53,6.14,-44.4,16.23,-12.15,53.56,-15.91,11.77,-15.47,20.09,-5.68,7.37
17.8,25.41,-3.37,-37.75,-24.25,-15.33,10.85,-20.04,-17.72,-35.61,-7.37,-21.79,-9.35
17.59,34.68,4.45,-36.84,-12.8,-2.97,32.13,-7.58,0.3,-20.99,17.24,-5.5,5.22
18.1,26.72,-1.67,-28.19,-10.01,0.2,22.91,-3.29,3.2,-9.94,15.08,-0.39,13.24
18.21,36.95,0.79,-46.3,-8.89,0.45,37.72,-12.56,6.61,-16.02,26.83,-3.09,17.27
18.96,18.63,-7.72,-26.86,-8.26,5.96,26.03,1.82,-0.93,-15.3,6.67,1.35,12.93
18.78,43.58,-7.14,-54.23,3.76,-27.66,47.73,-17.3,10.15,-22.66,5.62,-2.52,11.66
18.47,34.85,-3.68,-45.84,-5.16,-3.25,42.13,0.91,15.41,-14.61,18.59,-8.07,7.25
18.55,21.67,-6.37,-31.82,-5.08,7.06,28.92,-5.53,-3.37,-19.13,5.91,-8.57,3.66
18.25,29.8,-4.92,-41.47,-3.0,3.99,37.53,-7.44,-0.0,-30.26,4.27,-14.55,11.69
17.24,31.49,5.59,-28.55,-4.93,8.55,39.72,-2.6,-4.06,-25.39,14.29,2.89,18.62
17.62,33.83,-0.91,-51.56,-18.43,-1.74,36.76,-21.14,-7.91,-27.44,23.01,-11.66,0.37
19.31,23.75,-7.26,-44.6,-14.48,5.04,43.05,1.45,3.65,-18.79,18.99,-1.52,12.15
18.38,32.16,-6.94,-43.45,1.24,-1.18,35.58,-7.43,10.18,-18.95,10.34,-13.15,6.43
18.0,20.07,-9.04,-36.79,-14.85,-2.47,23.28,-4.7,-2.33,-17.88,6.83,-4.82,6.47
18.47,29.38,-1.59,-48.02,-16.52,3.59,42.82,-12.08,-6.8,-23.71,24.67,-4.89,7.17
18.23,24.97,-7.1,-43.05,-16.58,-6.73,23.76,-13.45,-8.37,-28.95,6.0,-7.35,8.65
18.5,22.48,-6.31,-41.2,-19.81,-6.6,27.15,-8.57,-7.39,-28.37,9.8,-0.15,15.34
18.39,20.24,-7.04,-35.05,-19.38,-9.4,15.93,-9.13,-9.56,-26.3,-1.49,-6.04,10.71
19.27,37.64,-4.86,-67.5,-19.51,-4.73,47.18,-19.79,4.56,-33.74,19.44,-14.01,21.42
18.44,15.7,-12.97,-36.06,-12.35,-1.94,17.42,-13.37,-13.99,-29.31,-4.58,-9.0,8.91
20.64,24.59,-1.37,-23.05,-8.13,0.43,19.85,-6.02,-9.63,-30.79,-7.78,-6.42,19.48
21.27,37.81,-0.35,-58.05,-19.11,-9.14,31.22,-37.18,-23.83,-52.46,6.36,-17.98,20.33
19.85,22.51,-6.12,-27.27,-7.6,-1.98,12.47,-18.94,-20.68,-37.83,-11.16,-10.66,12.61
20.63,16.47,-8.95,-30.46,-3.17,6.08,21.86,-20.61,-24.81,-38.3,-0.68,-0.77,16.61
20.07,23.84,-8.05,-35.91,-10.33,-1.58,20.52,-19.0,-15.43,-35.27,2.34,-5.8,20.94
19.33,32.63,-2.58,-45.04,-3.67,3.55,35.02,-25.13,-14.15,-34.52,15.61,-4.19,18.64
19.35,37.4,6.26,-45.18,-16.55,-0.05,41.29,-18.18,-12.99,-37.33,14.66,-10.33,12.4
18.57,37.78,-4.48,-40.52,3.17,-19.87,21.07,-29.25,-12.99,-37.11,-5.56,-11.34,13.71
19.06,34.7,-2.2,-49.59,-16.24,-5.92,32.19,-20.4,-7.17,-32.0,17.1,-7.11,16.46
18.91,23.39,-2.63,-26.95,-4.88,5.12,25.03,-8.87,-12.49,-29.87,-4.53,-10.62,6.27
18.79,16.73,-10.18,-25.85,-6.7,4.59,18.18,-6.16,-5.76,-14.44,7.34,0.47,9.96
18.62,27.03,-5.65,-37.93,2.83,9.26,38.83,-9.44,-4.84,-33.44,3.13,-8.73,19.29
18.59,37.76,-0.03,-44.87,-4.5,-5.41,36.11,-17.22,-7.49,-40.29,0.5,-18.2,8.04
18.64,32.74,-0.43,-47.28,-17.07,-2.7,35.07,-16.53,-8.76,-32.88,11.07,-10.52,15.3
18.72,31.86,-2.81,-42.76,-16.95,-4.66,30.59,-10.73,-2.26,-27.34,11.79,-9.84,12.18
18.34,33.45,-3.21,-45.49,-3.4,2.13,38.39,-15.34,-2.72,-27.19,18.18,-4.87,15.78
19.03,29.62,-5.78,-49.51,-13.36,1.93,33.48,-27.24,-14.41,-29.32,24.08,-6.2,13.25
18.4,13.52,-14.43,-34.79,-10.61,0.56,18.1,-10.33,-7.97,-17.22,6.18,-4.79,2.67
18.18,29.33,-4.69,-36.77,-2.47,2.84,28.9,-16.91,-8.39,-32.08,7.44,-7.52,15.82
18.82,25.68,-8.53,-50.35,-21.35,-10.05,24.71,-20.4,-15.19,-38.87,1.73,-14.27,7.49
19.06,30.73,-4.45,-49.36,-16.78,-5.42,37.72,-8.96,-1.44,-27.91,15.76,-4.52,20.06
19.76,32.59,-4.75,-57.36,-15.59,4.28,44.74,-19.31,-8.21,-32.76,18.05,-15.6,11.09
18.88,28.13,-10.07,-44.47,-2.28,1.5,32.16,-15.7,-1.77,-22.35,16.96,-6.53,11.12
18.63,18.0,-9.6,-34.1,-11.87,0.91,27.95,2.82,3.05,-16.39,5.29,-1.12,14.88
18.78,22.75,-7.6,-39.06,-12.78,1.01,30.67,-9.31,-8.45,-30.51,6.14,-5.59,15.34
19.05,16.28,-12.06,-40.56,-12.82,4.24,30.24,-13.31,-19.39,-36.68,-1.0,-12.94,-0.98
18.62,17.95,-13.52,-37.0,-11.09,3.78,26.08,-8.43,-9.19,-27.74,2.46,-5.7,17.58
19.22,36.43,-1.45,-54.57,-17.52,-7.25,32.16,-27.18,-10.86,-31.44,22.46,-5.92,16.84
18.91,26.83,-5.34,-33.77,-10.32,-1.96,24.45,-4.29,3.1,-16.29,9.66,-4.85,13.26
18.97,22.19,-13.88,-58.08,-30.2,-18.76,19.41,-24.98,-19.49,-42.94,-0.22,-14.62,10.45
18.84,20.5,-10.14,-41.89,-26.39,-16.45,8.77,-20.85,-17.06,-31.51,1.03,-6.64,9.62
18.45,37.86,5.7,-48.14,-23.98,-10.79,35.17,-13.1,-2.39,-28.04,15.85,-10.75,16.86
19.82,21.46,-9.92,-38.35,-21.04,-12.75,14.55,-7.55,-3.24,-24.67,-3.31,-11.27,9.57
19.84,19.04,-9.79,-39.75,-22.06,-11.32,16.97,-10.09,-11.77,-33.3,-8.68,-13.81,6.25
18.72,28.4,-3.9,-40.71,-18.87,-7.44,25.96,-7.01,-0.71,-26.34,4.88,-10.56,15.96
18.67,26.38,-2.48,-36.71,-20.47,-14.89,16.73,-9.74,-7.49,-34.25,-12.31,-21.93,0.82
18.73,30.21,-0.39,-40.6,-22.72,-11.95,22.83,-9.32,-1.98,-25.47,6.73,-9.93,11.9
18.84,31.25,3.14,-39.2,-20.43,-6.03,28.9,-13.5,-12.87,-33.22,6.67,-12.01,1.89
18.14,43.78,-3.61,-70.75,-22.92,-23.77,28.75,-45.65,-22.41,-50.66,13.8,-20.75,13.36
19.39,28.92,-5.6,-38.16,-9.75,-13.19,17.11,-13.37,0.32,-18.19,10.63,0.79,17.2
20.58,30.95,-6.05,-60.26,-27.61,-17.53,25.73,-25.59,-11.26,-35.51,14.99,-6.88,21.13
19.49,37.21,3.36,-51.08,-29.69,-20.88,20.01,-27.24,-12.75,-31.47,17.71,-5.44,18.35
18.97,24.98,-4.61,-38.38,-23.7,-13.06,16.87,-8.61,-4.88,-23.18,5.66,-5.16,11.0
18.42,23.71,-2.94,-34.38,-23.85,-16.76,10.07,-12.68,-11.34,-28.87,-2.04,-4.61,13.13
18.62,35.14,-2.58,-50.38,-19.84,-14.31,26.57,-19.12,-5.74,-33.32,10.86,-10.01,15.39
18.85,45.17,-2.44,-63.54,-19.74,-31.55,27.17,-32.27,-3.07,-35.06,13.68,-16.81,9.99
18.74,36.84,-1.18,-44.26,-23.47,-19.33,11.71,-26.07,-5.79,-24.02,17.76,-6.81,19.14
18.59,19.77,-11.21,-41.52,-24.86,-18.34,4.09,-19.45,-11.1,-21.52,5.01,-1.47,15.58
19.45,25.53,-4.21,-37.45,-15.78,-3.58,28.32,-2.55,6.18,-12.37,20.3,4.6,18.57
19.28,27.77,-0.34,-31.59,-5.96,4.74,32.24,-4.99,-2.33,-21.95,9.13,-3.52,12.21
18.82,28.14,3.23,-26.42,-4.66,8.15,38.98,7.54,6.34,-17.81,11.29,2.79,22.16
18.93,29.56,7.08,-18.94,-1.27,7.2,28.61,-2.83,-2.05,-14.45,18.46,14.71,28.5
19.39,30.68,6.38,-27.83,-10.38,2.01,35.69,2.34,1.54,-22.14,11.74,4.55,26.43
19.53,33.28,8.12,-25.09,-7.12,3.04,35.43,7.19,10.55,-12.33,12.28,-1.07,18.83
19.23,42.36,20.53,-32.01,-15.17,-1.63,43.33,2.83,9.65,-10.44,25.03,1.53,15.0
19.25,25.99,5.79,-14.51,-7.5,1.08,23.73,13.64,13.83,-0.88,9.99,4.84,13.39
19.01,47.18,18.72,-34.82,-12.76,-1.71,43.26,-3.88,6.28,-16.38,29.79,0.72,19.4
19.7,31.35,6.4,-25.2,-12.74,-4.84,25.83,6.5,12.89,-5.36,16.87,5.63,21.17
19.08,38.38,9.69,-31.27,-10.45,-0.2,33.25,-5.65,4.73,-13.16,25.19,4.5,22.02
19.37,31.79,3.2,-31.9,-6.37,2.35,34.98,0.44,10.19,-7.52,30.13,15.97,29.74
19.49,35.39,3.88,-39.09,-9.04,4.16,37.89,-11.83,3.49,-10.68,36.79,7.44,23.97
19.56,41.99,3.52,-42.94,0.3,-2.87,36.66,-15.56,6.76,-16.07,33.91,11.02,30.62
19.47,27.92,0.26,-26.26,-7.8,-0.07,23.8,-1.45,6.58,-7.15,22.04,11.56,24.75
19.2,28.85,8.62,-12.95,-2.97,3.27,19.7,-3.0,-4.27,-12.12,13.95,14.1,23.7
19.23,42.87,9.37,-24.66,3.15,7.48,38.32,-10.15,3.28,-26.31,19.41,1.22,31.56
19.26,28.45,5.56,-22.71,-10.06,-3.82,21.25,-7.51,-3.86,-11.56,22.65,22.65,37.04
19.47,34.18,7.25,-28.47,-11.29,-7.11,23.36,-7.76,0.17,-18.73,18.62,8.12,21.68
19.16,34.22,7.59,-24.44,-6.06,0.57,26.55,-0.56,7.65,-5.94,22.95,8.83,22.01
19.57,44.93,11.44,-31.32,-4.87,-10.71,26.54,-11.83,7.91,-10.46,30.69,11.82,29.06
19.34,31.17,8.08,-19.86,-7.62,-0.23,21.53,-4.1,-1.7,-12.99,13.27,3.15,11.99
19.02,34.07,6.93,-27.43,-9.29,-4.23,24.69,-2.25,11.28,-1.88,28.49,13.1,23.81
19.24,38.88,11.62,-31.96,-13.28,-5.45,28.82,-10.73,-0.97,-19.98,22.21,8.31,31.02
19.41,53.56,5.91,-58.65,-10.47,-9.47,46.72,-32.06,7.78,-13.92,52.31,10.6,35.55
19.3,41.56,1.65,-40.24,-1.88,-12.56,30.03,-8.98,15.61,-5.71,29.57,8.85,25.79
19.1,31.89,3.87,-24.37,-7.02,-0.87,20.7,-8.5,1.95,-8.33,25.9,13.68,26.77
19.59,47.23,8.79,-44.26,-8.79,-15.01,27.14,-23.02,0.76,-21.91,29.72,6.46,28.67
19.38,31.03,1.67,-31.34,-13.22,-9.53,12.17,-21.01,-8.21,-15.43,24.91,13.76,27.8
19.03,32.39,1.76,-37.97,-14.19,-8.31,18.82,-21.73,-8.22,-18.4,26.06,10.24,23.85
18.5,41.98,6.12,-40.94,-11.78,-15.89,27.94,-10.66,7.32,-21.87,14.21,-5.35,17.82
19.09,35.31,0.91,-36.45,-2.14,-7.73,18.87,-25.98,-4.88,-18.02,23.6,3.28,16.43
18.54,25.07,-8.02,-36.71,-13.91,-6.1,16.44,-12.55,1.44,-9.19,22.53,6.53,23.13
19.05,31.34,0.72,-42.11,-24.24,-14.24,22.67,-8.53,3.67,-13.45,21.88,4.18,21.69
19.08,31.1,4.97,-40.74,-24.86,-10.43,25.73,-13.34,-10.83,-22.51,19.61,4.68,19.59
19.11,48.97,0.33,-46.38,4.01,-32.26,43.77,-19.08,11.71,-16.51,8.55,4.03,12.25
19.01,22.2,-4.55,-27.22,-18.79,-10.94,7.72,-6.58,-2.64,-12.01,5.55,-0.49,11.12
19.53,39.0,4.69,-44.27,-16.24,-9.68,32.7,-6.13,13.31,-12.85,21.29,-9.34,14.27
18.62,24.9,-0.62,-25.26,-11.22,-5.18,15.1,-8.53,-6.15,-18.98,5.3,-0.41,10.25
18.83,46.91,8.65,-44.97,-8.02,-8.18,34.58,-16.53,5.0,-17.49,30.07,-5.48,11.53
18.37,32.22,0.66,-39.37,-15.5,-8.72,18.83,-19.41,-4.22,-16.52,22.41,2.19,13.9
18.71,43.09,0.79,-54.98,-7.76,-2.8,38.87,-22.02,8.19,-10.35,42.36,5.81,24.17
19.97,47.45,-6.1,-59.3,2.99,1.5,43.4,-43.69,-1.15,-28.16,40.64,-11.64,17.83
19.3,44.88,0.74,-54.56,0.81,-0.4,42.51,-26.31,6.76,-14.59,44.15,7.21,33.36
19.18,44.97,0.46,-48.92,-1.82,9.11,46.07,-28.99,-4.73,-31.28,33.64,-8.87,22.32
18.18,33.61,5.66,-29.92,-9.4,-1.65,27.15,-6.89,1.08,-15.13,16.56,-0.46,14.13
19.08,34.59,2.21,-40.62,-10.94,1.95,33.39,-16.38,-2.28,-18.68,25.6,-4.5,11.96
19.27,23.0,-3.22,-29.79,-12.12,-4.38,16.14,-11.42,-4.89,-11.41,19.16,11.08,20.79
19.42,31.06,-6.63,-40.33,-7.37,1.96,26.99,-18.61,-0.6,-18.07,25.95,-1.27,20.19
18.97,34.47,1.29,-43.06,-4.33,3.53,32.0,-28.37,-10.83,-20.41,37.76,7.48,20.37
19.68,43.17,-3.74,-65.82,-4.56,-2.36,43.29,-41.43,-8.77,-29.31,38.76,1.18,27.88
19.09,22.7,-6.51,-34.54,-12.12,-3.47,24.99,0.32,6.49,-9.52,17.47,8.75,20.84
19.43,42.94,2.12,-59.68,-8.74,-2.94,40.0,-22.79,7.77,-15.75,39.65,7.0,33.45
19.2,29.87,-2.89,-41.49,-15.6,-9.87,19.48,-17.83,-3.72,-15.86,26.03,11.92,25.58
18.7,30.93,-3.94,-40.25,-13.57,-16.5,12.64,-19.18,-3.63,-21.33,12.33,-0.46,14.9
18.83,20.44,-4.41,-29.79,-10.32,-0.51,20.32,-12.54,-11.47,-20.03,17.45,15.55,27.43
18.86,25.54,-5.87,-39.0,-19.28,-10.09,16.42,-17.11,-7.38,-18.3,21.44,9.34,24.72
18.78,27.34,-2.47,-41.34,-22.29,-12.55,18.87,-15.2,-7.56,-23.4,16.41,7.51,26.48
18.22,20.88,-7.45,-42.57,-29.15,-19.78,9.18,-21.24,-17.44,-30.04,10.46,7.74,26.36
19.06,38.36,1.66,-59.46,-24.39,-4.32,39.52,-29.15,-12.93,-27.17,36.57,0.48,24.29
18.62,22.89,-7.53,-42.61,-23.26,-13.23,13.71,-22.53,-18.35,-32.01,8.6,1.82,23.83
18.31,21.23,-7.77,-34.8,-12.96,-4.63,19.01,-9.27,-6.72,-23.34,2.76,-3.99,12.56
18.9,31.13,-7.73,-52.13,-20.6,-8.5,26.23,-22.18,-7.06,-28.03,16.68,-12.34,9.56
18.96,22.48,-8.33,-40.49,-18.68,-12.08,14.54,-13.94,-4.64,-19.46,12.0,2.83,19.11
19.0,17.77,-10.9,-33.51,-17.06,-4.63,16.44,-7.18,-6.72,-20.71,1.88,-5.27,9.28
18.49,20.66,-9.54,-40.54,-18.07,-7.01,20.31,-10.77,-5.63,-19.42,11.97,1.1,13.96
18.63,50.39,15.75,-68.54,-27.57,-9.84,45.88,-31.37,6.44,-21.78,17.35,-12.6,27.81
19.18,17.93,-14.47,-45.14,-18.33,-6.58,20.4,-11.8,-4.58,-18.84,12.75,2.4,19.72
18.55,28.96,-7.81,-48.6,-13.87,-13.52,17.97,-29.8,-13.6,-29.46,18.22,-0.02,15.49
18.6,25.82,-9.88,-50.21,-15.48,-8.82,19.04,-28.91,-10.66,-21.78,26.63,7.44,24.52
18.89,20.35,-12.54,-43.84,-14.83,-2.94,25.01,-14.36,-7.78,-26.08,12.73,0.62,20.54
19.23,26.09,-9.24,-56.29,-32.57,-24.54,16.51,-22.2,-12.55,-40.69,-2.69,-16.6,14.56
17.97,25.99,-1.6,-44.0,-32.02,-18.83,23.61,-3.6,-0.29,-21.2,12.35,-1.63,10.77
18.39,42.24,0.71,-65.02,-28.53,-19.75,31.13,-26.57,-1.7,-36.08,10.8,-23.84,8.16
18.35,26.82,-4.84,-38.99,-20.08,-10.53,18.69,-10.9,-3.92,-24.79,4.12,-8.78,12.78
18.45,31.78,-6.33,-44.35,-12.1,-17.16,19.18,-12.98,4.69,-16.66,14.75,-0.36,18.26
18.04,21.03,-3.93,-29.08,-18.94,-9.17,16.33,-3.2,-6.62,-27.55,-7.19,-8.24,10.74
17.75,32.94,-0.05,-45.16,-18.09,-9.84,20.44,-28.41,-18.7,-32.1,16.6,-4.48,11.83
18.44,36.92,-0.46,-43.27,-8.15,-8.98,25.59,-21.85,-7.22,-31.57,10.32,-9.37,14.76
