16.63,16.33,-3.07,-24.07,-23.13,-5.83,13.75,7.05,3.8,-8.72,-0.56,-8.09,-0.02
16.48,38.42,5.25,-39.25,-14.15,-4.63,28.14,-17.16,-9.37,-34.79,6.24,-16.89,4.25
17.12,38.25,4.28,-39.2,-10.09,-8.06,30.17,-8.23,5.86,-20.13,13.77,-8.95,10.79
16.74,38.15,0.3,-46.72,-18.63,-11.14,26.34,-16.93,1.72,-20.57,20.83,-14.17,2.34
17.44,17.76,-9.96,-34.45,-22.77,-15.7,3.95,-10.3,-0.65,-6.71,6.33,-12.32,-12.45
17.09,32.34,-1.02,-48.23,-20.71,-8.98,24.92,-19.41,-3.59,-13.73,30.1,-0.09,7.04
16.74,40.49,-7.68,-45.09,7.08,-27.64,35.7,-21.35,9.31,-9.34,15.47,11.09,13.91
16.88,27.99,-4.49,-38.97,-12.11,-2.75,22.75,-17.62,-1.64,-12.92,25.42,-8.8,-7.01
16.72,42.32,0.75,-50.48,2.14,-0.46,36.79,-31.24,-8.43,-28.75,22.88,-11.97,6.35
16.56,28.01,-5.27,-47.52,-26.61,-17.59,14.63,-25.98,-18.52,-38.43,-0.18,-22.57,-9.37
16.33,31.96,-0.55,-34.92,0.78,2.9,32.82,-11.7,-0.14,-20.54,20.46,0.77,11.0
17.22,26.63,-6.46,-40.42,-15.24,-0.92,31.74,-2.75,3.44,-19.51,10.0,-13.49,1.71
16.97,24.24,-2.92,-34.37,-16.86,-8.57,24.03,0.97,2.85,-28.28,-14.0,-28.41,-5.41
16.69,21.76,-4.87,-28.74,-17.35,-8.26,13.88,-3.17,1.52,-12.84,1.76,-14.64,-6.67
17.4,48.81,0.69,-70.01,-21.5,-28.08,24.39,-36.25,5.35,-26.31,13.31,-29.56,0.07
16.55,35.33,-1.98,-48.8,-19.24,-14.4,19.95,-23.04,-2.88,-23.57,15.67,-20.75,-4.34
16.25,25.55,0.29,-35.41,-31.84,-24.6,2.07,-21.38,-19.29,-27.45,3.54,-7.91,-4.61
16.39,23.4,-1.95,-22.72,-11.2,-3.84,10.53,-10.92,-9.71,-17.89,1.81,-8.09,-1.39
16.98,34.87,2.47,-38.49,-18.47,-17.92,8.62,-27.27,-11.62,-22.46,14.0,-4.26,7.48
16.57,33.02,4.16,-37.3,-24.36,-17.37,18.88,-6.82,1.88,-21.04,6.11,-12.34,6.85
16.33,25.45,3.17,-23.9,-19.14,-11.5,11.23,-6.77,-6.9,-18.27,1.78,-7.92,-4.35
17.74,26.13,-0.19,-29.24,-25.52,-21.73,1.51,-12.19,-5.75,-20.45,-2.27,-10.8,3.39
17.32,20.67,-9.77,-37.64,-20.46,-17.26,-0.29,-24.94,-14.03,-21.69,-0.72,-16.42,-9.8
17.56,37.91,2.09,-43.47,-10.03,-8.28,26.9,-20.33,-3.51,-26.52,11.23,-18.61,-5.04
16.52,23.46,-1.94,-26.99,-15.55,-10.16,4.98,-20.24,-18.92,-27.03,-4.57,-13.45,-6.59
16.93,27.23,0.89,-38.06,-17.03,-4.26,24.32,-23.06,-23.53,-37.79,2.7,-18.46,-11.59
17.08,28.65,1.68,-27.9,-8.68,-5.16,13.7,-20.19,-13.06,-23.9,3.94,-9.36,2.5
17.23,42.02,-1.07,-46.82,-15.28,-13.59,14.99,-37.67,-11.54,-30.76,21.46,-14.71,11.88
17.07,29.83,1.61,-31.89,-12.12,-6.44,15.76,-19.66,-8.72,-15.97,20.18,2.66,10.2
16.7,28.47,2.85,-32.09,-14.55,-3.41,23.8,-11.56,-10.12,-23.79,7.87,-9.17,-2.68
16.6,56.39,13.86,-56.59,-5.83,-8.11,32.98,-33.37,-0.49,-30.05,23.03,-14.04,5.36
16.7,44.92,8.64,-40.16,-2.1,-5.06,27.14,-25.3,-9.06,-29.63,12.53,-14.01,9.56
17.01,21.31,-6.93,-37.05,-22.43,-17.36,-0.12,-29.75,-20.97,-23.4,9.85,-1.28,7.19
16.96,30.03,-10.71,-45.8,-15.76,-8.63,16.72,-27.63,-9.67,-28.38,12.16,-16.86,6.37
17.24,44.36,12.01,-54.33,-29.12,0.34,29.58,-43.09,-21.01,-28.3,14.87,-31.97,12.08
16.73,33.58,3.64,-41.17,-18.34,-3.21,33.21,-12.16,-8.13,-24.77,16.88,-12.54,-2.45
16.54,23.28,-4.12,-39.03,-31.17,-21.59,7.8,-14.84,-12.35,-27.89,-1.91,-12.97,-2.06
16.85,23.53,-5.21,-32.72,-20.12,-12.82,6.75,-17.69,-13.54,-25.0,-0.6,-11.49,0.51
17.06,26.94,0.58,-37.31,-25.58,-14.41,17.44,-16.04,-19.51,-38.66,-1.19,-6.8,13.13
16.56,36.41,6.74,-36.69,-15.41,-4.92,32.44,-9.08,-5.38,-29.85,9.19,-13.0,3.93
16.02,25.84,-4.69,-41.0,-19.25,-8.57,24.29,-9.53,-7.52,-29.23,2.83,-8.76,11.35
16.83,28.32,0.29,-37.74,-18.76,-5.78,25.53,-13.91,-15.11,-34.37,3.4,-7.75,10.85
17.1,24.1,-5.8,-40.4,-19.31,-8.39,16.65,-22.65,-21.98,-38.77,-5.58,-18.17,-1.32
17.0,21.34,-7.4,-36.85,-22.51,-11.53,13.65,-11.7,-11.25,-28.55,-5.98,-16.07,-0.89
17.35,28.52,-3.57,-41.01,-16.22,-8.18,21.47,-15.03,-9.17,-31.76,-0.54,-14.36,9.08
16.9,32.23,-1.39,-38.35,-14.37,-3.32,28.35,-9.36,-0.18,-23.83,10.57,-10.7,12.92
16.61,43.35,7.44,-45.06,-14.03,-8.88,27.07,-25.32,-7.04,-29.17,16.64,-12.33,6.91
17.06,48.82,8.1,-54.46,-8.61,-10.36,31.16,-29.33,-3.95,-30.15,12.34,-23.7,2.04
16.77,28.78,7.92,-24.13,-19.29,-9.22,23.64,0.14,-9.1,-33.83,-7.39,-10.28,8.35
17.05,37.38,1.04,-46.9,-11.58,-3.57,35.46,-20.46,-9.59,-35.62,10.34,-21.34,-0.84
16.8,17.58,-7.77,-26.51,-9.16,-0.54,13.4,-10.26,-10.74,-22.13,-7.76,-17.4,-6.9
16.98,47.66,7.25,-49.84,-9.95,-7.34,36.07,-30.39,-11.2,-41.84,11.95,-23.45,5.28
16.58,44.8,1.01,-56.9,-12.72,-26.19,18.87,-47.28,-29.14,-48.96,7.46,-17.77,6.97
16.65,34.65,-1.45,-39.57,-6.42,2.66,28.76,-25.72,-13.91,-33.28,11.86,-13.3,10.19
16.52,24.31,-5.19,-35.85,-15.92,-7.46,14.3,-17.34,-13.1,-27.24,-0.77,-11.74,4.94
15.88,23.65,-2.1,-25.53,-7.1,1.38,16.63,-14.25,-10.25,-17.19,9.56,-5.21,2.56
16.7,37.39,-1.78,-48.34,-12.38,-12.44,23.02,-23.09,-4.19,-28.17,8.69,-16.26,5.61
16.66,24.37,-6.12,-33.93,-16.3,-5.4,18.21,-9.49,-6.85,-24.13,0.7,-13.4,0.29
16.66,31.0,-3.32,-42.06,-11.16,-6.7,26.86,-10.97,4.9,-10.8,24.86,-3.01,3.35
16.38,34.76,-3.4,-45.38,-8.62,-6.77,27.25,-17.11,-1.6,-28.66,8.22,-16.25,6.86
16.18,22.04,-2.62,-31.08,-16.19,-1.63,27.47,0.06,-6.19,-24.58,2.35,-6.19,2.42
17.34,39.9,1.13,-58.44,-20.35,-15.5,32.41,-15.59,6.04,-22.73,14.33,-18.26,1.81
17.27,19.89,-7.42,-34.54,-21.47,-11.17,12.63,-8.68,-6.94,-19.77,0.86,-10.99,-5.7
16.86,31.01,-1.94,-47.8,-24.04,-10.15,30.73,-9.1,-2.08,-30.28,3.03,-26.03,-9.54
16.73,20.76,-7.66,-40.41,-28.37,-18.96,13.77,-3.77,0.16,-21.3,-2.01,-11.73,5.56
16.72,32.58,5.22,-41.32,-24.42,-9.0,29.26,-11.39,-4.28,-18.82,20.79,-8.04,-3.0
17.3,18.8,-11.56,-39.93,-24.2,-16.49,6.31,-13.9,-5.85,-16.82,2.4,-10.23,1.55
16.83,23.29,-4.26,-31.94,-20.86,-12.25,14.91,-2.62,0.34,-20.94,-2.63,-12.76,3.58
16.35,21.01,-6.48,-36.78,-24.45,-13.45,14.36,-8.33,-8.0,-23.53,-0.78,-12.51,-5.53
16.47,36.24,-0.36,-50.53,-16.47,-4.28,33.65,-19.34,-4.87,-26.28,20.49,-11.05,8.0
16.6,25.14,-3.13,-34.11,-11.18,-2.05,18.05,-21.82,-19.04,-30.36,3.59,-11.48,-1.83
16.19,39.22,6.43,-40.4,-18.66,-10.36,20.63,-22.81,-7.23,-23.64,17.51,-14.58,-0.49
16.28,17.0,-6.94,-24.15,-13.41,-9.09,-0.06,-19.64,-18.94,-22.61,-5.89,-10.31,-5.54
16.55,33.96,5.19,-33.64,-19.69,-12.95,14.13,-19.85,-13.72,-32.49,1.44,-14.09,2.11
16.3,29.48,3.87,-29.37,-9.7,-0.02,22.56,-19.23,-16.86,-26.49,13.64,-1.33,7.76
16.86,26.29,-1.57,-27.09,-9.2,-1.73,15.26,-16.19,-13.28,-25.98,-1.48,-18.59,-8.29
16.63,35.59,7.79,-33.91,-19.59,-13.32,20.89,-12.46,-5.87,-27.99,0.55,-17.35,1.16
16.63,30.46,0.45,-34.58,-18.49,-16.95,3.97,-30.21,-17.54,-30.08,2.79,-15.21,-3.05
17.0,24.8,-1.76,-31.06,-16.06,-7.5,17.08,-7.96,-4.87,-19.98,2.16,-10.03,1.23
16.59,28.31,-0.33,-34.73,-15.84,-4.86,22.71,-15.2,-15.51,-35.9,-0.89,-12.0,6.64
16.72,23.63,-6.14,-36.55,-14.3,-5.1,19.12,-13.23,-7.56,-20.83,6.53,-11.53,-2.86
16.74,42.77,5.6,-42.39,-6.65,0.25,33.37,-22.69,-4.72,-27.74,15.39,-21.56,0.48
16.64,25.7,-2.16,-34.5,-14.83,-5.78,20.26,-12.52,-8.41,-21.17,11.7,-3.68,1.38
16.75,26.84,-4.16,-30.02,-6.2,4.45,26.35,-5.15,-1.17,-19.82,2.29,-17.64,-3.38
17.11,38.01,5.28,-47.57,-20.74,-9.99,23.67,-35.48,-19.55,-29.69,22.83,-16.15,-8.43
17.27,31.77,-5.91,-42.31,-10.28,-3.87,24.37,-13.35,10.65,-4.05,30.58,-7.21,4.84
17.37,35.02,1.05,-38.12,-11.47,-13.74,14.85,-19.25,0.21,-18.13,9.1,-19.22,-6.88
17.06,31.53,5.74,-31.02,-18.52,-11.99,17.18,-14.74,-6.84,-19.94,10.54,-17.23,-15.59
16.67,33.03,10.14,-28.96,-23.08,-9.37,21.41,-9.55,-7.99,-18.08,16.29,-2.94,2.25
16.84,34.55,11.2,-33.0,-24.54,-15.29,19.25,-17.08,-15.62,-32.71,3.48,-18.07,-13.13
16.5,34.59,8.62,-31.38,-17.23,-9.4,19.86,-19.38,-13.59,-23.82,20.82,1.94,5.84
15.68,33.88,4.07,-36.77,-20.99,-13.32,16.31,-16.25,-6.77,-24.24,8.28,-9.15,7.15
16.58,53.92,18.56,-54.46,-20.49,-7.0,37.11,-38.78,-16.37,-35.32,19.84,-14.98,5.72
16.05,32.25,4.66,-36.05,-27.0,-20.78,8.09,-23.27,-16.11,-30.2,4.92,-8.92,5.43
15.94,53.49,13.71,-56.54,-13.24,-4.72,30.22,-39.78,-11.18,-34.72,19.89,-24.56,1.75
16.37,34.84,1.52,-40.66,-10.53,0.62,32.14,-21.4,-12.81,-31.78,14.11,-13.56,2.41
16.25,22.59,-1.57,-20.01,-4.06,0.83,13.11,-10.48,-10.52,-21.25,-4.55,-7.94,4.82
15.93,30.47,1.37,-36.65,-13.18,1.53,31.68,-10.47,-3.22,-21.74,15.49,-5.18,9.16
16.13,40.63,3.99,-47.38,-16.25,-11.21,24.79,-29.21,-13.16,-34.63,8.97,-19.1,-1.2
15.85,42.78,6.35,-55.4,-23.28,-13.16,24.69,-31.68,-8.42,-32.19,11.89,-15.17,7.11
16.48,47.11,0.6,-47.37,0.49,-24.57,36.96,-16.54,10.41,-20.36,10.66,-11.4,0.87
16.49,47.04,16.52,-40.08,-21.6,-10.59,30.29,-19.04,-4.01,-27.57,16.8,-15.29,6.28
16.23,34.8,7.43,-27.45,-9.85,-5.68,18.35,-14.26,-8.17,-23.71,4.61,-9.46,7.03
16.42,39.49,12.21,-37.39,-15.85,-1.55,35.42,-12.47,-6.16,-22.09,17.11,-11.15,-0.47
15.76,25.13,2.36,-19.35,-7.49,1.32,22.36,4.97,3.41,-12.03,0.36,-7.88,1.99
16.49,31.25,1.68,-29.35,-16.02,-9.39,15.04,-11.03,-5.29,-25.43,-2.98,-19.05,-2.09
16.67,35.09,7.66,-29.39,-11.97,-6.52,18.9,-17.72,-7.14,-17.37,16.4,-5.7,0.33
16.73,42.24,2.58,-45.01,-8.58,-3.64,26.99,-24.02,-2.87,-25.13,16.9,-25.24,-2.56
15.93,34.29,11.32,-25.12,-10.88,3.96,35.76,-2.13,-4.69,-19.99,15.51,-1.88,6.4
16.37,29.46,2.78,-22.44,-8.25,0.83,20.11,-6.15,-6.91,-26.18,-8.46,-20.95,-5.8
16.8,45.4,7.78,-47.86,-11.71,-8.03,27.7,-33.59,-11.81,-31.42,17.8,-18.76,0.07
16.56,20.55,-6.92,-23.78,-12.29,-3.4,6.28,-13.0,-13.2,-18.77,-2.12,-7.37,1.61
16.44,34.01,3.38,-32.66,-6.95,-2.19,22.73,-17.62,-10.67,-29.69,4.15,-9.04,12.06
16.19,23.03,-5.71,-34.17,-17.05,-9.82,8.07,-27.89,-25.65,-33.96,3.24,-4.36,10.09
16.39,30.49,3.58,-28.82,-13.82,-7.7,14.81,-17.07,-14.7,-30.09,-1.42,-12.02,2.89
16.9,36.22,-2.21,-50.0,-4.43,-4.22,26.85,-30.14,-13.46,-33.78,10.82,-13.07,8.56
18.33,27.14,-7.4,-53.6,-18.41,-4.33,31.35,-25.97,-15.81,-31.5,23.99,0.98,17.43
17.88,20.69,-10.5,-39.36,-15.69,-3.1,19.22,-19.42,-19.28,-34.24,1.99,-8.51,8.44
17.55,23.86,-7.82,-38.95,-9.32,-1.73,21.97,-18.67,-14.14,-30.1,5.01,-6.52,12.11
17.17,31.02,0.14,-37.7,-14.24,-1.22,28.48,-13.4,-10.07,-33.26,1.65,-16.93,4.96
17.33,20.65,-3.64,-26.13,-9.63,0.83,21.66,-4.04,-7.31,-22.9,1.53,1.83,19.83
17.22,39.49,6.98,-40.2,-8.58,4.7,42.78,-9.97,-5.0,-33.41,13.04,-11.4,13.89
17.23,41.56,2.51,-48.35,-4.2,-6.48,38.69,-20.25,-6.14,-29.29,23.03,-5.09,11.41
17.22,25.24,-8.79,-34.94,-13.63,-5.94,11.06,-21.81,-14.34,-30.02,-3.2,-18.21,2.43
17.85,34.38,1.24,-42.82,-7.05,5.83,39.83,-17.2,-10.87,-34.4,9.24,-15.63,6.13
17.53,26.9,-0.91,-31.8,-15.93,-9.37,15.11,-18.94,-17.98,-34.01,5.91,4.65,26.77
17.62,21.51,-4.54,-30.82,-12.61,-1.05,21.39,-9.54,-12.96,-29.12,-1.3,-5.93,11.62
17.08,20.06,-8.25,-26.24,-5.14,6.95,21.56,-6.68,-6.05,-17.8,3.24,-8.89,2.65
16.86,42.59,4.24,-48.92,-5.35,-2.58,37.85,-24.91,-4.21,-27.81,27.12,-3.37,11.04
17.09,25.53,-4.27,-30.39,-7.01,3.2,26.89,0.15,5.61,-11.65,8.92,-8.02,5.25
16.48,27.94,0.52,-30.13,-5.53,6.71,31.59,-5.5,-0.78,-13.91,17.07,-2.34,4.73
17.27,27.9,-6.59,-37.67,-9.68,-2.19,19.72,-21.9,-10.51,-25.37,11.18,-13.25,1.59
16.94,22.93,-5.57,-32.5,-4.77,5.74,26.27,-10.58,-3.67,-13.43,16.83,-3.32,2.45
17.18,20.28,-10.67,-35.78,-10.14,-0.51,15.59,-22.02,-11.16,-16.3,19.36,-2.17,4.38
17.03,31.45,-2.31,-41.03,-7.17,-7.97,21.31,-29.73,-16.22,-29.95,19.48,-2.33,7.52
17.29,28.36,-3.97,-31.58,-3.61,0.05,24.62,-8.37,-1.79,-24.31,-1.22,-15.46,4.38
17.36,54.07,4.46,-62.57,5.19,-9.97,39.05,-40.63,-10.75,-42.47,24.19,-7.17,19.52
17.76,31.5,-8.03,-44.57,-10.89,-2.43,21.73,-31.6,-19.9,-42.06,5.01,-14.79,19.92
17.89,23.14,-6.78,-37.36,-15.94,-7.45,16.39,-14.18,-7.71,-22.09,3.76,-12.41,1.08
17.3,32.71,1.27,-53.56,-25.78,-11.76,26.57,-30.23,-18.73,-31.96,16.72,-16.97,-6.27
16.69,31.11,-1.53,-35.5,-5.72,-4.55,18.62,-20.19,-3.96,-16.49,13.52,-15.12,-7.5
16.56,34.36,4.44,-36.2,-20.3,-13.75,14.11,-25.2,-18.13,-36.33,0.34,-15.61,3.06
16.79,30.36,0.39,-34.07,-16.08,-11.68,14.36,-12.72,-4.08,-22.32,0.81,-14.76,3.45
16.79,43.92,2.63,-46.22,-6.49,-10.78,27.55,-24.48,0.54,-21.23,22.99,-12.51,5.91
17.29,24.84,-4.63,-35.41,-17.11,-8.31,16.9,-7.57,0.35,-13.99,8.24,-6.09,7.71
17.45,19.91,-7.75,-33.11,-21.66,-10.18,16.69,2.24,5.08,-12.95,0.97,-11.12,-0.49
16.83,21.05,-6.08,-34.45,-21.92,-13.05,12.05,-8.55,-6.84,-24.73,-8.11,-20.0,-6.37
16.88,31.27,0.8,-38.58,-16.9,-6.77,22.91,-16.98,-13.72,-34.96,0.01,-17.47,3.54
16.02,43.52,8.84,-46.0,-13.11,-1.31,33.95,-24.01,-8.12,-35.24,8.73,-20.75,10.94
15.85,39.73,4.97,-42.04,-17.48,-9.32,22.03,-28.22,-17.1,-41.14,2.86,-21.98,4.9
17.2,34.78,5.82,-41.3,-23.09,-11.34,32.87,-5.29,-0.99,-29.98,6.03,-17.08,2.63
16.89,26.0,0.48,-26.05,-15.32,-9.13,11.09,-10.45,-8.65,-24.47,-8.57,-20.75,-4.54
16.7,33.68,1.82,-36.05,-9.87,-6.35,23.26,-14.69,-7.04,-32.07,-0.82,-16.22,8.9
16.6,34.61,-1.94,-43.12,-12.8,-1.2,33.32,-14.09,-3.88,-33.01,6.21,-20.86,5.66
16.77,26.15,-3.75,-38.59,-18.74,-7.65,22.22,-7.85,-1.86,-18.58,9.73,-5.11,10.75
17.18,22.95,-6.09,-33.62,-18.63,-8.32,15.82,-8.12,-7.4,-26.6,-6.06,-15.5,3.19
16.62,36.59,3.81,-42.17,-18.99,-14.05,18.11,-26.35,-17.87,-40.72,0.99,-18.79,4.06
16.21,50.18,16.65,-47.18,-12.94,-1.73,46.48,-16.35,-2.64,-35.24,10.3,-22.84,7.35
16.7,30.6,1.28,-35.18,-14.66,-6.0,24.41,-8.1,-5.24,-30.9,-7.97,-25.22,-5.22
16.38,31.95,1.03,-32.6,-12.79,-6.34,17.59,-18.19,-9.56,-25.26,10.83,-2.29,17.49
16.47,20.9,-6.7,-34.45,-20.87,-13.15,7.12,-17.53,-15.17,-24.22,2.68,-2.47,10.73
16.59,46.23,9.68,-55.12,-18.37,-4.6,50.09,-24.31,-11.92,-28.35,32.53,-15.56,1.01
15.88,39.36,5.08,-42.18,-16.15,-17.08,19.73,-23.95,-11.49,-31.16,11.27,-11.48,0.7
17.11,34.63,3.68,-37.42,-4.96,1.28,28.52,-19.74,-5.27,-18.49,22.49,-4.51,6.33
17.59,41.94,1.11,-53.66,-10.46,-8.86,29.51,-32.17,-7.33,-29.66,20.73,-17.92,4.02
16.86,26.38,-5.92,-39.73,-11.69,-5.37,21.3,-15.59,-4.08,-18.66,15.73,-1.69,11.67
17.14,34.27,-6.05,-49.19,-6.6,-9.8,23.66,-26.19,-4.77,-21.16,23.61,-2.03,14.49
17.04,27.31,-4.89,-40.92,-14.98,-4.74,27.89,-6.36,3.32,-20.54,6.26,-15.38,3.67
16.76,20.01,-5.21,-26.96,-11.88,-5.19,9.46,-14.72,-11.79,-18.45,3.66,-4.3,4.76
17.04,38.42,2.08,-39.43,-11.37,-5.71,26.94,-19.61,-9.2,-35.74,6.4,-16.15,11.73
17.48,32.4,-0.76,-45.95,-21.38,-13.32,17.17,-28.33,-20.67,-44.2,-5.56,-23.23,5.3
17.12,33.35,-5.27,-45.94,-6.65,-8.41,21.97,-34.05,-24.09,-50.1,-7.88,-25.12,2.06
16.75,29.7,-0.78,-39.0,-10.12,2.1,33.15,-14.63,-13.41,-35.13,3.85,-14.32,2.5
16.7,46.65,6.71,-48.79,-0.16,3.39,43.28,-28.5,-9.2,-43.1,13.49,-18.63,7.35
16.58,36.9,-1.53,-43.86,-4.39,-6.7,24.66,-27.01,-15.57,-44.09,-5.94,-30.49,-5.54
16.12,16.42,-8.97,-24.02,-1.47,10.37,21.65,-10.45,-12.62,-20.71,4.99,-4.38,3.27
16.73,27.75,1.39,-31.23,-8.7,1.96,24.58,-19.01,-16.04,-27.15,11.82,-7.85,-0.65
16.53,38.8,11.78,-39.5,-13.24,3.94,43.51,-11.63,-11.87,-32.4,10.27,-14.86,1.31
16.95,32.3,-0.4,-35.48,-3.51,1.2,24.65,-19.64,-8.96,-27.59,5.57,-12.9,4.12
17.21,33.58,-3.77,-42.81,-12.99,-9.07,16.14,-35.59,-21.09,-38.95,8.91,-15.73,7.49
17.19,46.58,13.35,-61.51,-26.21,5.7,47.84,-40.9,-21.06,-33.05,30.38,-24.64,5.71
16.79,33.63,-7.06,-39.9,-11.32,-5.65,15.42,-29.65,-12.32,-32.89,6.31,-23.12,6.46
16.42,37.16,6.24,-39.48,-15.91,-9.23,24.18,-25.75,-19.46,-40.63,2.98,-19.36,-3.98
16.55,32.05,4.86,-37.13,-22.48,-10.52,23.81,-13.17,-10.58,-26.73,10.81,-7.2,4.04
16.58,41.05,2.77,-40.43,-0.19,-8.97,25.11,-26.0,-4.22,-22.02,22.14,-7.25,5.24
16.1,26.94,2.59,-29.53,-12.17,-1.7,21.13,-18.78,-19.62,-29.86,7.27,-6.91,3.17
16.97,24.67,-1.26,-30.16,-12.68,-2.2,21.54,-11.08,-15.45,-33.44,-4.78,-9.83,6.88
16.31,32.27,3.76,-32.84,-12.1,-3.54,25.98,-11.2,-8.84,-31.68,-2.63,-20.27,-5.68
16.54,45.02,-0.41,-49.97,-0.14,-17.92,37.16,-20.58,-1.08,-36.18,0.87,-24.85,-1.05
16.71,31.0,-1.36,-35.91,-11.55,0.15,28.19,-12.36,-6.02,-26.75,6.48,-15.57,2.43
16.22,26.0,-4.0,-35.25,-12.37,-6.31,16.16,-20.07,-15.67,-31.23,-0.96,-13.68,3.39
16.47,20.53,-4.72,-28.73,-11.71,-0.89,18.33,-13.37,-17.23,-31.35,-4.53,-14.84,-4.29
16.6,20.43,-7.01,-34.36,-14.37,-2.67,19.73,-13.79,-17.15,-33.43,-6.65,-16.36,-4.53
16.57,23.01,-6.24,-27.58,-7.22,3.62,20.38,-7.36,-3.12,-16.65,2.48,-16.15,-5.3
16.7,22.86,-5.55,-32.95,-9.5,0.63,21.47,-14.67,-13.83,-28.57,-1.27,-14.85,-2.19
16.94,41.98,0.14,-52.06,-5.26,-9.1,30.59,-33.37,-12.83,-41.01,11.16,-13.42,8.14
17.13,44.15,-1.58,-56.08,2.25,-8.69,37.91,-33.57,-5.45,-33.43,25.36,-8.89,9.66
16.73,35.43,-6.59,-48.67,6.17,2.03,36.34,-27.4,-7.42,-30.58,17.73,-11.3,11.41
16.65,27.88,-7.88,-42.77,-9.15,-8.48,15.54,-24.82,-12.87,-30.39,1.84,-18.11,-1.65
17.46,24.42,-4.19,-32.91,-16.47,-5.26,21.22,-3.63,-1.55,-20.79,-1.51,-17.06,-3.81
17.5,29.23,-0.13,-43.06,-22.56,-8.56,32.35,-7.26,-6.15,-32.2,4.99,-16.22,0.16
16.67,32.07,0.36,-41.43,-16.7,-7.56,25.37,-17.87,-18.31,-44.72,-8.5,-29.2,-9.43
16.85,48.5,4.52,-58.81,-10.45,-8.72,28.57,-43.19,-12.7,-37.77,18.75,-17.01,14.95
16.85,35.57,-0.75,-42.05,-13.01,-7.6,22.95,-25.92,-17.58,-43.43,-1.12,-21.2,6.89
16.74,22.42,-2.89,-28.05,-10.88,-1.33,17.8,-15.58,-21.99,-38.86,-12.68,-16.03,0.83
16.48,46.47,1.2,-56.76,-16.34,-11.88,30.86,-39.36,-17.01,-55.27,7.6,-30.51,5.76
16.06,12.97,-14.98,-35.13,-18.77,-12.63,-1.93,-27.57,-25.48,-29.63,-5.75,-6.22,6.6
17.07,31.33,-0.05,-44.62,-22.31,-9.71,24.33,-19.36,-14.0,-35.68,5.43,-13.49,8.14
16.78,27.35,3.48,-27.73,-14.93,-3.22,23.65,-8.28,-14.56,-32.61,-3.34,-13.81,-3.0
16.42,23.69,-2.48,-25.12,-8.06,0.77,16.03,-16.23,-18.5,-30.33,-1.95,-8.49,5.71
16.65,25.97,0.5,-31.58,-19.3,-8.44,17.31,-13.89,-16.42,-30.81,0.35,-9.33,0.73
17.13,41.19,3.75,-42.32,-6.52,-6.65,30.01,-20.26,-8.04,-36.41,3.84,-21.92,1.68
16.89,31.58,3.0,-35.15,-16.66,-7.39,24.04,-13.54,-12.14,-33.63,-1.97,-19.1,-7.27
16.39,25.14,2.55,-21.91,-19.05,-15.57,2.76,-12.68,-11.78,-25.01,-9.19,-15.65,-7.61
16.13,29.64,1.81,-27.1,-6.76,-1.9,17.6,-13.58,-4.61,-14.23,9.74,-9.4,-2.57
16.43,45.64,7.73,-45.72,-13.51,-7.84,26.61,-31.55,-12.27,-37.78,12.1,-21.13,4.15
17.07,48.51,10.0,-50.47,-14.91,-10.98,36.01,-31.01,-11.55,-39.91,6.76,-22.64,4.62
16.6,28.43,-1.36,-32.89,-20.39,-14.37,8.4,-18.3,-12.78,-28.77,-3.1,-15.33,4.48
16.69,39.99,2.14,-51.23,-20.65,-18.25,27.64,-18.91,-1.51,-30.52,9.26,-17.32,10.82
16.46,23.81,-4.16,-28.69,-17.62,-10.37,7.23,-14.43,-13.09,-25.9,-6.1,-12.75,3.78
16.38,21.51,-3.97,-28.91,-14.99,-6.91,12.75,-12.92,-15.63,-30.47,-8.22,-13.57,-0.15
16.02,22.6,-5.5,-28.15,-15.0,-6.3,13.09,-6.78,-6.14,-22.33,-6.03,-13.45,-0.44
16.53,34.91,4.88,-39.82,-18.04,-6.6,28.92,-15.08,-10.8,-33.26,6.06,-11.96,5.14
16.18,46.29,10.24,-39.71,-11.38,-17.81,26.46,-22.02,-4.75,-24.76,21.23,-0.22,19.22
16.57,39.84,9.93,-32.77,-15.41,-16.44,13.22,-25.68,-14.82,-35.21,1.04,-10.64,9.47
16.2,26.71,2.73,-25.97,-21.59,-14.75,11.55,-3.83,-3.96,-21.3,-3.4,-8.72,5.45
15.86,41.79,13.6,-40.02,-25.21,-13.89,26.07,-21.8,-15.92,-39.21,6.68,-15.5,6.83
15.99,27.03,3.77,-24.84,-13.81,-2.89,26.42,2.06,-3.05,-28.91,-9.58,-16.7,0.12
16.5,39.38,10.21,-37.23,-20.1,-11.03,25.83,-13.3,-2.36,-25.1,10.16,-16.68,-0.99
16.46,38.17,3.35,-34.92,-12.97,-21.44,9.33,-20.05,-3.84,-29.7,-3.58,-19.62,5.87
17.07,51.93,11.32,-54.57,-12.24,-20.38,30.77,-33.36,-16.09,-39.75,11.48,-32.86,-2.35
17.09,29.55,0.34,-32.51,-17.85,-13.49,7.84,-22.7,-15.93,-30.57,-3.34,-20.93,-7.4
16.93,55.76,11.41,-52.16,-3.23,-15.25,35.04,-37.03,-7.91,-26.58,24.96,-21.41,-2.48
16.18,24.0,0.28,-26.6,-16.86,-8.51,12.57,-10.21,-12.17,-27.47,-9.42,-19.58,-12.11
16.61,30.11,7.61,-26.38,-23.3,-15.99,13.37,-7.6,-8.16,-26.39,-0.58,-7.17,4.74
16.99,25.01,2.78,-23.79,-17.33,-14.12,7.71,-11.34,-12.23,-30.63,-11.76,-13.81,3.09
17.16,30.83,-3.23,-45.84,-19.45,-15.71,12.57,-35.3,-27.88,-49.6,-7.61,-23.92,-2.77
16.46,31.5,3.27,-32.14,-12.95,-4.34,19.7,-18.27,-13.2,-28.27,5.63,-9.57,3.97
16.59,32.04,0.67,-36.84,-14.36,-9.8,15.68,-20.51,-11.07,-28.93,-1.87,-22.08,-7.62
16.76,25.36,-5.88,-36.52,-15.57,-9.89,6.71,-34.87,-27.17,-35.41,5.74,-10.27,2.65
17.12,41.68,-3.14,-50.97,-1.71,-12.62,27.86,-30.88,-6.22,-31.96,10.74,-20.7,-0.5
16.52,39.21,8.18,-42.74,-16.52,-8.25,29.08,-16.11,-5.33,-29.21,8.63,-14.92,1.68
17.18,22.51,-2.48,-26.67,-12.64,-3.6,16.83,-6.98,-8.32,-22.34,-0.37,-4.86,7.61
17.42,26.62,-0.61,-26.98,-10.62,0.48,22.54,-4.37,-3.15,-20.52,-2.46,-21.02,-9.81
17.09,24.32,-1.62,-27.89,-14.71,-7.23,13.71,-8.0,-5.69,-20.44,-4.97,-19.57,-11.92
16.16,22.69,-0.94,-23.55,-16.39,-8.64,11.33,-5.34,-7.2,-21.71,-5.23,-10.38,-0.07
16.84,19.97,-5.4,-27.57,-14.36,-6.06,12.58,-6.72,-4.37,-13.55,5.27,-2.91,2.39
16.81,31.31,3.24,-34.52,-22.94,-14.9,12.94,-17.46,-7.52,-17.86,17.92,-2.64,1.11
16.8,29.72,3.87,-28.75,-19.67,-14.66,13.96,-5.12,0.46,-18.46,-0.64,-13.84,-1.94
16.58,41.0,9.17,-41.41,-18.79,-17.14,21.87,-20.15,-6.76,-29.71,8.07,-15.76,3.59
16.51,42.81,1.75,-45.11,-7.04,-20.31,27.51,-15.66,8.39,-18.14,14.45,-7.3,13.64
17.18,32.81,4.87,-31.78,-17.7,-11.39,21.27,-6.19,-0.68,-21.81,6.91,-8.47,5.86
17.45,31.83,1.2,-41.14,-27.43,-26.07,11.1,-11.32,0.97,-25.33,-3.64,-24.94,-6.65
17.5,26.16,-1.64,-32.74,-22.49,-14.49,14.33,-4.67,-0.37,-21.14,-2.05,-15.68,-0.86
16.58,37.02,5.3,-36.69,-7.11,-2.04,36.05,-6.44,-0.39,-36.43,-4.63,-22.8,6.85
17.04,23.08,-2.55,-27.91,-11.3,3.05,29.19,4.8,2.53,-15.42,7.62,-1.43,10.14
16.81,25.81,-1.55,-33.22,-18.71,-10.4,13.57,-15.07,-12.84,-27.16,-1.16,-15.29,-7.67
17.22,23.47,-5.05,-33.98,-17.91,-6.86,17.8,-8.74,-5.14,-18.94,7.47,-7.36,0.68
16.99,27.36,-3.7,-42.04,-23.79,-15.42,13.08,-21.86,-13.5,-27.46,9.17,-7.76,2.02
16.5,31.62,-0.82,-38.94,-18.24,-12.11,15.71,-19.19,-10.58,-29.21,1.6,-21.0,-5.97
16.51,19.96,-2.51,-21.8,-9.29,-0.87,14.53,-9.36,-15.48,-28.46,-7.78,-7.27,5.32
16.26,42.57,5.74,-36.73,1.86,-4.15,26.12,-19.83,-5.16,-36.29,-0.87,-22.8,0.38
16.73,44.34,12.16,-46.76,-17.57,2.96,48.11,-17.79,-7.21,-24.58,25.14,-16.38,2.26
16.93,20.05,-3.36,-21.33,-18.58,-10.27,3.83,-6.53,-11.93,-23.44,-17.34,-20.31,-13.65
17.07,47.67,10.22,-56.1,-25.39,-17.93,30.56,-36.42,-22.86,-53.04,-5.85,-39.29,-7.91
16.96,23.81,1.12,-24.62,-21.01,-15.46,4.97,-13.69,-18.08,-33.98,-14.86,-15.72,-0.6
16.6,21.14,-2.55,-22.43,-11.34,-5.17,7.86,-12.84,-13.59,-21.4,-3.26,-7.57,0.41
16.35,36.18,9.58,-33.36,-15.21,-4.59,27.99,-14.32,-9.1,-24.92,17.96,-3.03,5.96
16.59,49.59,9.53,-57.48,-18.0,-5.85,31.54,-35.32,-6.1,-37.31,8.3,-27.85,4.09
16.66,34.67,8.52,-29.02,-18.43,-17.29,17.21,-5.14,-0.82,-32.57,-12.91,-24.72,1.09
16.2,36.37,8.04,-32.4,-12.74,-4.33,28.7,-8.98,-6.44,-33.7,-4.43,-22.89,-1.38
16.62,41.63,3.08,-48.48,-19.63,-25.75,17.37,-28.64,-10.34,-47.06,-5.61,-25.69,8.42
16.82,50.52,4.31,-54.94,-5.33,-14.89,26.14,-38.83,-8.64,-39.49,6.44,-27.93,0.02
16.27,33.08,1.23,-31.89,-10.62,-11.62,7.66,-26.21,-13.23,-24.52,5.3,-14.27,-2.83
16.86,21.44,-0.92,-19.81,-11.9,-6.22,8.28,-6.81,-7.33,-19.02,-9.24,-15.28,-5.26
16.95,50.83,5.05,-43.29,-3.61,-6.29,27.62,-38.12,-11.23,-43.63,12.84,-26.3,7.16
16.34,38.24,4.31,-37.79,-9.77,-11.54,19.15,-23.42,-13.51,-35.74,5.01,-13.43,5.92
17.08,27.54,2.9,-23.22,-11.55,-3.52,17.63,-7.39,-9.67,-26.48,-4.14,-11.08,2.7
17.07,34.29,8.32,-25.65,-10.5,-3.63,21.06,-11.29,-9.7,-28.58,-1.45,-16.81,-3.2
16.34,41.16,8.16,-37.78,-13.96,-7.74,30.64,-19.0,-11.49,-42.17,2.26,-19.52,9.03
16.35,54.52,17.05,-51.61,-7.58,-1.14,37.85,-29.44,-7.8,-42.96,8.97,-23.4,17.41
17.02,49.78,21.68,-47.08,-20.55,-7.79,30.43,-32.37,-20.0,-31.72,10.0,-28.85,-5.57
16.7,22.67,0.29,-21.01,-15.21,-9.76,8.27,-5.75,-7.86,-24.01,-14.37,-19.31,-7.88
16.36,31.65,4.76,-28.01,-13.55,-8.06,17.2,-18.27,-19.76,-42.02,-10.01,-17.91,2.93
16.55,31.47,6.43,-22.76,-10.02,-5.84,17.24,-5.63,-2.49,-21.05,-2.43,-13.35,-2.03
16.44,47.95,10.53,-40.42,-10.27,-16.33,17.57,-28.9,-11.04,-31.15,11.67,-16.46,6.25
16.19,23.94,1.86,-16.52,-6.56,-2.81,6.1,-16.43,-17.64,-23.98,-5.97,-9.45,-0.86
16.76,35.84,8.76,-27.87,-12.37,-6.77,20.44,-15.31,-13.6,-38.97,-7.74,-20.41,2.73
16.89,27.86,1.02,-27.76,-9.56,-3.45,16.7,-14.95,-15.12,-33.51,-9.94,-19.6,-2.6
16.88,29.65,7.4,-17.64,-4.16,3.49,22.18,-10.43,-15.31,-29.37,-0.98,-8.11,0.4
16.58,35.98,12.23,-26.09,-14.7,-5.62,21.81,-14.29,-13.35,-35.25,-2.62,-12.78,4.28
16.63,40.67,12.78,-24.42,-1.61,4.24,32.04,-15.97,-15.57,-37.75,-0.0,-18.58,-0.73
16.43,30.93,12.22,-11.16,-5.72,-0.0,19.07,-4.89,-14.94,-34.67,-18.01,-20.54,-5.95
16.53,32.48,3.56,-26.46,-7.61,0.49,21.78,-13.06,-9.35,-30.23,-5.86,-25.32,-8.12
16.8,45.69,8.17,-39.57,-4.8,-10.02,23.39,-22.83,-4.26,-32.28,6.96,-19.51,9.09
16.5,36.65,10.85,-39.84,-23.72,-9.75,24.02,-26.35,-24.13,-39.99,6.42,-16.68,-7.27
16.67,28.76,2.01,-28.3,-12.46,-4.49,19.02,-7.69,-4.63,-22.85,-4.14,-22.63,-14.57
16.86,35.39,1.93,-36.53,-13.78,-15.29,16.39,-17.26,-7.14,-31.88,-3.87,-22.6,-3.3
16.64,45.38,8.55,-45.0,-11.78,-10.01,28.24,-24.58,-6.26,-34.98,8.58,-23.19,2.83
16.02,26.4,1.31,-31.29,-19.54,-8.29,17.61,-10.14,-12.18,-27.61,0.34,-6.81,5.51
16.3,44.94,8.35,-45.55,-13.67,-17.68,20.27,-32.24,-15.64,-39.87,4.11,-21.65,4.42
16.72,31.51,1.45,-32.16,-17.47,-11.07,21.0,-0.53,9.94,-15.15,6.25,-11.84,8.14
17.18,33.79,3.28,-43.06,-24.76,-16.95,24.12,-12.22,-5.5,-33.13,0.83,-17.53,6.43
16.88,34.0,4.1,-39.74,-19.2,-12.84,22.6,-12.92,-5.91,-28.11,8.01,-6.27,16.38
17.32,41.99,-4.02,-47.5,2.25,-34.66,32.25,-30.88,-5.12,-38.82,-4.65,-5.03,22.46
16.15,29.34,1.7,-37.28,-25.4,-17.16,14.55,-21.17,-24.92,-48.04,-13.86,-22.73,-4.41
16.43,28.74,-0.86,-36.23,-15.97,-9.54,19.67,-12.12,-6.97,-29.16,-1.03,-12.04,8.74
16.34,32.45,-1.85,-34.64,-7.87,0.43,27.57,-15.76,-10.79,-36.3,1.14,-16.22,9.9
16.57,37.62,0.92,-34.7,2.41,-7.0,29.84,-11.12,1.71,-26.89,3.88,-11.15,9.5
16.82,31.87,2.48,-35.1,-15.93,-10.4,22.88,-10.92,-8.04,-35.36,-2.03,-13.11,10.77
16.89,38.4,-6.71,-40.44,9.83,-24.03,39.54,-16.7,-0.08,-30.41,-12.19,-8.67,5.73
17.38,37.02,2.39,-40.32,-6.72,-7.72,37.5,-4.67,2.93,-32.09,6.26,-7.81,17.22
17.57,40.38,3.39,-52.88,-21.26,-17.09,30.96,-22.02,-9.3,-45.62,2.41,-21.86,10.85
16.96,21.72,-4.8,-35.7,-21.47,-9.1,29.09,9.61,10.55,-17.64,7.75,3.06,25.38
17.19,45.14,4.76,-60.12,-16.98,-12.83,36.43,-22.32,-4.2,-40.46,6.56,-27.34,8.94
17.1,29.73,0.68,-30.67,-17.02,-10.93,13.84,-14.63,-11.77,-32.38,-3.06,-9.08,17.43
16.98,43.71,13.56,-35.57,-9.23,-2.19,30.32,-26.8,-21.12,-46.36,1.96,-16.71,11.97
16.54,38.81,2.51,-40.74,-8.75,-13.02,28.12,-11.04,3.52,-28.67,3.82,-13.82,11.87
16.84,22.69,-2.54,-30.37,-20.67,-14.28,13.13,-1.92,0.66,-22.0,-7.33,-12.24,8.99
16.23,44.81,10.06,-44.02,-18.07,-13.43,27.78,-19.27,-6.61,-39.43,3.04,-22.44,9.98
16.5,35.08,8.82,-31.34,-20.41,-14.89,13.7,-18.06,-11.35,-25.33,6.3,-10.74,3.6
16.81,26.06,5.17,-21.07,-17.19,-10.5,11.66,-8.0,-14.19,-31.45,-12.06,-12.91,1.01
16.99,31.1,4.61,-30.38,-19.04,-14.19,12.45,-14.77,-12.47,-34.68,-11.62,-23.66,-3.5
16.52,35.01,5.25,-37.66,-23.45,-17.24,19.15,-11.45,-4.26,-30.42,0.55,-18.31,2.11
16.47,27.11,2.47,-27.39,-20.61,-16.5,9.41,-6.63,-3.64,-22.06,-4.56,-10.39,5.72
15.94,25.77,0.71,-28.21,-21.66,-14.43,7.49,-14.84,-16.29,-28.18,-3.34,-9.36,-0.43
16.24,29.41,5.57,-23.61,-18.71,-16.45,3.23,-18.13,-17.47,-31.61,-12.43,-19.76,-8.48
16.73,50.39,19.7,-45.22,-16.74,-11.23,35.41,-21.4,-9.32,-43.72,-3.19,-33.02,5.81
17.07,27.01,4.63,-23.98,-18.63,-15.99,10.87,-3.65,-3.03,-29.93,-22.51,-31.46,-7.59
16.28,36.37,7.2,-26.89,-10.08,-8.41,21.7,-6.49,0.99,-28.43,-7.08,-24.15,1.79
16.8,32.4,6.33,-31.12,-13.44,-2.19,34.23,2.29,2.88,-27.66,-5.28,-24.49,-5.52
16.53,33.68,4.01,-35.55,-18.78,-10.33,23.72,-11.3,-6.84,-31.88,0.48,-14.52,6.53
16.6,37.47,3.84,-40.57,-12.86,-12.04,28.77,-12.5,-4.05,-40.09,-9.32,-25.03,5.18
16.58,48.09,12.15,-47.65,-10.9,-7.11,34.54,-29.13,-14.83,-42.21,11.0,-17.09,8.44
16.73,29.54,6.37,-17.19,-7.4,-8.3,2.2,-22.6,-19.56,-26.74,-3.24,-5.67,7.99
17.08,39.53,10.6,-36.69,-17.41,-8.82,25.62,-22.1,-19.04,-41.22,3.76,-13.34,10.39
16.72,38.99,12.22,-30.12,-13.72,-7.23,28.32,-9.06,-6.64,-31.31,0.81,-16.88,5.27
16.88,37.79,7.62,-32.21,-15.28,-13.01,14.74,-21.7,-15.16,-36.27,-2.88,-17.3,7.58
17.16,28.59,4.74,-25.21,-18.28,-12.77,10.77,-12.33,-13.86,-32.79,-13.59,-20.84,-4.86
17.32,42.27,11.68,-44.0,-19.98,-10.72,27.92,-25.63,-17.77,-39.6,6.13,-19.9,3.02
17.38,22.09,-3.78,-28.11,-17.58,-12.81,2.08,-20.56,-21.55,-35.15,-17.98,-21.46,-4.25
16.84,24.21,-3.72,-38.05,-22.46,-11.48,16.97,-17.56,-22.89,-48.49,-21.81,-31.78,-9.53
17.09,37.31,8.01,-35.29,-15.78,-8.68,27.0,-10.27,-4.5,-31.43,0.24,-20.41,-0.2
16.24,28.08,0.95,-33.91,-19.62,-11.14,14.36,-19.0,-17.45,-31.39,0.42,-14.09,-3.64
16.63,27.5,-1.7,-40.6,-25.94,-17.57,10.48,-23.92,-18.12,-27.46,12.84,1.84,16.01
16.71,39.4,10.2,-36.72,-13.9,-3.56,32.79,-16.49,-14.52,-41.39,-1.23,-19.96,8.68
16.82,24.62,2.49,-24.21,-15.84,-7.74,15.96,-8.49,-16.95,-39.68,-18.29,-17.76,3.94
16.42,24.59,-0.49,-30.05,-12.73,-0.6,28.38,-1.41,-4.88,-27.1,-1.95,-8.45,11.66
16.21,40.74,1.56,-45.78,-4.63,-8.67,30.44,-13.42,3.5,-30.49,3.15,-23.23,8.7
16.39,30.53,2.06,-26.25,-8.17,-4.22,17.91,-11.66,-6.26,-22.5,2.9,-10.1,1.98
17.03,28.4,-0.68,-32.99,-17.93,-15.15,5.23,-21.33,-12.04,-25.33,-3.98,-21.66,-7.15
16.38,32.37,5.4,-37.11,-24.24,-14.51,19.19,-17.02,-15.83,-33.57,3.35,-11.81,0.84
16.59,22.8,-1.88,-26.85,-15.44,-7.13,11.75,-12.89,-15.36,-29.07,-10.07,-18.95,-7.99
16.26,20.54,-5.97,-30.87,-20.15,-9.1,13.64,-6.24,-9.16,-27.92,-12.63,-20.42,-4.68
16.47,34.7,2.78,-45.46,-19.44,-8.79,34.62,-11.86,-7.02,-39.57,-3.15,-22.87,6.52
17.08,30.38,8.61,-29.88,-19.67,-11.77,30.09,4.39,1.36,-35.85,-10.72,-17.23,10.66
17.7,34.85,1.83,-47.61,-16.32,-8.88,38.86,-4.84,4.62,-40.0,-7.25,-28.34,9.39
17.35,27.67,-1.03,-36.4,-20.49,-13.66,23.84,-2.66,0.15,-34.41,-10.09,-20.78,10.65
17.14,22.59,0.94,-24.14,-13.29,-7.17,23.7,7.61,4.56,-28.72,-17.93,-20.94,7.01
17.28,25.78,3.28,-21.15,-11.83,-9.04,14.0,-4.97,-1.3,-26.3,-14.86,-26.23,-2.21
17.1,32.63,4.93,-38.67,-24.54,-15.49,21.18,-15.68,-15.88,-44.36,-10.55,-24.55,-0.06
16.79,32.94,3.71,-33.21,-16.75,-7.8,22.72,-9.99,-6.15,-29.73,-3.63,-22.03,-1.42
16.86,32.54,5.39,-35.99,-21.65,-12.36,27.64,-0.69,3.4,-25.78,2.0,-13.76,7.94
16.75,24.87,-1.9,-29.65,-20.15,-12.61,14.09,-5.21,-5.28,-29.73,-13.35,-20.23,2.45
17.01,49.64,7.11,-47.67,-9.89,-33.45,30.65,-18.92,6.94,-26.15,4.87,-13.97,8.1
16.15,24.54,2.03,-26.98,-22.99,-15.74,13.28,-1.82,-2.83,-24.57,-8.9,-16.2,-2.35
16.41,41.64,9.72,-36.84,-10.45,-5.57,28.55,-16.16,-2.34,-20.9,20.81,-8.22,1.93
16.42,28.44,1.92,-26.19,-10.76,-1.39,18.51,-14.5,-15.68,-29.7,-0.84,-10.07,2.81
16.52,22.75,-2.05,-29.78,-23.25,-16.06,8.84,-6.85,-6.23,-20.77,-0.67,-3.39,10.43
16.72,26.53,-1.01,-31.45,-20.37,-11.48,15.12,-7.64,-6.76,-27.76,-8.59,-21.08,-4.1
