18.56,6.58,1.51,5.66,-3.0,11.58,3.2,0.62,-16.47,-16.24,-19.62,-11.87,-10.3
17.76,28.41,7.28,-16.81,-4.17,3.71,22.61,-6.76,-11.99,-29.07,-5.99,-12.56,0.09
17.91,32.7,8.78,-28.94,-14.87,-4.57,30.55,-5.36,-11.01,-44.79,-15.9,-25.1,0.47
18.33,24.49,0.32,-19.93,-9.05,1.34,23.52,7.88,5.03,-17.42,-11.01,-23.0,-9.48
18.72,46.47,17.18,-36.26,-11.91,-2.26,42.35,-5.55,1.28,-36.1,0.08,-30.94,-1.23
19.11,24.77,1.37,-20.2,-10.93,-1.63,22.02,6.8,3.26,-20.82,-12.65,-21.65,-6.29
19.07,25.06,-1.12,-37.0,-27.1,-15.33,20.58,-2.17,-2.32,-25.44,-1.88,-16.09,-4.46
19.9,29.56,-5.17,-49.73,-21.1,-4.45,35.9,-7.78,3.04,-21.16,17.61,-12.09,8.66
19.49,48.31,1.54,-52.33,2.01,-16.54,46.12,-25.06,-0.04,-27.66,17.98,-7.36,13.06
18.72,30.76,0.61,-37.68,-20.55,-11.71,21.28,-8.67,2.2,-17.28,14.76,-2.69,14.06
19.0,52.7,6.62,-76.13,-24.99,-10.52,51.31,-32.15,6.18,-20.86,34.12,-11.05,18.07
19.95,26.9,2.4,-25.18,-13.47,-5.39,27.08,11.42,11.78,-17.63,-5.09,-13.79,7.2
20.12,41.37,4.79,-41.66,-8.6,-16.94,33.2,-4.94,11.46,-28.59,-2.48,-28.62,-2.08
19.2,33.87,7.06,-29.57,-11.41,-4.8,34.33,7.09,11.35,-20.11,4.86,-8.18,16.07
19.26,31.07,2.63,-35.03,-17.56,-10.01,27.92,2.02,6.86,-23.51,-2.0,-19.81,-1.46
19.37,30.32,6.22,-21.6,-15.23,-10.93,14.58,-0.74,3.35,-19.65,-8.56,-22.69,-6.18
18.83,27.36,2.21,-23.72,-14.0,-11.59,10.31,-4.42,1.36,-15.07,-3.82,-14.41,-2.28
19.23,28.61,2.88,-36.36,-30.31,-23.16,15.91,-4.65,-2.4,-31.13,-6.55,-18.49,0.54
18.3,29.89,6.56,-24.2,-16.0,-10.65,19.0,0.44,2.34,-20.3,-1.26,-8.96,7.71
18.22,22.19,0.85,-18.55,-16.63,-11.42,8.21,3.6,8.48,-1.02,8.81,1.87,7.53
18.39,34.51,6.55,-34.6,-25.63,-28.71,7.66,-9.35,7.39,-15.72,8.74,-7.37,10.42
18.3,30.93,4.96,-27.59,-23.21,-20.59,6.21,-11.36,-5.89,-23.42,0.78,-8.16,3.72
18.07,40.77,10.4,-40.63,-18.83,-7.68,37.07,-1.55,12.2,-17.85,16.19,-12.14,10.35
18.83,19.72,-10.05,-34.23,-18.15,-8.12,14.9,-6.28,-4.1,-22.98,-4.39,-13.2,2.36
19.07,27.92,-6.42,-40.33,-2.47,1.3,33.16,-9.01,2.44,-20.7,14.74,-1.91,16.27
17.94,21.86,-5.69,-29.44,-18.24,-9.83,12.01,-6.88,-6.56,-25.26,-7.29,-12.73,4.79
18.23,29.64,3.03,-30.93,-18.71,-11.07,17.32,-7.9,-3.66,-19.3,8.85,-3.1,6.1
19.03,27.21,-6.63,-44.12,-24.31,-14.91,18.52,-13.48,-4.95,-28.55,3.42,-14.49,8.41
18.78,17.93,-6.31,-29.35,-20.18,-13.21,11.9,-0.85,-1.93,-22.63,-9.25,-7.37,14.72
19.5,16.4,-12.64,-38.43,-25.36,-14.92,15.12,0.62,4.3,-18.48,-2.01,-7.86,15.92
20.03,43.05,-3.75,-59.27,-10.16,-33.89,45.09,-14.29,13.14,-31.49,2.91,-14.4,15.5
19.53,22.81,-3.22,-31.34,-16.86,-10.29,24.01,7.4,10.37,-21.19,-6.79,-14.57,12.94
19.78,30.6,-2.13,-55.69,-31.0,-26.39,29.05,-8.5,7.22,-37.05,-0.35,-23.43,14.72
18.89,13.22,-13.86,-38.16,-28.22,-15.24,18.01,8.54,6.63,-20.27,-8.1,-9.97,12.93
18.69,17.45,-8.37,-35.34,-23.18,-14.4,17.89,3.42,3.59,-22.28,-6.25,-8.78,13.28
18.33,17.66,-10.43,-35.83,-21.59,-8.93,22.81,8.03,10.41,-16.36,-3.93,-15.45,5.93
19.07,33.63,7.67,-35.37,-16.85,-12.08,36.03,8.0,15.02,-31.28,-9.46,-28.29,7.25
18.66,25.45,-2.36,-35.86,-23.03,-18.92,12.63,-7.95,-3.36,-28.31,-5.96,-13.82,9.94
18.93,26.75,3.5,-27.05,-17.05,-8.02,21.93,-2.47,-7.48,-32.28,-10.69,-17.74,-1.43
18.27,32.47,6.38,-24.27,-12.61,-7.43,22.98,4.01,13.18,-10.06,9.16,-6.5,11.39
18.0,39.31,10.61,-33.23,-10.57,-2.19,35.75,-3.34,4.25,-22.83,15.96,-3.45,18.49
18.21,35.89,8.32,-37.19,-14.96,-2.15,38.14,-7.29,-6.75,-33.06,7.39,-13.36,9.19
18.22,34.95,4.41,-37.21,-8.79,-0.2,40.55,-0.88,3.37,-33.0,-7.39,-26.81,1.45
17.83,48.5,11.13,-41.66,-1.78,-2.48,45.89,-12.46,2.41,-30.41,8.56,-20.92,5.42
17.45,44.04,10.86,-35.86,-6.07,-6.06,36.67,-6.88,8.01,-28.97,0.95,-20.27,5.09
17.4,51.65,12.86,-58.44,-20.06,-18.59,37.08,-33.12,-15.36,-45.7,-4.22,-36.37,-1.06
17.77,25.24,2.45,-22.11,-16.68,-12.25,7.95,-7.23,-6.7,-21.17,-4.46,-4.86,13.36
18.25,41.6,10.43,-38.86,-18.65,-17.52,28.86,-11.85,-4.96,-48.61,-11.9,-31.23,9.8
17.76,32.66,10.3,-23.85,-15.35,-9.73,21.73,-3.23,-4.32,-31.98,-7.46,-13.09,10.42
18.8,42.59,9.57,-45.58,-15.39,-18.45,31.92,-16.92,-4.1,-43.67,1.18,-12.01,28.48
18.0,24.27,4.52,-17.33,-15.47,-11.5,9.6,-0.41,-1.92,-18.0,-3.53,0.03,16.71
18.01,33.15,7.17,-26.52,-18.92,-13.58,14.51,-8.27,-5.46,-26.36,-4.72,-19.14,-4.94
18.49,27.28,3.84,-29.33,-22.78,-16.13,21.72,9.38,12.31,-17.46,-2.71,-12.67,6.78
19.62,19.42,-6.74,-32.76,-26.02,-17.96,13.67,7.02,12.79,-9.3,3.57,-2.26,18.23
19.91,47.59,14.38,-56.06,-31.58,-22.82,43.1,-12.35,7.03,-38.35,9.66,-24.05,16.58
20.23,39.5,9.69,-47.23,-24.0,-17.21,50.27,10.67,23.27,-36.79,0.39,-23.39,27.1
19.82,19.11,-4.61,-31.55,-15.06,-4.91,31.75,13.44,9.91,-29.67,-21.3,-30.44,-0.03
20.12,32.2,5.0,-35.76,-13.77,-13.56,35.17,7.0,15.77,-31.17,-5.03,-16.65,24.82
19.88,27.66,-0.69,-38.32,-24.05,-22.92,17.47,-0.25,10.16,-23.74,-5.99,-16.59,15.86
19.71,32.82,-1.72,-40.84,-21.68,-31.36,9.0,-10.0,10.84,-13.15,9.26,-5.48,15.81
20.0,49.8,11.19,-64.35,-35.84,-33.4,43.36,-14.27,20.1,-9.76,35.22,-10.63,22.4
20.15,29.05,4.08,-38.57,-36.87,-35.3,12.21,5.42,21.44,-10.07,9.3,-5.98,17.57
19.06,29.64,5.51,-32.95,-31.45,-29.8,10.41,2.11,14.99,-9.63,9.6,-1.18,18.17
19.38,17.36,-8.05,-36.16,-38.06,-33.8,-1.49,3.81,17.73,2.57,9.55,-1.96,8.74
19.49,26.34,4.2,-27.55,-30.81,-31.57,0.64,0.06,14.87,1.14,17.31,7.47,18.63
19.72,29.39,8.5,-29.55,-32.21,-30.24,6.3,-5.98,-1.02,-22.43,3.2,-0.15,15.85
19.71,42.39,-1.07,-57.67,-18.98,-29.67,26.8,-22.48,4.28,-26.52,21.5,-3.26,22.56
19.05,31.25,-5.17,-45.08,-18.34,-24.0,15.35,-15.68,0.53,-19.12,17.54,4.49,17.83
18.05,18.7,-13.44,-48.46,-34.29,-24.53,5.96,-14.17,-3.75,-16.28,9.12,-3.0,10.82
18.26,19.31,-6.91,-32.34,-28.01,-21.43,3.76,-4.52,-1.04,-19.33,-9.69,-18.32,-4.95
18.23,31.82,6.83,-26.76,-19.17,-14.26,14.34,-3.82,5.76,-8.0,13.45,-3.37,2.53
18.8,29.75,0.47,-38.01,-27.14,-20.57,11.16,-15.95,-9.09,-30.47,-0.34,-13.51,4.64
19.1,34.59,1.83,-45.35,-29.55,-30.73,11.19,-15.67,-0.11,-26.99,5.6,-11.41,9.89
18.42,27.07,-3.52,-42.07,-30.29,-23.02,18.09,-0.84,10.77,-20.02,2.96,-15.18,9.51
18.72,18.65,-8.55,-36.21,-26.79,-18.66,11.63,2.98,9.28,-9.88,0.97,-8.51,5.77
18.74,37.03,4.09,-52.02,-29.42,-29.02,28.0,-9.0,5.95,-41.33,-11.24,-37.64,-1.9
17.01,36.92,7.37,-42.13,-23.0,-12.15,31.55,-6.9,1.99,-28.55,9.03,-12.97,12.86
17.8,21.72,-8.09,-39.45,-28.32,-18.85,9.7,-11.38,-9.42,-31.08,-11.04,-21.45,-0.34
17.53,29.49,1.66,-38.41,-28.84,-23.48,10.94,-13.04,-6.8,-28.97,0.96,-8.2,12.51
17.59,30.56,3.58,-38.45,-23.53,-13.18,28.74,-2.07,-0.29,-30.28,3.44,-8.51,12.83
16.95,17.79,-7.51,-32.11,-20.94,-12.57,12.37,-4.85,-8.23,-31.09,-15.65,-16.4,2.61
16.56,28.06,-0.97,-36.31,-29.93,-26.93,2.42,-18.48,-11.7,-34.43,-9.11,-15.44,9.92
16.75,28.21,2.37,-24.97,-9.12,-3.76,18.06,-7.94,-7.85,-30.58,-13.96,-22.32,-0.64
17.47,55.48,17.73,-58.84,-22.14,-18.47,44.7,-24.26,5.09,-37.92,6.95,-21.02,22.33
16.64,18.97,-9.03,-39.0,-29.76,-24.49,-1.56,-22.59,-20.78,-36.83,-13.69,-15.48,4.09
16.8,27.47,0.22,-35.2,-24.91,-18.43,17.71,-6.12,-4.57,-35.63,-9.41,-15.31,14.25
16.8,26.44,-5.3,-36.42,-8.27,-3.83,23.47,-12.47,-7.63,-30.14,-2.04,-9.61,13.16
18.05,23.58,-10.64,-51.24,-22.09,-6.94,35.77,-6.95,-0.22,-33.8,5.37,-12.69,17.2
17.9,18.39,-10.37,-42.77,-27.64,-18.65,13.91,-7.66,-4.59,-28.09,-3.67,-8.47,12.51
17.68,25.92,-3.28,-38.65,-20.45,-10.71,18.07,-15.65,-8.14,-21.26,17.1,3.73,16.7
17.83,37.9,-5.29,-53.36,-13.49,-23.75,28.89,-14.79,10.86,-18.95,16.41,-5.33,16.51
18.21,24.56,-9.32,-52.71,-35.99,-24.63,20.84,-4.61,6.53,-20.71,13.38,-3.31,21.18
17.47,15.29,-11.53,-34.44,-23.69,-14.86,7.51,-4.36,-0.72,-11.88,3.91,0.79,12.1
17.32,31.21,-6.61,-61.35,-42.12,-38.0,8.57,-21.59,5.16,-17.64,24.29,2.7,27.76
17.23,15.56,-12.21,-41.29,-36.0,-28.0,0.53,-7.83,-1.76,-15.08,3.45,0.17,13.98
17.18,30.32,-2.67,-42.59,-22.69,-17.72,19.46,-9.41,1.35,-22.69,11.27,-2.33,18.96
16.86,27.78,-4.25,-47.07,-28.41,-23.32,19.82,-6.24,3.7,-28.19,0.08,-13.05,15.19
16.76,29.0,-3.95,-42.66,-16.03,-10.61,23.18,-6.46,5.37,-20.27,2.89,-16.46,5.29
17.67,16.82,-13.88,-43.86,-18.86,-7.44,21.58,-8.45,-2.94,-20.96,7.12,-3.03,14.03
18.68,15.38,-16.01,-36.99,-9.81,2.08,21.28,-10.38,-5.7,-18.04,10.48,0.12,14.11
18.71,26.14,-9.91,-46.38,-4.26,1.18,31.13,-21.18,-7.83,-24.43,22.33,2.8,19.33
18.16,17.25,-20.32,-57.09,-26.11,-11.5,18.73,-23.88,-8.32,-18.65,28.27,4.9,18.47
18.12,18.26,-21.94,-66.42,-28.72,-14.36,24.84,-20.11,-1.6,-14.54,33.76,9.99,24.32
17.99,12.58,-23.55,-54.91,-28.3,-13.08,14.46,-20.14,-8.44,-16.39,25.61,10.32,21.88
16.76,12.02,-19.82,-43.93,-18.46,-9.03,10.17,-16.49,-4.98,-8.47,20.37,8.12,14.86
16.64,19.0,-15.6,-43.19,-14.89,-0.14,25.02,-10.87,-5.08,-24.27,7.65,-9.55,9.06
16.31,36.1,-10.59,-49.17,3.77,-18.15,37.25,-18.86,6.02,-16.75,15.42,-0.24,9.9
17.32,11.65,-25.08,-59.56,-38.19,-22.07,11.02,-15.66,-6.5,-23.46,4.95,-12.66,3.99
17.5,20.3,-12.57,-54.59,-32.09,-12.51,31.23,0.94,7.76,-14.84,16.62,-6.19,7.01
17.45,18.42,-15.09,-50.21,-27.68,-11.04,28.1,2.35,9.01,-18.45,4.31,-16.83,1.62
18.44,35.74,-11.53,-64.95,-11.29,-20.62,49.74,-7.63,13.69,-34.84,1.08,-23.15,7.92
19.42,31.17,0.08,-45.14,-27.68,-17.94,33.04,9.45,22.63,-18.95,1.69,-28.52,-3.3
18.96,20.75,-2.96,-31.37,-26.31,-18.89,17.51,15.63,24.59,1.3,6.23,-11.8,-3.11
19.97,37.42,0.31,-48.34,-17.7,-21.35,35.92,5.98,26.57,-16.82,8.27,-18.63,7.99
19.14,16.43,-6.71,-26.62,-20.49,-10.5,14.49,10.42,11.52,-3.87,1.75,-4.94,1.92
19.83,34.46,1.15,-39.38,-17.88,-25.75,18.21,-0.59,26.14,2.24,21.56,-8.44,3.92
19.63,47.14,2.57,-49.7,-6.65,-32.67,42.84,-1.19,34.28,-2.2,17.35,-15.47,2.01
18.86,29.08,1.94,-33.34,-21.64,-14.22,25.08,10.6,21.97,-3.54,11.09,-12.26,-0.46
18.49,24.46,-3.97,-39.26,-26.56,-17.62,20.18,4.82,13.93,-10.75,3.22,-19.63,-9.35
18.04,27.73,-2.67,-35.89,-20.36,-11.41,21.52,1.21,10.92,-11.13,7.25,-15.71,-2.34
18.4,45.92,0.02,-65.86,-13.95,-9.21,54.91,-4.94,24.39,-8.2,28.69,-23.8,2.02
17.74,32.77,-2.44,-41.34,-12.6,-0.27,36.39,-5.6,3.95,-22.15,11.61,-18.21,0.44
17.96,30.02,4.38,-23.48,-6.72,-1.82,21.08,-5.36,-4.57,-26.44,-7.91,-17.36,-2.1
19.11,27.47,1.95,-25.01,-9.4,2.1,33.66,11.31,8.64,-25.13,-12.36,-26.38,-4.72
19.03,53.88,11.08,-51.13,-4.61,-22.61,53.12,-13.73,5.86,-40.49,-6.54,-37.36,3.45
18.29,24.29,-0.73,-23.88,-10.45,2.73,31.03,14.46,12.12,-14.49,-7.61,-24.63,-13.36
18.11,28.66,4.25,-29.99,-21.29,-14.51,22.63,6.89,12.24,-13.5,4.8,-9.91,2.08
18.33,44.83,7.56,-45.19,-17.53,-14.35,36.94,-4.5,16.27,-27.0,5.35,-32.51,-4.15
17.96,35.74,4.88,-39.63,-17.16,-11.08,34.46,5.79,16.63,-21.65,0.09,-25.74,-4.4
17.63,35.81,4.92,-48.35,-28.27,-16.78,35.84,-5.35,2.82,-39.48,-7.52,-37.74,-7.77
17.98,35.54,6.16,-35.29,-12.02,-7.13,35.26,3.4,10.27,-27.94,-3.9,-22.72,5.53
17.93,26.63,0.54,-30.75,-17.4,-5.05,30.61,11.83,15.04,-11.77,2.81,-18.2,-4.38
18.13,56.8,13.58,-54.35,-2.02,-6.77,64.94,-6.92,15.06,-31.19,5.06,-41.0,-4.35
17.72,30.9,6.31,-28.36,-21.17,-15.41,22.91,5.45,10.66,-18.64,0.1,-17.08,0.15
17.1,27.31,4.0,-25.54,-9.82,3.14,38.22,14.19,8.01,-26.0,-15.58,-34.0,-19.72
16.62,47.56,14.74,-44.53,-18.49,-9.15,47.25,-1.32,13.63,-24.7,10.51,-28.62,2.73
16.94,52.18,12.38,-55.34,-15.29,-20.49,44.33,-21.15,6.97,-32.21,1.31,-24.88,6.42
16.85,26.44,0.37,-23.65,-14.16,-8.87,11.91,-5.54,-5.79,-28.29,-20.27,-34.46,-20.93
17.62,37.19,16.06,-17.64,-5.72,2.63,32.72,-1.73,-5.31,-31.72,-5.65,-14.46,4.57
17.69,42.05,12.82,-19.9,7.29,0.42,30.78,-5.17,4.79,-21.13,4.25,-11.02,3.19
17.47,37.73,14.75,-26.39,-10.95,-0.44,44.99,12.21,10.53,-27.59,0.69,-13.97,10.39
17.35,30.29,8.43,-22.08,-12.26,-5.03,25.14,1.96,-0.98,-26.18,-5.14,-13.75,-0.9
17.33,34.91,6.99,-28.82,-5.52,2.4,34.02,0.05,6.35,-17.99,9.72,-9.2,7.37
17.61,43.22,16.26,-27.61,-11.71,-8.94,26.26,-8.18,4.1,-15.86,18.76,-0.88,12.99
17.95,58.4,23.16,-42.65,-11.97,-13.37,40.86,-25.18,2.9,-16.43,30.63,-5.49,17.36
17.49,49.71,13.27,-33.98,-6.7,-18.11,22.89,-17.46,8.11,-14.35,22.27,-5.66,13.79
17.33,32.08,6.15,-23.34,-11.05,-10.02,11.96,-8.74,-0.4,-15.13,5.83,-1.16,16.25
18.1,31.66,4.5,-27.03,-14.89,-11.14,7.3,-24.19,-17.38,-26.4,7.91,-3.97,6.5
17.73,29.74,8.3,-17.75,-13.52,-11.55,6.47,-13.53,-14.77,-29.51,-7.97,-7.72,7.11
17.56,46.71,13.79,-27.37,1.55,-10.21,18.79,-24.4,-8.0,-27.64,10.36,-6.41,12.5
18.41,28.78,10.04,-11.21,-12.51,-14.81,-3.21,-16.57,-15.41,-22.38,-4.53,-2.01,9.51
17.27,47.43,19.82,-29.73,-8.08,-4.74,25.78,-26.97,-14.59,-29.35,22.74,0.5,14.87
17.78,30.72,7.04,-19.76,-9.58,-7.71,7.42,-18.32,-11.63,-15.63,13.27,5.1,10.94
18.13,32.32,9.83,-15.28,-6.14,-4.45,7.69,-21.94,-18.62,-22.29,12.11,8.38,17.17
17.66,36.57,15.55,-17.3,-15.63,-17.22,6.15,-10.93,1.33,-8.81,16.34,4.23,11.9
17.84,41.84,15.54,-28.01,-14.45,-16.23,11.18,-25.64,-10.14,-19.18,25.97,7.36,17.05
17.51,21.05,2.09,-13.71,-13.73,-13.81,-2.77,-7.85,-1.12,-0.63,12.35,9.11,6.8
17.6,42.35,15.42,-37.03,-22.6,-17.55,18.8,-24.32,-14.01,-29.62,13.69,-6.05,9.09
17.58,33.88,5.64,-37.93,-24.69,-16.89,14.82,-22.22,-15.31,-27.13,19.65,5.05,18.09
17.58,29.03,3.92,-30.53,-19.86,-14.89,13.99,-13.5,-7.43,-20.69,16.58,10.22,23.89
16.19,27.04,2.59,-27.97,-18.92,-11.23,15.94,-5.85,-2.95,-13.78,16.98,12.84,23.14
16.16,40.24,15.67,-42.58,-29.01,-11.79,30.65,-22.26,-16.08,-22.07,30.11,-2.53,1.61
16.92,28.64,7.2,-19.06,-16.36,-19.21,-2.59,-19.21,-10.6,-15.36,10.59,8.73,17.65
16.87,42.62,9.91,-32.24,-4.81,-23.48,8.83,-34.64,-11.99,-22.82,26.36,13.55,27.13
16.03,48.5,17.58,-44.92,-20.24,-20.19,26.61,-27.24,-5.91,-23.09,30.55,7.74,29.24
16.77,40.45,14.12,-30.34,-20.9,-19.47,11.27,-26.17,-18.51,-37.26,0.99,-14.07,3.5
16.7,29.9,5.8,-30.97,-30.6,-30.57,-1.59,-19.44,-15.3,-34.97,-11.64,-17.66,2.43
16.39,27.2,2.93,-22.84,-14.97,-9.96,12.46,-8.95,-10.97,-30.98,-9.31,-10.7,9.51
16.66,51.97,21.43,-52.18,-28.04,-13.09,36.98,-29.35,-16.06,-38.04,7.88,-32.0,8.78
16.68,43.61,14.36,-39.48,-25.01,-21.98,14.76,-34.42,-24.41,-43.4,5.49,-14.06,11.34
16.35,33.88,5.2,-35.02,-26.36,-27.42,3.17,-18.34,-3.77,-21.43,5.55,-7.28,12.36
16.36,42.75,11.94,-41.9,-24.64,-23.22,16.6,-26.44,-14.28,-40.03,0.63,-17.47,10.12
16.76,27.94,7.72,-16.7,-16.09,-15.06,4.74,-7.4,-8.19,-24.81,-10.85,-8.59,9.93
17.81,38.87,15.57,-15.33,-8.25,-10.93,8.24,-20.67,-16.96,-35.45,-7.16,-14.26,6.67
16.8,55.41,25.44,-31.41,-5.67,-1.72,32.43,-24.02,-9.95,-30.59,13.86,-18.36,11.35
16.93,39.2,10.5,-28.25,0.31,-3.61,22.69,-22.69,-17.61,-46.67,-9.67,-18.51,10.72
16.95,33.41,9.47,-22.01,-9.11,-6.28,18.01,-11.49,-8.96,-28.53,-2.36,-9.44,8.36
16.95,44.08,7.83,-37.87,-9.48,-20.89,18.86,-26.12,-11.34,-41.79,-3.46,-19.36,9.64
16.66,26.1,3.3,-23.94,-16.59,-12.26,10.55,-9.79,-9.9,-25.22,-0.28,-0.37,14.84
17.74,56.99,18.69,-55.68,-22.49,-14.54,42.59,-28.19,3.36,-26.26,20.59,-26.97,7.19
17.49,27.81,5.42,-26.42,-25.06,-23.32,7.91,-3.02,0.48,-23.93,-9.36,-15.86,0.91
17.24,28.77,3.03,-28.64,-23.19,-18.41,12.65,-1.25,5.95,-16.7,-0.09,-12.73,5.18
16.75,27.63,6.06,-17.15,-12.72,-9.62,9.19,-2.26,0.28,-14.5,-6.59,-15.34,-5.85
17.81,54.54,12.0,-42.61,-0.87,-14.29,29.89,-31.4,-6.31,-42.32,1.69,-31.22,-2.19
17.74,47.62,21.86,-27.61,-12.55,-3.78,28.74,-20.24,-13.56,-32.03,13.45,-12.79,6.39
18.01,29.53,6.02,-21.87,-1.83,6.24,24.62,-17.06,-19.62,-33.78,2.37,-7.26,6.06
17.67,34.58,3.05,-41.32,-7.92,4.21,33.6,-26.51,-17.97,-33.41,16.79,-10.77,5.84
17.79,51.21,6.48,-56.41,-14.75,-22.54,28.7,-37.59,-5.0,-33.81,19.19,-13.15,13.05
17.82,21.94,-4.94,-34.89,-24.49,-20.87,1.55,-22.85,-23.08,-41.26,-14.17,-12.94,7.64
17.86,29.21,2.22,-33.34,-19.27,-11.63,21.71,-6.91,-4.58,-29.92,2.74,-3.98,22.21
17.79,29.56,4.36,-31.92,-22.06,-13.7,21.06,-4.65,-4.83,-27.95,3.64,-2.98,12.3
17.84,41.35,6.59,-39.07,-7.65,-11.23,29.79,-14.65,-1.12,-31.67,7.3,-9.12,19.36
17.39,24.42,-3.27,-35.88,-22.23,-17.09,8.54,-19.84,-19.43,-38.28,-7.38,-8.91,11.81
17.36,38.14,6.48,-40.65,-20.25,-18.08,16.31,-24.21,-14.34,-39.89,-0.35,-15.94,11.34
16.96,35.1,3.9,-40.31,-25.14,-20.95,14.14,-16.36,-2.99,-24.31,7.81,-10.65,6.53
17.15,38.29,4.02,-39.99,-21.88,-15.14,20.15,-15.57,-0.23,-22.98,12.68,-16.69,0.2
17.46,17.35,-7.78,-28.41,-21.73,-17.61,-3.53,-16.95,-14.32,-21.82,-9.78,-15.58,-8.84
18.09,40.92,9.01,-39.51,-16.05,-8.39,32.99,-7.99,1.25,-29.68,9.51,-15.58,9.61
17.0,28.27,1.61,-26.61,-10.73,-8.03,8.35,-21.14,-12.84,-18.48,12.62,0.61,5.35
17.13,45.69,8.44,-60.15,-28.25,-14.01,32.03,-38.53,-20.9,-42.95,21.67,-12.79,15.28
17.07,45.91,7.18,-45.23,-15.87,-27.01,18.22,-28.16,-5.64,-33.31,8.52,-14.37,9.53
16.89,26.55,1.36,-30.03,-21.82,-14.28,12.67,-7.63,-3.76,-18.41,7.58,-0.68,9.76
16.77,39.13,4.94,-49.14,-26.75,-22.61,23.27,-14.94,2.32,-27.4,15.61,-6.66,20.87
16.9,33.1,3.73,-42.19,-29.09,-19.98,19.58,-12.28,-6.33,-30.7,5.89,-9.77,11.54
17.01,20.95,-3.79,-26.99,-19.85,-14.51,6.36,-4.55,-1.59,-15.71,-4.27,-9.03,3.28
17.5,38.7,9.97,-34.4,-14.11,-4.23,27.91,-16.09,-9.84,-28.91,8.63,-15.31,0.19
17.2,31.08,12.36,-14.92,-6.58,4.34,34.21,11.5,3.65,-23.14,-4.69,-9.96,6.93
17.86,26.53,3.13,-19.53,-3.05,8.15,29.95,2.95,-0.65,-19.78,1.33,-7.72,4.58
17.92,26.77,2.96,-23.63,-4.86,7.08,31.06,-0.82,-2.42,-18.81,7.29,-5.83,2.6
17.49,29.88,0.23,-28.79,-8.6,-1.06,19.6,-14.35,-3.8,-14.74,16.75,-6.37,0.28
17.19,40.0,4.16,-42.11,-6.98,-0.85,38.59,-8.39,11.1,-13.32,20.7,-12.86,0.83
16.99,35.22,1.24,-31.08,-6.52,3.32,34.99,2.0,13.2,-12.56,16.58,-9.67,9.18
16.72,40.22,12.07,-37.8,-17.22,-0.2,37.1,-11.8,-3.75,-17.14,27.72,-7.06,4.01
16.66,36.71,10.6,-39.21,-15.82,1.33,46.21,3.85,9.94,-14.48,20.4,-6.18,7.62
15.41,31.16,10.93,-20.29,-11.23,-0.19,32.91,9.96,3.28,-20.19,4.04,-3.77,7.98
15.38,38.77,11.04,-34.64,-9.91,4.54,42.12,-2.47,4.05,-11.94,26.14,-0.51,11.99
14.81,30.07,5.21,-25.02,-7.59,2.69,31.34,4.92,7.35,-13.26,9.55,-1.62,11.27
15.28,25.38,4.08,-15.92,-12.34,-5.99,11.68,2.01,4.1,-5.08,6.34,-0.68,2.77
16.92,33.62,11.15,-19.32,-15.96,-19.61,1.96,-13.48,-2.2,-13.52,8.16,-1.34,7.23
18.06,26.31,8.18,-10.79,-14.69,-21.22,-10.68,-15.39,-0.15,3.78,20.75,11.93,11.31
17.89,46.08,15.87,-38.28,-22.37,-29.93,11.17,-30.57,-4.67,-19.66,30.0,1.75,15.34
17.71,42.21,17.77,-30.15,-22.89,-22.91,13.07,-16.66,-4.54,-22.84,14.2,-5.86,5.78
17.75,45.64,16.81,-34.0,-18.11,-17.31,22.67,-11.35,5.37,-20.89,13.93,-15.23,5.91
18.15,29.18,7.3,-13.99,-14.86,-14.72,-0.13,-5.61,3.39,-1.45,8.88,-2.0,-0.08
18.18,22.94,2.27,-17.59,-18.95,-18.31,-3.23,-6.74,-0.23,-5.45,2.94,-2.79,1.11
17.98,22.08,1.37,-16.19,-19.79,-17.24,-1.4,-1.28,0.22,-9.47,-4.76,-5.53,1.64
18.35,42.77,7.64,-50.93,-26.43,-28.18,29.29,-4.18,27.52,-7.39,26.15,-6.17,21.86
18.49,16.54,-9.12,-31.58,-28.9,-23.01,2.36,2.97,13.67,1.31,6.51,-5.1,5.64
18.1,39.8,6.19,-46.31,-22.36,-21.8,27.02,-4.74,17.89,-15.55,13.42,-21.47,5.27
17.33,29.79,-9.8,-48.31,-14.16,-20.97,11.11,-23.99,-1.29,-15.05,17.21,-1.52,13.84
18.77,29.21,-11.74,-52.45,-14.13,-19.35,15.12,-29.01,-12.86,-34.94,3.65,-15.2,2.39
19.76,34.61,-9.32,-67.56,-19.21,-13.69,21.0,-51.59,-26.11,-44.98,13.93,-21.82,5.64
20.87,45.92,-13.6,-81.07,-3.52,-27.6,45.39,-70.98,-16.78,-39.37,11.41,-2.88,8.69
20.09,21.83,-10.23,-44.98,-20.65,-10.95,16.15,-26.03,-19.79,-35.47,7.89,-4.15,15.55
18.67,25.38,-6.16,-37.73,-12.11,-6.19,18.91,-14.59,-7.57,-25.39,2.4,-11.12,4.36
18.97,28.88,-3.48,-43.27,-19.34,-10.89,19.0,-24.44,-16.04,-36.08,4.44,-14.9,4.18
18.56,30.01,-2.34,-41.08,-19.83,-20.07,13.25,-17.94,-6.43,-25.14,13.56,7.66,27.53
18.61,30.61,-0.61,-38.13,-21.24,-16.28,16.33,-12.48,-1.52,-21.81,11.47,-2.1,17.37
17.88,39.78,7.79,-38.29,-7.6,-2.01,32.1,-21.37,-9.84,-30.85,16.2,-6.66,15.66
17.89,30.42,1.24,-31.04,-7.01,-1.18,25.16,-14.98,-7.26,-27.22,13.5,1.41,21.58
17.78,16.98,-5.73,-20.72,2.56,14.62,28.71,-3.41,-12.23,-28.33,-8.38,-11.65,2.15
17.88,21.59,-5.05,-28.7,-5.67,7.4,30.29,-3.91,-9.13,-33.12,-9.54,-20.57,-2.78
17.5,21.37,-7.27,-33.49,-16.42,-11.83,5.51,-21.55,-17.14,-27.99,-4.97,-13.23,-2.14
17.3,28.24,-3.2,-34.72,-16.85,-8.38,18.86,-8.22,0.83,-16.27,12.43,-2.3,14.44
16.67,19.93,-8.92,-38.76,-20.7,-12.21,14.28,-10.75,-5.48,-21.24,5.07,-3.0,12.28
16.34,19.36,-9.32,-33.33,-21.84,-11.33,12.78,-1.69,0.33,-19.19,-6.94,-17.03,-2.45
15.83,22.5,-8.56,-45.44,-28.19,-17.19,14.86,-14.69,-9.1,-28.41,0.36,-13.02,1.67
16.53,32.15,-1.51,-51.74,-24.22,-10.3,29.2,-15.28,-2.29,-24.25,14.52,-13.11,8.23
16.14,36.32,-0.38,-62.05,-29.15,-12.12,29.85,-26.96,-12.27,-46.23,-1.67,-32.11,5.97
16.1,23.38,-4.66,-38.35,-26.46,-15.65,14.49,-9.74,-6.68,-22.71,6.09,-6.14,5.29
16.44,42.38,2.02,-50.64,-15.05,-20.52,23.5,-21.3,1.36,-33.36,5.08,-20.44,7.96
16.98,26.45,-0.57,-29.47,-17.17,-8.89,18.63,-4.62,-5.04,-30.04,-9.04,-16.85,5.61
18.17,28.93,8.21,-16.56,-7.92,-2.3,17.52,-7.64,-15.06,-35.89,-15.55,-15.42,3.14
18.94,50.42,19.53,-26.74,8.04,4.29,39.15,-27.39,-19.53,-44.21,13.41,-6.69,19.73
18.82,30.17,10.2,-9.71,-2.21,-2.48,9.43,-11.72,-16.07,-32.58,-18.05,-18.3,-1.55
17.66,33.42,4.23,-27.03,-8.25,-3.55,24.09,-9.24,-5.28,-31.48,-0.93,-11.61,14.99
17.86,33.27,6.86,-31.64,-14.34,-5.56,24.3,-14.7,-13.3,-34.5,1.71,-11.44,8.25
17.33,46.56,6.02,-51.21,-14.14,-20.62,23.64,-35.66,-16.14,-43.02,9.83,-17.75,10.52
16.92,30.87,5.67,-32.65,-13.75,-6.36,21.66,-25.94,-26.3,-46.79,1.92,-5.53,16.59
16.93,39.89,5.54,-33.9,-0.26,5.92,34.49,-19.67,-6.85,-32.3,14.92,-9.85,16.2
16.82,35.57,4.85,-39.3,-15.71,-11.4,18.43,-30.48,-25.64,-49.55,-8.67,-22.83,3.37
16.54,39.14,4.33,-35.1,-1.56,-2.44,27.61,-24.42,-14.78,-41.9,-1.72,-18.74,5.57
16.55,30.48,6.99,-24.3,-0.39,8.4,31.34,-18.3,-25.36,-48.48,-8.5,-16.12,6.54
15.93,26.83,-0.42,-27.92,-7.58,-0.48,20.08,-14.88,-17.4,-39.43,-14.42,-25.0,-5.76
16.27,41.57,13.12,-48.62,-20.8,6.4,47.88,-33.76,-33.2,-44.48,20.26,-27.46,-8.27
17.05,27.49,0.8,-27.96,-8.4,4.4,30.25,-3.4,-6.75,-29.46,-7.07,-24.53,-10.33
17.48,23.7,-2.35,-33.52,-16.84,-2.96,30.76,5.21,0.72,-31.38,-19.03,-37.72,-20.28
16.88,28.46,3.76,-19.53,-9.31,-2.78,13.83,-8.84,-9.93,-24.7,-7.79,-19.32,-11.92
16.42,37.95,0.95,-42.24,-13.38,-23.11,16.21,-18.62,-3.76,-35.39,-4.95,-20.88,7.68
16.65,28.15,4.24,-29.4,-26.55,-22.6,8.64,-6.66,-7.4,-33.64,-15.16,-19.01,3.29
16.18,33.81,8.06,-29.99,-12.63,-1.63,32.13,-1.74,-1.62,-28.17,-0.02,-12.19,10.29
16.34,50.54,11.39,-47.0,-16.87,-16.3,21.52,-26.67,-5.13,-36.32,7.49,-27.33,8.47
18.37,48.56,13.23,-39.69,-14.32,-26.9,19.3,-17.77,4.98,-30.85,1.89,-22.08,8.13
18.73,35.67,10.79,-23.33,-19.61,-19.85,4.96,-15.02,-6.95,-24.34,-0.57,-10.71,8.07
18.76,28.71,4.34,-27.66,-24.52,-23.15,4.03,-7.15,4.03,-7.93,14.44,8.32,21.35
19.16,22.87,-3.65,-32.52,-34.56,-33.4,-11.85,-17.21,-6.88,-13.98,2.95,-2.41,9.65
18.85,20.54,-2.59,-27.08,-27.63,-24.7,-1.88,-4.01,4.05,-6.33,3.37,-1.99,8.75
18.96,33.35,3.89,-36.45,-28.65,-33.55,2.15,-13.24,6.25,-15.47,7.48,-8.35,12.85
18.48,40.43,7.95,-32.09,-13.11,-29.48,7.77,-14.82,10.06,-10.71,14.14,-5.04,12.96
18.6,43.67,4.37,-57.98,-36.35,-46.54,0.83,-43.69,-16.31,-40.04,10.05,-15.97,12.99
17.16,31.43,3.91,-34.32,-27.43,-25.64,5.13,-14.69,-4.99,-21.43,4.59,-9.28,4.06
17.38,24.62,-4.84,-40.93,-34.62,-28.98,2.62,-16.75,-10.08,-29.36,-0.75,-5.58,17.72
17.06,27.01,3.76,-21.58,-15.1,-12.85,6.96,-9.34,-6.82,-19.38,0.33,-0.08,13.78
17.51,41.97,11.11,-52.01,-41.37,-41.0,12.63,-24.09,-2.51,-30.57,11.0,-14.64,16.98
17.05,26.05,0.54,-32.76,-27.59,-22.45,3.71,-15.3,-9.19,-17.99,11.96,5.13,12.57
18.39,33.41,-7.34,-54.8,-20.18,-24.27,13.72,-31.04,-8.36,-26.52,18.67,0.65,19.53
20.2,19.46,-19.57,-56.73,-19.31,-17.4,15.41,-26.19,-11.47,-32.93,6.2,-4.51,19.21
19.77,44.69,-9.35,-71.19,-1.29,-19.16,33.27,-44.51,-5.44,-36.48,15.15,-12.54,18.65
19.23,23.19,-6.99,-43.22,-22.5,-11.73,18.07,-16.32,-8.34,-20.51,18.62,6.26,18.89
18.93,18.13,-14.43,-39.57,-21.91,-11.58,8.76,-16.29,-9.03,-19.3,8.39,-3.22,9.71
18.09,36.42,-3.53,-65.31,-33.64,-27.23,14.98,-44.16,-22.11,-45.78,10.52,-15.84,14.68
18.28,19.96,-10.16,-45.37,-31.09,-21.63,8.75,-20.65,-15.99,-28.92,11.54,6.11,20.78
18.19,17.71,-11.76,-40.19,-23.3,-18.36,1.13,-26.6,-17.73,-20.6,15.29,8.93,15.0
16.95,23.82,-4.54,-29.15,-16.23,-11.68,3.17,-20.54,-7.64,-6.95,22.88,9.53,13.45
16.72,35.83,0.76,-52.29,-24.48,-11.87,26.51,-25.11,-11.57,-30.68,19.4,-6.32,14.37
16.97,36.15,9.99,-24.93,-15.54,-14.74,6.21,-24.55,-14.53,-20.62,15.52,2.4,11.45
17.88,45.49,15.23,-47.36,-19.97,-4.11,35.3,-39.84,-31.91,-41.63,29.34,-6.42,15.97
17.76,30.99,7.5,-21.74,-12.13,-9.87,5.1,-27.82,-27.37,-34.73,3.71,3.62,19.05
17.38,24.07,4.74,-12.61,-6.42,-5.28,3.25,-17.56,-21.39,-29.86,-9.97,-6.21,6.14
17.61,26.06,6.44,-14.93,-13.54,-16.04,-8.5,-31.64,-32.22,-34.86,-7.38,-3.23,8.46
16.61,19.82,0.34,-14.49,-13.95,-13.91,-8.65,-20.67,-20.8,-20.31,-4.42,-0.15,5.97
16.43,35.02,6.33,-34.08,-12.26,-8.33,16.02,-29.97,-23.61,-35.51,13.08,1.58,18.36
16.59,29.52,-7.3,-47.88,-7.81,-7.24,21.95,-34.83,-19.31,-33.27,22.42,7.76,24.7
17.12,27.74,-7.84,-50.01,-12.9,-0.89,25.04,-40.1,-29.36,-42.82,13.91,-9.78,13.38
17.46,37.83,1.92,-44.5,0.33,4.35,32.84,-36.45,-21.03,-40.97,14.91,-9.84,19.07
17.59,41.13,3.53,-56.65,-14.34,-7.06,28.42,-39.27,-22.1,-46.08,4.65,-21.58,11.3
16.97,44.28,-3.93,-67.71,-9.68,-18.82,27.86,-46.45,-19.06,-45.82,10.02,-14.13,18.19
16.94,18.09,-11.99,-42.23,-17.66,-5.26,17.82,-26.45,-26.11,-37.03,10.34,2.13,15.38
17.15,23.22,-17.46,-55.47,-21.4,-24.66,7.08,-29.21,-10.74,-24.96,13.87,2.34,21.17
16.73,30.51,-5.27,-47.0,-16.37,-11.26,22.2,-22.94,-13.37,-36.18,6.01,-9.96,15.82
17.59,17.0,-16.78,-54.3,-26.31,-13.4,19.56,-17.88,-8.77,-23.26,17.16,1.94,15.19
17.9,25.02,-8.07,-53.43,-25.15,-8.47,27.55,-22.92,-14.25,-27.49,23.6,2.15,18.91
17.94,24.5,-4.49,-33.82,-11.44,-3.4,18.42,-13.04,-4.9,-14.9,14.48,-0.71,6.33
18.16,47.53,7.81,-56.37,-12.26,-1.3,36.23,-33.97,-10.11,-29.27,31.06,-9.33,15.26
18.2,23.94,-7.25,-43.07,-20.03,-13.92,7.82,-34.86,-27.05,-34.71,10.63,0.74,16.04
17.66,37.53,2.4,-46.35,-11.1,-9.51,18.25,-42.18,-20.41,-28.66,29.44,4.78,23.13
17.65,30.69,-2.14,-41.45,-11.52,-9.31,16.51,-29.53,-15.77,-28.72,17.97,0.33,16.65
17.4,39.95,-1.38,-55.79,-15.35,-17.95,22.93,-35.13,-11.43,-26.46,30.92,-0.27,17.2
17.26,30.29,0.39,-38.36,-15.45,-9.02,20.69,-17.51,-6.04,-18.65,26.17,13.52,28.59
17.9,24.9,-9.27,-52.19,-27.32,-17.03,12.27,-34.35,-21.79,-28.65,25.55,10.31,27.21
18.67,23.96,-7.33,-40.67,-6.49,2.33,27.75,-21.77,-17.02,-34.15,10.77,0.39,23.01
17.66,19.76,-9.18,-36.25,-14.27,-2.41,23.41,-8.72,-10.04,-28.63,4.88,-0.04,16.78
17.29,35.43,-11.94,-70.35,-17.18,-17.29,27.6,-37.41,-15.12,-44.46,11.64,-13.93,29.57
16.99,31.08,-4.36,-47.35,-19.86,-12.63,16.73,-30.66,-19.38,-36.96,12.91,-3.58,21.38
16.18,19.26,-10.57,-43.77,-28.31,-18.9,10.91,-13.68,-8.61,-24.57,5.03,0.32,19.13
16.73,20.0,-9.82,-39.66,-23.04,-12.24,12.46,-17.28,-15.34,-29.6,1.23,-5.74,10.93
16.9,30.89,-3.79,-46.09,-17.27,-13.06,19.1,-20.82,-3.81,-20.35,23.34,9.15,29.93
17.19,33.45,-2.28,-51.92,-28.4,-17.68,19.62,-30.13,-16.52,-30.5,25.3,1.57,19.94
17.58,36.28,-6.71,-63.46,-21.17,-17.51,22.2,-38.17,-15.28,-35.03,19.41,-11.06,15.33
17.09,21.22,-6.3,-31.75,-15.51,-6.81,17.12,-8.02,-5.42,-19.33,8.6,2.91,17.28
17.27,18.09,-12.9,-49.16,-28.45,-16.45,14.93,-19.75,-16.34,-34.04,3.34,-3.2,18.52
17.53,20.23,-15.39,-49.23,-25.43,-18.08,13.06,-17.14,-6.41,-24.82,10.07,0.83,20.51
17.77,41.42,-5.04,-65.4,-10.68,-9.51,34.16,-35.37,-5.11,-31.39,28.6,-7.52,23.01
17.25,15.55,-14.21,-32.16,-13.3,-0.95,13.64,-9.94,-6.87,-12.73,11.81,4.74,13.52
17.89,28.98,-12.31,-66.9,-20.78,-7.33,29.7,-41.92,-20.9,-36.6,24.39,-7.19,18.53
16.62,29.97,-5.15,-44.57,-12.24,-3.34,30.85,-16.53,-9.0,-34.68,4.09,-14.29,12.44
16.77,27.67,0.15,-32.57,-10.12,-2.19,24.71,-13.51,-12.56,-33.29,2.31,-2.24,21.08
17.4,52.26,8.8,-71.11,-20.94,-3.56,50.12,-50.85,-16.28,-38.87,29.01,-8.34,13.97
16.44,30.35,-1.54,-39.65,-17.08,-12.58,13.03,-25.62,-16.87,-32.5,2.92,-10.2,9.98
16.76,31.1,-4.93,-54.04,-24.0,-16.45,13.9,-38.24,-26.21,-42.4,6.86,-14.57,8.31
16.89,34.74,-5.58,-48.86,-3.91,-6.97,34.46,-21.68,-8.1,-38.91,7.15,-8.09,18.77
16.35,20.08,-11.24,-33.7,-11.21,-0.87,14.22,-21.0,-19.73,-34.01,-3.66,-11.68,9.83
16.32,33.87,-9.71,-49.53,0.49,-14.14,29.55,-25.4,-5.73,-29.17,14.79,3.23,23.64
16.21,25.18,-9.96,-41.72,-16.6,-6.97,16.97,-24.41,-14.92,-31.83,7.29,-8.89,13.31
15.52,17.12,-9.82,-30.06,-12.33,-5.23,8.9,-15.24,-12.11,-18.43,3.7,0.32,11.19
15.72,32.58,-3.09,-42.87,-13.32,-9.38,21.51,-18.65,-3.73,-22.3,19.13,2.13,22.02
16.71,31.13,2.44,-36.41,-22.6,-18.95,9.94,-20.68,-11.16,-24.71,12.85,2.55,18.05
17.35,34.52,8.86,-30.39,-18.79,-18.13,16.92,-9.01,3.25,-19.35,16.83,7.47,33.43
17.06,29.68,-1.48,-35.3,-13.24,-9.72,15.41,-16.42,-4.52,-17.86,12.55,-0.07,13.71
16.72,28.57,-1.54,-34.63,-8.41,0.66,25.89,-19.27,-14.9,-34.73,8.63,-3.37,21.44
16.64,44.19,11.32,-56.76,-23.4,2.33,32.92,-51.99,-26.66,-30.39,27.42,-19.62,13.16
17.96,18.86,-9.1,-32.41,-11.92,-5.18,10.36,-24.69,-19.73,-26.59,13.3,9.43,24.25
17.07,25.81,-6.45,-44.09,-14.52,-10.29,14.78,-32.47,-21.71,-37.38,8.31,-0.84,24.05
16.17,23.82,-2.55,-26.79,-6.48,1.52,16.93,-23.09,-27.02,-42.19,-5.98,-6.34,17.4
16.63,39.46,8.15,-36.4,-9.45,-8.39,26.46,-18.0,-11.66,-41.48,-1.48,-12.79,19.7
17.05,42.06,11.79,-43.95,-18.46,-9.2,33.79,-24.92,-17.38,-45.19,10.23,-9.25,23.32
17.14,31.22,0.33,-36.31,-12.4,-8.21,19.17,-19.53,-11.96,-30.3,7.19,-2.02,20.36
17.98,30.38,-1.29,-48.65,-30.99,-22.46,12.01,-29.94,-21.07,-37.34,11.0,-0.53,24.81
17.44,20.77,-4.21,-32.29,-30.12,-26.35,-1.48,-10.63,-4.0,-14.39,4.73,1.45,10.27
17.14,24.56,0.59,-22.86,-22.77,-20.26,-1.45,-7.62,-1.54,-10.66,1.03,-3.95,5.63
18.86,35.08,17.06,-9.14,-10.81,-11.76,8.96,-2.87,-0.24,-16.38,-4.68,-13.64,-4.07
18.95,38.27,18.55,-12.87,-10.83,-11.0,11.81,-10.47,-9.31,-25.75,-3.31,-13.25,-1.4
18.11,30.72,14.53,-4.51,-7.61,-10.69,1.55,-6.38,-1.88,-8.27,2.28,-3.06,-0.77
16.91,38.74,8.97,-25.26,-13.92,-14.63,6.23,-21.49,-8.21,-20.21,11.28,-5.29,11.83
16.99,31.69,10.69,-14.88,-13.15,-14.08,1.66,-12.79,-8.79,-20.69,-6.67,-14.71,-3.08
16.5,53.93,22.23,-34.68,-17.38,-18.91,20.29,-30.44,-13.98,-38.35,5.24,-20.24,14.14
15.96,32.16,12.17,-12.94,-8.76,-6.47,12.38,-5.16,-3.89,-15.8,4.22,-0.09,10.42
16.56,33.51,12.89,-15.61,-13.07,-11.31,6.89,-15.35,-16.92,-29.84,-6.2,-9.76,2.21
16.5,26.29,6.3,-12.24,-8.81,-10.71,-3.64,-20.14,-18.28,-21.68,-5.04,-5.44,2.11
16.66,29.02,10.12,-20.08,-23.48,-21.4,4.76,-8.37,-11.09,-26.41,-3.38,-1.98,10.5
16.87,33.78,9.17,-22.73,-13.26,-11.26,11.43,-15.03,-12.56,-33.28,-11.12,-20.42,-3.86
16.34,34.92,9.49,-21.12,-2.28,0.26,19.69,-20.79,-15.31,-25.2,17.03,3.78,11.36
16.87,25.69,4.8,-12.9,0.28,3.97,12.28,-13.32,-10.68,-12.54,9.91,1.65,2.06
17.52,25.29,5.66,-11.85,-3.82,0.47,9.2,-15.59,-17.8,-21.92,-0.75,-9.72,-10.56
