15.92,17.65,3.15,-18.22,-21.17,2.83,18.92,1.36,-14.47,-26.07,-10.15,-16.45,-15.54
16.68,39.13,4.07,-29.48,-9.9,-11.32,5.45,-32.54,-15.98,-26.89,10.66,-11.64,7.79
17.19,43.45,15.6,-35.71,-17.78,-7.2,24.02,-30.73,-19.16,-27.22,23.28,-11.55,-0.48
17.63,48.07,12.66,-43.65,-11.55,-14.12,25.42,-32.94,-14.44,-37.66,18.31,-9.72,7.63
16.88,31.66,5.51,-25.14,-4.41,0.06,19.15,-19.92,-17.0,-31.23,-0.13,-16.56,-3.68
17.45,25.66,-7.37,-34.81,-3.91,3.31,19.38,-28.35,-16.93,-27.73,13.52,-11.55,2.73
16.98,33.99,1.84,-39.35,-5.34,6.03,34.46,-19.81,-14.97,-38.4,1.94,-20.3,2.47
16.8,22.81,-3.76,-30.05,-15.53,-6.07,12.4,-17.53,-16.44,-25.73,1.79,-9.69,-1.04
17.36,24.15,-3.58,-30.62,-9.01,-1.35,17.24,-17.81,-16.77,-31.1,-3.51,-13.71,1.22
17.4,39.4,-0.77,-45.98,-0.08,-6.77,23.08,-37.16,-7.53,-20.99,31.25,-3.11,10.36
17.07,50.4,1.98,-68.14,1.49,0.95,21.3,-45.86,2.71,-38.7,14.28,-25.82,-1.47
16.77,27.99,-5.72,-43.69,-19.37,-17.07,12.28,-21.03,-5.92,-19.29,16.34,1.03,16.18
17.08,27.65,-4.33,-41.39,-13.35,-4.96,22.09,-21.1,-13.58,-33.18,0.39,-18.24,0.82
17.26,35.95,-1.52,-38.14,-3.58,-9.37,17.9,-23.99,-3.28,-22.47,11.12,-18.62,-3.59
16.42,28.84,1.71,-29.54,-13.45,-7.79,13.06,-17.99,-12.89,-24.24,3.5,-10.42,0.17
16.55,36.62,4.45,-36.09,-15.55,-15.11,9.46,-29.49,-18.19,-36.68,-0.37,-21.22,-2.14
16.65,22.15,-2.31,-27.09,-13.76,-9.83,2.54,-28.82,-26.8,-31.6,-0.89,-9.62,-4.97
16.29,26.27,-5.06,-31.61,-6.6,3.55,26.25,-10.01,-5.65,-26.77,2.3,-11.71,10.39
16.63,26.36,-10.63,-50.62,-21.09,-16.61,8.87,-33.61,-20.94,-37.35,-2.86,-20.91,3.21
16.99,28.07,-0.79,-29.42,-9.38,-1.67,18.89,-17.06,-14.88,-29.91,2.42,-9.17,6.59
16.93,27.2,5.24,-21.61,-14.17,-7.1,12.27,-13.61,-18.82,-33.19,-8.32,-8.17,8.74
17.03,30.16,7.85,-30.09,-21.31,-11.89,14.57,-23.57,-31.4,-46.06,-9.43,-18.1,-4.53
16.3,25.14,3.24,-21.41,-15.04,-9.28,7.41,-17.24,-23.7,-37.89,-14.9,-16.49,-4.7
16.17,21.85,-0.45,-24.26,-21.32,-15.04,6.49,-6.7,-9.22,-23.3,-6.21,-5.78,8.14
16.42,27.75,2.78,-31.92,-23.2,-12.39,18.09,-9.39,-13.09,-33.6,-4.78,-12.91,0.49
16.48,31.15,4.04,-25.34,-9.35,-0.49,21.93,-11.0,-12.36,-35.64,-12.45,-25.7,-5.63
16.75,41.93,14.07,-30.58,-13.5,-8.72,20.14,-21.16,-10.66,-32.09,1.3,-20.55,4.38
16.9,31.59,8.95,-38.16,-27.25,-16.35,22.94,-14.71,-17.73,-42.6,-10.36,-22.39,3.62
16.26,40.28,7.63,-48.36,-20.96,-14.81,25.67,-26.45,-21.24,-51.86,-12.3,-31.79,2.67
15.36,39.2,9.93,-27.6,-11.66,-7.05,20.77,-9.55,0.22,-26.23,-3.23,-27.16,-4.4
16.2,23.8,1.37,-22.9,-17.06,-10.49,8.16,-11.84,-17.57,-33.81,-19.01,-23.28,-11.45
16.42,26.13,0.16,-24.36,-8.72,0.11,19.58,-7.12,-10.83,-33.56,-16.78,-24.89,-3.38
16.43,33.06,4.99,-32.3,-11.18,-2.1,25.35,-14.4,-12.9,-35.22,-4.3,-21.11,-2.91
16.08,23.68,1.93,-18.21,-13.73,-6.95,11.47,-1.78,-5.98,-23.47,-15.54,-20.7,-9.24
16.11,19.28,-2.18,-20.65,-15.92,-11.19,1.67,-14.72,-21.46,-33.84,-20.28,-15.94,-0.62
16.25,38.1,7.21,-29.29,-10.81,-6.57,19.21,-20.04,-14.94,-39.38,-8.01,-25.42,-0.07
16.22,47.87,14.45,-35.47,-3.77,-8.95,26.14,-19.41,-5.73,-32.97,2.48,-16.77,5.71
16.48,28.72,1.48,-26.37,-10.43,-1.12,25.93,-1.19,-2.59,-29.71,-9.87,-22.18,-0.35
16.85,23.36,1.29,-17.92,-6.41,1.16,18.5,-0.69,-6.46,-25.71,-16.56,-21.84,-7.73
16.63,28.96,7.79,-19.37,-14.52,-9.87,14.0,-6.46,-10.35,-35.97,-22.08,-27.36,-4.97
16.67,23.83,3.71,-15.16,-10.96,-7.06,3.23,-16.17,-21.7,-31.26,-15.77,-14.56,-1.32
16.46,47.27,13.72,-43.97,-5.0,-2.41,32.56,-26.56,-11.46,-39.56,3.56,-23.2,2.54
17.11,34.22,7.58,-31.02,-17.39,-11.88,19.26,-13.35,-12.56,-37.99,-9.55,-20.27,4.42
16.81,43.09,8.7,-35.07,-11.79,-7.1,21.22,-25.79,-12.94,-35.36,3.37,-25.29,0.34
16.42,33.54,9.78,-25.36,-18.36,-12.66,13.17,-16.25,-14.81,-29.91,-1.14,-14.11,-5.36
15.53,39.88,8.37,-32.79,-5.07,-5.78,23.34,-15.16,-4.1,-27.03,1.25,-19.35,1.77
16.23,48.43,12.46,-43.36,-13.35,-12.86,23.87,-28.41,-10.21,-40.42,2.28,-28.92,-2.47
15.69,33.9,8.53,-29.67,-17.41,-7.98,22.7,-11.1,-9.97,-27.46,7.21,-8.71,3.39
15.92,33.55,5.81,-35.26,-22.26,-14.42,14.9,-19.54,-13.69,-27.7,7.65,-11.03,-0.01
16.24,30.4,0.72,-31.89,-18.64,-14.57,5.56,-23.52,-16.43,-28.16,-0.06,-14.83,1.53
17.02,49.79,18.59,-41.31,-13.48,-4.96,29.53,-39.43,-28.0,-39.22,18.43,-17.45,4.51
17.0,34.03,7.51,-28.16,-17.95,-15.64,7.31,-23.49,-20.8,-39.84,-11.23,-20.35,3.02
16.66,24.31,1.25,-24.5,-19.95,-13.55,5.96,-13.48,-16.04,-27.5,-6.65,-9.52,2.47
16.24,24.56,0.79,-20.12,-15.79,-10.84,2.53,-13.08,-16.16,-26.98,-13.27,-14.6,-1.64
16.66,28.79,8.9,-14.15,-11.23,-8.17,7.58,-10.39,-12.72,-23.75,-4.44,-4.95,5.61
16.77,28.27,6.65,-19.96,-10.94,-6.1,9.09,-22.94,-25.94,-33.6,-1.41,-5.91,1.79
16.95,23.37,2.47,-15.26,-6.89,-5.73,-1.07,-27.05,-29.93,-32.44,-8.17,-6.75,2.18
16.53,34.78,9.88,-22.34,-11.87,-6.48,16.59,-10.37,-8.55,-24.81,1.16,-13.24,-3.17
16.2,21.79,2.09,-11.93,-2.75,2.4,11.14,-9.28,-17.33,-30.07,-19.14,-16.83,-2.66
16.17,38.95,2.01,-36.7,-4.39,-6.42,22.19,-26.37,-16.71,-48.15,-8.55,-25.15,13.75
16.15,33.14,11.62,-20.51,-10.34,-3.54,21.57,-14.36,-21.3,-37.97,-0.09,-0.23,15.39
16.69,27.62,5.92,-12.24,-3.93,0.76,9.89,-12.98,-17.14,-27.32,-8.53,-9.08,4.19
16.5,25.64,6.56,-12.58,-7.78,-3.81,8.26,-12.01,-17.1,-26.43,-6.52,-4.21,7.51
16.69,25.58,-0.38,-25.9,-14.72,-8.52,5.07,-23.47,-25.04,-34.51,-10.34,-17.58,-6.59
16.1,40.67,1.51,-41.03,-3.24,-15.11,19.27,-27.28,-12.63,-37.57,-0.07,-21.54,1.38
16.53,32.94,4.74,-32.87,-21.11,-17.13,13.2,-13.59,-8.18,-31.04,-4.85,-16.98,3.35
16.78,36.56,8.32,-37.48,-23.52,-14.54,22.96,-13.92,-9.02,-31.81,3.86,-17.89,-1.29
16.5,23.36,1.89,-19.68,-18.83,-15.33,4.23,-3.92,-1.09,-14.48,-4.93,-13.82,-8.41
16.3,32.84,6.38,-35.96,-19.75,-4.02,36.97,0.7,3.46,-16.72,20.83,-3.83,-0.68
15.8,34.84,1.62,-32.17,3.05,4.95,34.43,-9.12,0.16,-23.38,9.13,-10.39,6.59
15.82,20.09,-7.88,-32.48,-13.38,-7.09,11.18,-15.31,-11.17,-21.93,2.95,-3.64,9.34
16.16,32.1,2.12,-38.38,-26.56,-20.86,10.5,-18.41,-11.0,-30.52,-0.18,-17.58,-2.83
16.54,29.48,1.01,-33.0,-18.48,-12.52,12.5,-14.31,-6.7,-20.55,2.37,-16.98,-9.05
15.85,26.15,-3.19,-27.64,-13.13,-8.0,7.75,-16.52,-10.41,-21.61,-1.43,-15.98,-3.87
16.06,31.07,3.34,-32.43,-15.78,-9.24,19.9,-12.0,-10.1,-32.98,-3.49,-15.6,-0.17
15.58,26.51,-2.17,-34.06,-18.53,-8.36,18.08,-11.44,-8.51,-23.83,5.65,-7.29,6.13
15.77,27.12,2.03,-34.11,-29.86,-21.92,11.56,-7.91,-7.93,-28.27,-3.72,-13.0,-1.08
15.66,40.26,8.57,-42.33,-20.23,-10.57,31.01,-14.55,-5.43,-30.97,13.83,-14.5,5.4
15.79,33.68,2.28,-43.2,-16.15,-6.4,33.58,-6.95,0.43,-34.71,-2.26,-22.11,13.03
16.78,38.33,0.8,-52.0,-24.99,-24.78,28.41,-6.46,18.8,-16.37,14.45,-21.13,-3.85
16.29,33.08,5.6,-40.71,-29.85,-24.98,22.01,1.32,11.96,-25.59,-0.66,-20.03,5.24
16.02,33.8,5.3,-40.9,-27.97,-21.48,20.85,-7.43,-0.35,-31.23,0.99,-16.47,8.31
15.89,21.51,-3.71,-30.23,-17.08,-8.96,13.98,-11.15,-14.12,-32.06,-6.38,-5.59,13.1
16.37,26.14,-1.23,-34.43,-16.63,-6.01,24.8,-7.67,-6.27,-28.41,4.74,-2.52,20.73
15.92,21.42,-3.98,-29.09,-15.69,-6.86,17.13,-2.69,-4.13,-25.33,-11.81,-20.15,-5.9
15.65,39.31,1.61,-46.95,-21.06,-23.08,16.07,-21.52,-7.75,-41.18,-8.45,-35.98,-7.56
16.18,48.91,6.69,-52.13,-9.88,-22.54,29.76,-29.32,-8.24,-42.89,4.95,-21.36,16.45
16.21,36.16,8.05,-30.07,-19.31,-16.72,17.47,-9.05,-4.09,-35.4,-9.26,-18.79,11.15
16.36,29.75,4.91,-24.96,-11.05,-5.74,22.67,-1.38,-2.72,-30.66,-15.81,-25.87,-6.19
16.02,34.12,7.13,-27.53,-12.36,-9.95,23.73,-3.23,0.33,-34.81,-14.51,-27.2,0.61
15.84,23.88,-2.64,-34.01,-22.85,-14.77,12.43,-12.05,-14.59,-37.67,-18.82,-26.03,-6.66
15.85,48.64,15.56,-48.4,-16.25,-9.68,38.86,-17.62,-11.92,-41.93,9.15,-25.64,10.68
15.54,26.24,1.87,-24.62,-13.48,-7.55,13.52,-10.79,-13.53,-33.23,-15.68,-20.73,-3.01
15.47,35.69,15.74,-25.04,-20.79,-14.19,14.87,-14.47,-16.06,-33.16,0.97,-6.58,7.0
16.12,35.08,12.5,-25.47,-21.14,-15.79,15.11,-8.25,-8.73,-28.96,-3.6,-16.14,-1.49
15.58,32.85,5.66,-28.81,-12.99,-5.23,27.64,-1.86,-1.6,-34.04,-9.92,-22.82,1.82
15.8,43.54,4.38,-39.68,-0.08,-16.64,28.26,-19.07,-6.76,-37.61,-6.93,-24.13,-0.54
15.93,40.74,5.96,-39.26,-7.15,-1.36,28.95,-20.16,-14.18,-45.08,-8.89,-32.63,1.78
16.01,43.14,13.14,-37.22,-11.62,-9.9,28.54,-14.46,-8.43,-43.39,-15.45,-35.21,-1.87
15.87,24.13,4.71,-14.93,-12.19,-8.12,5.33,-14.02,-22.26,-35.53,-18.14,-15.03,-3.2
15.82,38.09,15.18,-28.36,-21.93,-13.95,21.06,-12.35,-14.86,-38.63,-6.01,-21.21,-2.69
15.65,30.28,4.88,-31.43,-17.26,-8.05,24.01,-7.95,-6.78,-30.49,0.11,-5.7,18.22
15.58,28.35,4.16,-24.12,-10.34,-3.02,19.77,-8.47,-12.53,-35.4,-12.26,-17.67,3.85
16.45,45.47,9.53,-61.91,-25.68,-26.52,5.97,-50.57,-34.04,-57.36,-9.44,-35.17,3.19
16.54,52.32,24.14,-43.22,-23.77,-3.26,38.66,-35.12,-27.56,-37.55,23.37,-20.72,4.14
16.62,42.39,15.51,-23.04,-5.87,-11.55,22.38,-6.9,3.61,-31.08,-8.51,-23.33,7.26
17.1,36.03,17.34,-24.05,-19.47,-15.16,27.28,-0.39,-2.55,-41.72,-16.85,-29.23,2.47
16.75,38.6,9.68,-34.89,-20.78,-19.0,18.23,-16.35,-9.69,-45.87,-14.4,-33.04,0.11
16.43,35.32,8.63,-28.63,-13.12,-12.46,18.16,-12.65,-7.57,-39.89,-18.06,-30.26,-2.06
16.66,31.68,6.93,-23.22,-9.87,-2.32,23.46,-6.56,-11.3,-36.88,-14.37,-22.7,0.81
16.33,33.21,5.71,-27.74,-11.38,-6.91,15.95,-16.98,-13.02,-32.11,-5.21,-19.76,-5.46
16.41,24.79,3.53,-18.17,-13.48,-7.78,10.16,-5.21,-7.74,-22.98,-10.51,-16.13,-6.28
16.54,45.72,13.07,-39.98,-9.57,-7.71,27.76,-26.07,-16.34,-44.51,0.87,-18.19,13.69
16.48,27.77,3.94,-20.04,-10.93,-6.84,3.77,-26.74,-32.72,-46.07,-23.1,-25.56,-9.29
16.03,30.42,5.24,-24.56,-7.54,0.7,22.21,-13.83,-14.72,-30.82,-3.21,-17.25,-8.67
15.93,34.01,5.8,-30.67,-18.7,-13.77,13.87,-14.55,-9.57,-28.92,-4.02,-19.76,-5.01
16.0,31.75,5.81,-28.81,-17.72,-12.43,15.88,-11.33,-9.61,-33.52,-9.79,-19.49,0.57
16.07,39.17,10.03,-35.81,-19.04,-10.77,25.72,-14.38,-7.35,-30.01,7.37,-16.46,-4.09
16.13,47.64,2.96,-44.44,3.69,-23.24,35.26,-22.31,-1.36,-26.4,6.59,-7.0,6.94
16.25,22.81,-2.85,-27.85,-21.07,-13.22,7.45,-8.32,-7.11,-19.54,-1.69,-6.38,7.59
16.27,30.96,5.72,-29.68,-19.19,-11.55,20.04,-5.93,-5.82,-29.05,-5.2,-16.15,0.3
16.34,37.09,0.89,-40.99,-17.16,-19.11,16.44,-16.16,-0.37,-27.9,1.69,-21.45,0.54
16.63,29.66,3.09,-35.05,-28.19,-21.44,12.1,-9.1,-2.39,-19.63,7.52,-3.26,14.38
16.53,22.1,-2.15,-22.04,-14.32,-8.39,4.29,-15.08,-17.08,-25.77,-3.99,-1.3,14.04
16.29,48.19,11.28,-37.18,-4.19,-25.61,27.5,-13.8,-0.24,-28.93,3.5,-12.2,6.55
16.41,53.39,19.43,-45.78,-17.16,-14.36,26.51,-30.6,-8.29,-35.08,6.47,-23.66,2.92
16.63,21.91,-1.55,-23.07,-16.08,-11.21,2.16,-15.81,-15.62,-23.67,-9.53,-16.75,-8.72
17.04,45.56,11.58,-54.96,-20.51,-7.18,44.95,-26.32,-15.36,-39.59,12.68,-21.95,6.2
17.16,16.57,-13.83,-40.99,-13.13,-0.17,22.95,-13.5,-12.61,-28.9,-0.86,-14.11,2.78
17.29,19.08,-8.72,-27.66,-5.93,3.39,13.88,-22.37,-23.57,-32.26,-1.97,-8.77,7.57
16.14,27.66,-0.08,-28.12,-9.73,-3.87,17.13,-10.12,-4.67,-17.49,5.02,-8.81,1.91
16.53,32.2,1.87,-39.45,-11.38,0.24,30.31,-24.09,-22.44,-42.69,4.76,-12.62,6.1
16.25,34.65,6.83,-30.39,-5.89,3.51,28.31,-18.74,-16.62,-35.25,4.68,-8.53,12.76
16.26,41.33,15.45,-40.87,-17.08,2.42,40.71,-21.84,-19.65,-29.61,21.05,-10.41,8.34
16.48,27.36,1.95,-28.68,-10.47,-0.24,22.14,-15.46,-14.93,-25.12,9.62,-1.35,9.99
16.16,31.56,-1.54,-38.7,-15.11,-14.31,7.67,-30.74,-22.03,-36.78,1.67,-11.61,7.59
16.19,46.52,4.63,-49.22,-1.1,-3.39,34.64,-34.85,-11.73,-40.3,9.66,-15.73,7.77
16.15,32.35,4.29,-26.44,-2.51,1.88,20.2,-24.02,-17.81,-30.62,9.39,-8.55,2.39
15.92,27.69,-1.21,-32.37,-10.37,-3.49,18.11,-18.25,-13.86,-26.8,4.5,-10.58,0.26
16.02,33.77,2.14,-31.94,-9.84,-2.91,22.06,-15.77,-8.02,-25.71,8.84,-14.48,-0.67
16.4,31.65,4.49,-30.05,-9.41,-4.6,16.54,-26.96,-23.99,-35.84,4.32,-8.49,6.05
16.87,50.02,25.22,-43.71,-15.19,3.05,40.14,-42.47,-31.17,-33.91,16.83,-18.82,5.97
16.93,20.48,-0.25,-16.4,-8.04,-3.47,5.23,-17.19,-26.46,-38.92,-22.44,-15.74,3.25
16.54,18.6,-3.4,-15.01,-4.0,0.59,1.17,-24.52,-29.9,-32.41,-11.93,-9.93,-0.25
16.44,36.88,3.77,-30.24,3.99,-3.65,20.45,-25.76,-13.67,-30.67,7.21,-11.25,2.09
17.44,32.19,0.06,-37.78,-7.23,0.97,25.52,-27.88,-16.82,-33.38,12.53,-11.89,6.56
16.73,44.97,7.46,-38.58,-1.14,-7.51,32.77,-22.31,-6.31,-32.69,11.19,-10.17,10.15
17.4,31.51,-0.09,-29.8,6.01,12.51,33.38,-18.54,-11.14,-33.87,4.89,-16.92,4.8
17.38,43.64,5.27,-45.02,8.82,1.21,36.41,-39.2,-20.59,-43.7,21.47,-13.5,5.21
16.98,21.86,-1.58,-21.67,-8.76,-3.31,5.59,-25.61,-27.96,-31.82,-1.93,-5.04,4.0
17.14,31.25,2.94,-37.46,-14.56,-3.83,20.15,-32.0,-26.88,-38.0,9.68,-13.94,-3.11
16.95,25.35,2.8,-26.04,-15.92,-11.18,6.97,-26.69,-26.91,-32.49,4.7,-1.06,5.98
16.89,27.05,3.35,-23.42,-12.12,-7.27,8.38,-21.66,-20.43,-27.03,1.96,-5.78,2.16
16.42,32.04,8.7,-35.26,-21.54,-9.95,18.0,-26.76,-26.46,-38.11,1.4,-17.66,-6.28
16.43,28.29,-0.77,-40.13,-20.72,-7.88,21.19,-20.88,-19.78,-35.99,-0.9,-20.28,-5.71
16.82,35.48,0.6,-44.93,-11.7,-6.25,21.6,-32.09,-14.55,-30.28,13.15,-18.63,-0.76
16.19,35.3,1.51,-37.81,-5.13,-2.07,20.15,-27.56,-10.8,-22.88,16.49,-10.18,4.69
16.98,31.13,-5.5,-43.94,-2.25,2.36,26.95,-35.93,-23.8,-44.9,6.54,-19.99,5.03
16.97,26.5,-5.92,-45.57,-21.78,-14.42,9.81,-36.91,-28.36,-39.33,2.62,-15.71,-1.47
17.25,24.68,1.95,-17.06,-8.56,-3.97,6.06,-16.82,-22.29,-33.97,-16.76,-16.7,-0.8
17.38,28.48,8.38,-14.6,-10.19,-8.55,3.76,-19.52,-21.96,-30.64,-9.05,-11.02,2.47
16.87,23.3,1.74,-13.06,6.8,12.55,19.08,-17.16,-20.26,-26.53,1.67,-7.21,-0.53
17.18,27.28,-0.73,-33.58,-1.0,2.95,19.86,-37.84,-31.38,-42.9,3.16,-20.52,-12.46
16.43,26.71,-1.07,-25.21,-0.03,4.74,18.9,-21.83,-20.15,-33.93,-2.64,-14.19,0.86
16.18,43.59,1.91,-35.09,15.23,-8.69,33.19,-32.02,-14.7,-42.31,-3.11,-15.14,-0.33
17.03,40.12,11.87,-53.0,-11.37,9.72,42.47,-44.07,-28.68,-31.55,25.16,-25.85,-10.57
16.62,20.64,-4.17,-26.02,-2.45,3.67,14.67,-26.08,-26.45,-34.9,-3.22,-14.4,-4.88
16.65,25.68,-3.43,-31.31,-4.87,1.53,17.09,-31.56,-25.75,-37.17,3.91,-14.22,-0.45
16.79,26.95,-0.45,-30.22,-1.54,3.3,21.61,-25.26,-17.97,-28.54,11.01,-9.86,-3.05
17.06,20.68,-5.63,-23.44,-1.28,6.69,16.55,-18.76,-17.54,-27.53,-4.36,-22.31,-13.6
17.31,35.11,0.77,-39.84,5.49,6.36,33.07,-26.86,-6.03,-22.23,23.95,-13.19,0.05
16.08,29.23,-1.88,-36.55,-11.21,-8.22,16.27,-23.25,-11.21,-20.37,18.6,-1.86,6.42
16.18,53.35,11.0,-62.84,-5.7,-5.5,34.51,-36.56,-8.57,-29.81,21.11,-17.62,8.9
16.51,34.83,1.17,-37.5,-12.21,-5.59,19.37,-25.7,-14.37,-30.0,11.11,-12.46,5.63
16.67,17.46,-10.62,-34.58,-19.43,-15.43,-3.09,-29.7,-25.22,-30.11,-5.62,-15.36,-9.15
16.95,32.41,-8.73,-48.57,-17.14,-12.83,15.33,-34.29,-14.51,-32.02,17.05,-14.73,8.46
16.92,19.32,-7.43,-29.17,-5.72,-2.47,7.58,-28.09,-20.05,-22.97,6.19,-8.55,-3.1
17.33,35.85,3.67,-46.47,-10.29,-7.74,17.47,-44.03,-24.35,-34.84,20.36,-14.11,-2.41
16.81,27.89,1.45,-34.14,-10.14,-5.76,10.32,-42.72,-31.42,-31.61,18.3,-5.0,3.13
16.04,37.29,0.98,-47.7,3.24,6.0,29.91,-32.8,-11.49,-31.73,18.05,-14.99,12.13
16.61,19.39,-7.19,-33.27,-6.51,0.09,16.35,-27.61,-22.83,-28.14,14.0,1.03,8.83
16.02,37.49,6.31,-27.98,1.8,3.12,22.55,-23.75,-16.38,-37.34,1.89,-11.41,14.03
16.69,36.93,11.6,-33.0,-5.54,7.44,33.87,-31.23,-31.41,-43.47,14.71,-10.34,4.26
15.97,39.42,11.26,-26.41,-0.61,-5.49,14.68,-31.79,-18.27,-28.34,10.69,-13.65,-4.26
15.79,40.84,8.67,-38.8,-9.48,-10.15,19.85,-34.99,-25.47,-39.14,7.61,-15.7,1.58
16.51,43.48,16.1,-31.12,-7.41,-10.69,20.87,-20.57,-10.82,-37.48,-6.05,-25.36,-3.78
15.86,20.75,-0.16,-16.0,-6.13,-0.66,7.72,-16.43,-23.98,-33.47,-14.32,-9.04,7.41
16.85,27.95,0.77,-26.65,-11.45,-6.39,10.67,-21.27,-19.25,-36.52,-12.83,-24.92,-2.91
16.74,24.63,1.27,-21.58,-4.54,-1.45,9.59,-23.69,-20.67,-27.77,-0.34,-10.78,-0.76
16.47,34.56,8.19,-23.38,-1.07,0.95,23.18,-17.74,-11.8,-28.47,6.37,-15.03,-5.24
16.21,22.46,1.81,-17.7,-12.99,-10.14,6.79,-4.41,-2.26,-16.19,-9.41,-17.94,-6.54
16.62,28.86,1.12,-34.31,-25.69,-18.54,9.92,-15.51,-7.66,-21.53,7.25,-10.24,-0.84
16.76,22.86,0.61,-30.42,-27.8,-22.5,10.82,-0.52,3.46,-21.34,-8.17,-18.15,-1.24
15.86,20.57,-6.8,-25.7,-11.66,-3.09,10.85,-10.79,-6.77,-14.77,4.64,-4.78,7.31
16.13,46.17,13.83,-52.22,-27.1,-8.32,39.15,-26.99,-15.3,-32.49,19.34,-23.14,-5.43
15.27,33.53,3.5,-30.69,-11.73,-8.62,21.48,-6.7,0.45,-24.56,-1.69,-17.12,3.11
15.77,24.56,-2.34,-30.11,-14.15,-9.27,8.1,-19.02,-10.43,-16.81,8.31,-8.02,-2.21
15.83,24.81,-3.35,-27.45,-10.93,0.79,21.67,-1.46,2.44,-12.85,2.85,-14.86,-3.05
15.96,33.86,4.32,-35.48,-14.73,-8.05,20.76,-17.53,-9.95,-25.53,9.18,-12.0,-1.34
15.56,28.69,0.3,-22.73,-5.13,3.56,22.07,-5.9,-6.07,-22.73,0.56,-11.2,3.48
16.15,53.24,10.6,-47.45,-1.24,-13.75,40.26,-18.98,2.36,-34.05,10.24,-19.23,7.67
16.06,19.01,-4.25,-21.45,-17.04,-10.79,-0.05,-13.96,-17.89,-25.21,-12.89,-13.64,-4.39
15.91,28.22,6.78,-20.21,-18.16,-15.73,7.27,-3.49,1.14,-14.51,-2.09,-12.34,0.16
16.56,19.25,-4.34,-21.74,-20.45,-15.9,-1.48,-4.45,1.49,-5.84,-3.75,-14.94,-10.13
16.95,20.52,-3.66,-27.63,-21.06,-16.39,6.9,-0.21,9.03,-3.38,4.57,-9.93,-2.28
16.73,37.0,5.27,-42.85,-22.65,-11.55,29.5,-13.4,-3.86,-30.96,7.95,-19.26,2.49
15.89,25.28,-4.09,-32.02,-10.99,-4.31,17.03,-9.39,-2.5,-17.2,1.86,-12.71,1.79
16.46,32.58,4.79,-26.79,-12.24,-6.01,16.95,-11.17,-4.19,-21.58,2.92,-15.69,-2.75
16.79,24.2,4.43,-15.28,-11.78,-9.02,5.29,-8.22,-6.62,-15.09,-5.33,-17.59,-15.59
16.55,25.41,5.31,-15.39,-13.01,-11.43,3.38,-9.51,-5.88,-13.96,-1.84,-12.15,-7.29
16.12,22.69,0.96,-19.13,-14.6,-10.95,2.31,-13.81,-14.56,-24.03,-12.57,-18.88,-11.34
17.01,35.04,10.34,-26.76,-17.46,-16.91,12.39,-10.95,-0.34,-17.38,6.61,-14.93,-1.33
16.33,29.12,6.17,-18.29,-9.19,-7.49,14.64,1.02,6.16,-14.5,-9.63,-23.1,-5.89
16.53,34.86,12.36,-31.7,-26.15,-22.19,15.25,-13.86,-6.31,-27.99,3.74,-17.13,-3.65
15.98,53.79,18.14,-52.03,-21.15,-9.61,33.24,-23.18,-1.4,-31.26,21.93,-33.59,0.34
16.2,46.35,10.84,-49.45,-19.05,-16.0,32.34,-16.33,3.51,-26.87,11.94,-25.83,0.9
16.22,30.53,3.31,-33.61,-19.63,-11.6,19.91,-7.66,-0.48,-17.72,9.31,-12.79,-3.25
16.48,22.33,-4.4,-28.04,-23.01,-18.52,-1.15,-12.59,-7.81,-18.96,-8.93,-19.88,-9.97
16.68,23.94,1.2,-25.39,-23.56,-22.14,2.31,-5.77,-0.22,-17.02,-6.53,-16.19,-6.18
16.04,40.65,10.73,-31.72,-11.63,-8.8,26.14,-8.45,1.27,-25.54,5.22,-19.92,-3.42
16.04,32.33,5.34,-33.21,-22.1,-19.15,13.2,-14.73,-8.73,-32.3,-4.29,-18.85,-2.39
16.43,23.22,3.63,-19.25,-18.97,-15.5,4.97,-5.83,-10.05,-29.08,-18.2,-18.63,-5.28
16.94,26.71,5.07,-19.77,-17.72,-15.73,2.91,-9.17,-4.84,-16.0,-2.48,-12.77,-6.66
16.67,37.44,15.06,-29.47,-20.24,-9.51,25.77,-9.32,-4.96,-19.96,13.49,-12.34,-9.02
15.89,22.59,0.42,-19.51,-15.22,-14.16,-2.83,-16.56,-11.46,-16.79,-6.74,-18.59,-16.24
15.73,28.24,5.61,-25.18,-18.47,-8.41,20.34,-2.79,-8.63,-30.46,-9.98,-16.81,-4.08
16.24,23.08,1.58,-19.99,-11.85,-2.68,16.76,-1.99,-7.09,-20.9,-5.97,-12.44,-4.48
16.49,19.39,-1.78,-17.76,-16.61,-11.76,0.23,-8.87,-12.75,-22.75,-15.1,-14.3,-2.89
16.84,27.02,6.26,-19.85,-15.5,-8.4,15.98,-2.52,-9.12,-29.97,-14.45,-20.57,-8.56
16.44,31.06,7.07,-27.57,-19.36,-13.87,12.9,-15.15,-13.05,-27.51,4.62,-7.23,1.32
16.29,34.24,11.64,-33.61,-30.47,-14.28,20.29,-19.0,-19.86,-26.41,14.95,-6.35,1.87
16.71,38.0,5.89,-41.61,-18.89,-13.98,15.33,-32.84,-20.97,-36.73,7.83,-16.65,-2.14
17.02,29.22,1.46,-32.05,-20.05,-15.74,13.79,-5.58,3.8,-16.1,0.48,-15.38,-1.44
16.38,40.25,12.68,-48.66,-29.0,-11.09,39.97,-12.73,-4.68,-18.01,28.95,-8.76,-1.39
15.72,30.65,2.43,-37.68,-21.88,-11.35,18.4,-18.89,-13.9,-26.43,8.72,-12.27,-2.9
15.59,23.58,-9.86,-38.25,-22.68,-15.99,2.15,-25.43,-16.28,-29.08,-2.33,-13.93,5.06
16.64,40.47,5.02,-55.51,-23.92,-9.83,30.78,-35.7,-14.72,-25.74,29.12,-15.04,-0.4
16.21,27.4,3.05,-27.88,-13.13,-2.24,22.68,-10.49,-12.31,-25.37,6.26,-7.65,-2.4
15.93,33.15,0.66,-46.25,-22.68,-10.7,25.69,-18.52,-6.66,-20.33,21.55,-7.95,2.54
16.13,35.01,-4.23,-53.76,-23.61,-12.74,27.96,-22.18,-5.08,-29.67,11.87,-23.07,-4.17
15.11,37.79,-4.55,-49.27,-8.11,-19.89,21.43,-16.48,6.95,-24.94,1.23,-26.31,-5.76
15.73,30.88,4.15,-31.84,-19.53,-9.24,21.57,-7.35,-4.68,-23.37,7.21,-5.33,9.01
16.12,35.58,10.38,-37.19,-35.46,-30.76,5.64,-25.24,-22.76,-44.14,-10.72,-25.04,-7.07
16.82,35.29,3.22,-47.53,-28.6,-20.18,13.6,-34.06,-21.93,-33.14,14.22,-9.9,8.05
15.8,33.07,6.61,-37.36,-27.37,-13.7,12.87,-28.39,-22.03,-24.34,17.03,-4.78,3.53
15.91,22.13,-7.64,-43.43,-32.71,-25.41,-1.71,-31.1,-27.91,-43.36,-16.51,-29.48,-14.82
16.25,21.48,-3.24,-27.13,-19.78,-14.24,4.77,-9.59,-6.43,-17.82,-6.97,-18.9,-11.99
16.92,19.23,-1.2,-17.18,-18.59,-16.75,-5.49,-11.4,-12.23,-21.41,-14.66,-11.72,2.83
17.04,26.3,7.13,-11.45,-11.39,-11.3,-1.65,-13.9,-14.19,-22.56,-11.23,-12.39,-1.03
16.59,35.02,14.4,-20.85,-13.67,-5.96,21.05,-9.45,-14.75,-34.74,-3.66,-9.04,5.63
16.05,52.7,13.01,-46.18,-0.77,-14.43,30.65,-17.51,1.68,-20.97,11.73,-8.46,19.85
15.04,26.23,1.42,-22.7,-12.9,-6.08,11.78,-10.32,-9.32,-20.9,1.09,-7.22,3.39
15.44,29.91,5.12,-28.12,-17.04,-9.77,19.44,-5.71,-4.46,-26.35,-0.66,-5.69,15.49
15.69,49.38,15.96,-40.12,-11.33,-3.14,36.39,-16.75,-1.92,-28.35,10.83,-18.99,6.0
15.73,21.83,-0.68,-19.27,-12.43,-10.82,-1.28,-15.45,-8.92,-11.97,-2.29,-16.18,-14.64
16.11,33.74,5.79,-34.33,-21.5,-14.11,13.34,-19.61,-11.71,-25.84,5.33,-17.93,-7.94
15.5,30.75,1.82,-30.92,-8.85,-1.28,24.47,-7.4,-2.18,-21.32,1.69,-16.71,-3.8
15.11,46.07,17.26,-51.14,-23.95,-3.07,38.19,-22.97,-14.0,-20.58,35.55,-12.53,-1.84
16.46,52.82,11.8,-56.86,-13.47,-18.45,29.6,-27.58,-1.75,-17.42,25.73,-21.97,2.88
15.99,38.67,7.2,-34.94,-12.21,-10.6,22.91,-12.67,3.53,-18.96,5.87,-21.6,-7.28
16.09,29.1,6.7,-20.39,-14.77,-9.28,12.63,-6.43,-7.35,-23.49,-6.39,-13.72,-0.32
15.73,47.06,4.23,-47.01,-7.74,-12.75,21.67,-26.65,-6.26,-43.01,-7.0,-37.57,-4.98
15.98,35.81,9.67,-30.12,-12.77,-2.51,29.86,-8.47,-8.38,-32.86,-0.91,-21.84,-8.98
15.67,32.79,7.25,-20.65,-7.13,-3.11,18.28,-4.46,1.79,-16.69,-1.0,-19.26,-7.08
16.07,48.09,13.84,-36.78,-1.16,0.09,35.11,-16.7,0.16,-26.65,9.63,-25.83,-9.75
16.25,29.61,8.17,-15.94,-7.68,-5.84,12.97,-7.21,-0.14,-15.3,-0.09,-18.46,-10.33
16.16,33.51,7.57,-27.04,-14.56,-11.7,12.94,-15.27,-4.33,-13.93,12.89,-11.42,-10.31
16.17,33.96,11.29,-25.83,-16.52,-8.82,18.89,-14.73,-17.37,-32.46,0.19,-14.48,-7.84
15.96,36.36,11.03,-21.99,-7.24,-3.39,20.87,-10.9,-8.77,-26.42,0.65,-14.4,-4.48
16.24,34.8,11.12,-25.46,-17.73,-13.76,16.17,-11.97,-6.45,-24.59,4.54,-14.38,-7.33
15.99,31.65,7.8,-21.5,-9.36,-2.44,17.97,-10.09,-10.26,-24.56,-2.13,-12.77,-2.47
16.57,31.26,5.09,-30.03,-19.2,-11.6,17.56,-9.25,-2.14,-15.07,17.03,1.24,8.7
15.91,38.1,11.97,-34.69,-13.43,1.99,38.82,-14.2,-16.84,-35.83,15.96,-5.67,8.37
16.0,27.6,-2.26,-35.04,-12.35,-0.19,24.61,-15.04,-13.58,-31.08,2.96,-14.24,0.43
15.96,23.09,-4.18,-31.19,-15.17,-7.33,12.51,-13.12,-9.93,-20.61,2.85,-5.56,6.58
15.93,26.17,-3.41,-34.25,-17.19,-8.4,14.29,-18.62,-15.02,-30.09,-0.3,-14.09,-0.69
15.91,33.7,6.22,-37.57,-20.17,-7.01,25.56,-16.67,-12.73,-26.61,15.83,-2.01,11.3
15.7,22.77,-5.19,-29.57,-12.15,-4.81,11.09,-18.68,-10.71,-13.84,18.47,6.46,14.37
15.87,38.65,7.95,-41.18,-10.43,1.64,35.69,-24.04,-10.47,-23.37,28.1,-11.58,-1.35
16.01,31.05,1.96,-38.69,-19.19,-5.06,27.88,-12.1,-8.29,-26.27,12.76,-8.9,4.3
15.95,25.53,-1.19,-30.6,-12.47,-2.84,22.12,-6.97,-3.56,-16.97,9.48,-7.74,-2.72
15.63,21.38,-6.14,-33.18,-25.0,-16.37,5.36,-12.66,-10.0,-21.85,-2.07,-10.56,-1.22
15.76,33.51,-0.48,-44.31,-19.52,-14.27,17.43,-22.1,-11.3,-29.45,5.49,-18.43,-1.76
15.72,26.8,-4.95,-34.23,-18.19,-10.9,10.0,-16.68,-7.77,-21.47,3.86,-17.38,-6.33
15.8,27.49,2.39,-31.29,-20.36,-11.38,17.26,-8.91,-5.2,-18.16,11.47,-5.62,-3.94
15.88,27.54,-2.18,-29.59,-14.93,-6.43,17.71,-3.19,3.57,-12.53,4.69,-13.25,-1.28
16.07,25.28,-0.4,-29.46,-20.56,-15.51,3.58,-20.66,-20.82,-33.44,-10.08,-16.02,-3.41
16.26,27.43,3.9,-23.35,-15.89,-10.63,11.94,-10.46,-13.32,-33.48,-11.24,-10.84,11.64
16.38,35.14,10.5,-27.51,-17.27,-14.63,17.26,-11.32,-8.71,-35.89,-10.94,-20.73,7.66
16.37,23.37,2.6,-15.79,-13.76,-8.56,7.52,-2.3,-6.25,-20.62,-11.63,-11.57,0.17
16.1,35.83,10.55,-30.51,-17.96,-11.14,24.14,-9.59,-7.76,-38.22,-12.78,-24.95,1.65
16.57,38.24,11.88,-33.32,-16.76,-15.24,30.5,0.2,5.71,-37.15,-11.99,-28.6,5.31
16.47,35.74,6.03,-38.3,-20.55,-15.25,18.55,-14.71,-5.61,-31.29,-0.13,-19.85,0.79
16.02,36.67,2.33,-40.46,-15.36,-19.28,15.21,-18.35,-3.34,-22.86,13.47,-4.23,12.31
16.77,48.13,8.39,-50.64,-14.39,-29.69,27.01,-20.07,0.51,-41.44,-4.3,-25.04,7.12
16.8,35.73,13.42,-29.83,-23.05,-16.36,24.58,-1.99,-1.35,-32.24,-3.69,-15.6,7.27
16.58,41.98,7.59,-35.11,-8.4,-18.5,23.61,-10.16,3.82,-25.33,2.38,-14.17,-0.26
16.9,45.86,9.11,-50.33,-25.84,-31.23,17.08,-26.42,-5.44,-38.3,5.94,-19.93,10.24
16.1,31.5,7.63,-21.68,-14.44,-11.09,11.34,-8.59,-5.07,-20.62,-3.7,-14.52,-2.06
16.18,24.43,-0.2,-26.82,-23.39,-17.04,4.56,-8.46,-7.35,-21.32,-6.66,-12.0,0.54
16.23,25.26,0.56,-26.68,-19.91,-15.22,6.8,-11.02,-11.25,-30.59,-16.12,-23.15,-8.76
16.54,31.8,4.87,-30.02,-15.73,-6.17,25.98,-3.68,-2.5,-28.3,0.65,-11.35,11.06
16.49,41.48,7.49,-47.68,-18.92,-10.53,33.04,-22.48,-13.46,-40.45,12.09,-8.71,13.3
16.13,38.92,3.72,-46.16,-17.68,-10.89,25.1,-19.24,-5.78,-29.08,8.63,-20.14,3.13
16.62,32.53,1.56,-43.77,-25.6,-14.66,22.2,-14.63,-8.1,-30.7,6.12,-14.26,4.7
16.56,48.55,3.56,-60.19,-18.53,-19.79,29.31,-27.32,1.53,-25.99,18.98,-19.35,12.82
16.83,20.36,-3.27,-27.71,-23.67,-18.52,4.16,-3.49,2.95,-7.88,1.57,-12.32,-9.08
16.05,24.74,-3.97,-35.87,-23.54,-13.06,16.14,-7.71,-4.9,-27.66,-6.68,-20.73,-5.74
16.19,34.33,2.38,-43.53,-25.24,-18.59,19.25,-11.88,2.88,-18.74,15.86,-6.49,9.38
16.93,24.54,-3.94,-37.5,-28.45,-20.5,11.07,-4.75,4.14,-15.41,4.39,-9.64,5.58
16.78,41.25,2.46,-57.28,-29.84,-27.04,13.1,-30.16,-3.14,-23.96,19.86,-15.59,6.16
16.68,31.44,3.21,-32.54,-14.52,-6.43,19.05,-17.08,-10.61,-23.94,15.77,3.5,18.12
15.86,37.91,9.56,-38.14,-26.29,-18.94,18.95,-15.7,-7.16,-24.9,15.01,-9.39,-0.46
16.04,37.75,7.82,-30.99,-12.57,-7.55,21.98,-9.35,1.91,-15.78,15.75,-7.09,4.38
16.61,52.18,11.49,-60.01,-20.13,-21.08,28.32,-28.35,-1.47,-28.01,19.51,-19.09,6.58
16.15,45.72,12.66,-44.99,-15.89,-9.83,30.36,-23.1,-8.42,-44.15,1.69,-20.55,14.15
16.69,33.18,9.74,-29.18,-24.82,-21.89,16.77,0.82,7.99,-21.13,-1.55,-13.69,7.28
16.5,41.12,5.77,-37.57,-18.62,-17.66,15.85,-19.96,-0.64,-24.47,13.05,-12.76,8.58
16.13,44.49,12.24,-45.61,-17.18,-7.55,36.94,-15.44,-2.61,-30.0,16.18,-10.19,19.88
16.2,30.65,5.32,-27.85,-18.69,-14.39,18.06,-3.77,1.9,-25.04,-3.15,-13.91,9.64
16.28,28.83,1.48,-33.09,-21.25,-13.84,14.4,-9.64,-4.09,-19.18,9.44,-1.31,10.33
15.39,37.65,3.96,-36.61,-12.58,-10.48,23.24,-17.97,-6.82,-28.49,12.17,-5.88,12.55
15.4,46.81,9.92,-44.07,-8.38,-11.59,25.84,-31.66,-11.04,-45.78,-1.12,-14.06,11.92
16.35,36.33,13.68,-26.25,-13.37,-5.5,23.37,-14.74,-13.99,-29.13,8.4,-4.03,7.95
16.95,36.21,14.21,-18.83,-8.43,-5.37,14.46,-21.82,-20.67,-30.54,9.89,4.0,14.8
16.93,24.22,4.31,-14.8,-7.1,-0.79,13.97,-7.68,-13.54,-26.43,-6.23,-4.7,7.78
17.13,25.83,6.12,-11.23,-5.19,-3.24,6.18,-12.75,-17.07,-27.98,-15.04,-16.88,-6.94
16.8,27.38,5.8,-16.72,-7.98,-2.17,13.7,-10.34,-13.38,-25.05,-3.63,-9.0,1.04
16.67,32.89,7.89,-23.51,-12.63,-11.68,9.31,-16.64,-13.27,-32.54,-6.72,-13.83,3.05
16.56,36.0,4.45,-39.46,-19.52,-12.35,16.73,-24.65,-14.49,-29.93,11.66,-11.45,2.86
16.58,32.23,0.94,-35.01,-13.22,-11.27,10.45,-25.88,-14.94,-29.21,2.64,-13.94,2.15
16.09,39.55,7.79,-34.44,-13.78,-9.42,23.8,-10.25,5.82,-15.77,15.19,-11.13,6.01
16.37,34.86,6.09,-30.77,-15.47,-20.52,9.77,-14.99,-1.42,-20.97,2.62,-19.68,-9.51
16.04,27.46,2.15,-25.51,-18.02,-13.43,6.91,-13.86,-9.09,-23.27,-3.94,-19.39,-12.47
16.91,56.88,18.64,-54.46,-12.19,-8.35,45.84,-32.83,-7.01,-39.57,11.17,-21.31,11.94
16.22,50.99,20.74,-52.0,-17.2,4.85,42.33,-28.75,-7.63,-24.93,22.17,-21.66,-1.42
16.3,28.49,5.82,-20.04,-12.03,-5.29,19.43,5.25,7.62,-11.12,-1.31,-16.56,-9.64
15.97,33.16,9.38,-24.47,-13.18,-8.18,19.45,-5.6,-4.13,-22.44,4.28,-5.94,5.36
16.33,52.2,15.72,-41.7,-7.17,-9.84,36.16,-15.67,8.26,-13.05,28.36,-7.72,9.13
15.74,46.63,12.72,-38.59,-11.37,-2.25,31.68,-16.35,1.58,-19.94,27.89,-6.9,13.02
15.92,39.53,11.75,-24.09,-7.83,-10.95,15.72,-11.86,2.99,-14.3,11.45,-4.54,8.14
16.09,27.61,3.93,-23.18,-15.31,-7.05,15.68,-2.07,0.83,-9.28,12.0,1.7,7.21
16.5,28.63,2.76,-27.42,-16.51,-12.72,10.12,-8.85,0.12,-13.65,6.67,-7.08,5.4
15.7,22.39,-3.67,-26.51,-18.93,-12.07,8.09,-3.97,-0.96,-14.58,-2.38,-9.96,1.84
16.3,21.11,-0.87,-17.83,-8.95,-1.75,14.56,4.32,6.09,-3.63,4.35,-2.92,2.16
16.72,30.29,4.62,-25.18,-17.61,-13.79,14.82,2.33,10.84,-11.27,-0.45,-17.47,-3.86
17.06,35.17,8.0,-29.01,-15.25,-11.96,22.13,0.73,13.23,-9.62,8.42,-15.99,-3.55
16.2,29.72,5.04,-27.94,-21.78,-15.5,17.77,4.15,12.69,-7.71,9.51,-8.09,1.53
15.75,27.37,5.3,-19.24,-10.27,-2.39,16.49,-4.18,-6.43,-19.96,-1.06,-8.5,0.62
15.91,30.31,2.42,-28.15,-16.79,-10.97,11.58,-12.09,-6.16,-19.58,8.39,-0.75,16.08
15.99,24.28,1.65,-19.2,-10.52,-3.98,13.53,0.07,3.38,-5.34,7.69,-0.67,4.44
15.44,23.51,3.2,-14.47,-11.03,-3.74,15.76,9.8,8.68,-5.11,1.65,-3.06,7.32
16.2,40.05,12.77,-30.74,-15.18,-10.91,21.65,-12.18,-5.24,-29.68,-0.09,-16.68,3.86
16.12,49.04,15.7,-43.1,-9.5,-9.23,43.67,-8.22,6.91,-35.37,1.93,-27.29,5.9
15.9,34.97,5.17,-36.19,-11.26,-6.54,35.68,3.13,8.41,-29.19,-8.2,-30.42,-0.47
16.28,28.88,6.06,-21.15,-13.74,-5.24,19.34,-0.45,-3.31,-22.35,-3.0,-9.4,4.62
15.88,26.7,5.39,-24.06,-17.69,-8.6,20.51,0.27,-4.96,-26.34,-3.4,-6.14,9.74
16.47,35.4,7.67,-32.84,-18.35,-8.77,28.18,-2.46,2.99,-21.58,9.38,-8.03,10.61
16.18,31.65,3.93,-27.33,-13.41,-15.13,2.7,-21.68,-10.4,-17.99,10.12,1.42,12.03
16.26,30.16,6.25,-23.34,-13.21,-7.39,13.24,-14.58,-11.37,-21.83,8.89,-0.21,11.88
15.98,36.78,14.34,-21.84,-16.29,-12.43,15.42,-10.23,-5.46,-23.29,9.39,0.69,12.12
16.24,31.3,7.27,-23.5,-20.73,-18.84,6.12,-9.52,-3.14,-20.75,-2.94,-11.15,6.48
16.09,37.02,7.78,-29.75,-10.77,-10.87,18.47,-10.1,1.95,-16.11,8.2,-13.18,-0.61
15.93,42.6,10.74,-42.15,-11.8,-5.4,31.48,-17.53,-3.31,-19.42,24.48,-1.54,9.9
16.26,31.66,6.55,-22.05,-12.62,-12.0,9.09,-6.31,5.31,-7.33,5.76,-10.44,-1.09
15.95,30.08,7.19,-20.19,-16.3,-12.45,8.02,-8.03,-4.32,-14.01,7.84,-1.52,4.78
15.88,36.77,7.88,-26.01,-5.5,-4.57,19.8,-11.08,-1.7,-21.72,-1.4,-18.71,-2.71
15.77,51.8,11.11,-44.84,-5.31,-10.36,28.1,-28.39,-1.18,-37.21,5.91,-23.0,8.08
16.34,29.68,5.27,-24.39,-13.06,-6.49,15.83,-10.59,-9.51,-24.68,-1.33,-10.65,3.08
16.19,39.82,11.58,-33.26,-14.53,-7.0,22.85,-18.73,-15.24,-31.64,9.46,-11.29,6.22
