16.53,12.86,-1.88,-24.32,-31.4,-6.13,14.81,3.84,-12.42,-25.9,-9.12,-4.39,7.55
16.47,30.76,-0.62,-34.55,-6.86,-10.6,20.21,-16.13,-10.18,-42.19,-9.13,-12.26,20.25
17.29,38.64,-1.4,-56.74,-16.36,-16.57,31.93,-24.81,-9.0,-41.31,11.36,-10.72,18.24
16.36,30.24,-4.35,-40.03,-8.44,-5.59,30.49,-3.03,5.92,-23.39,5.32,-9.31,15.27
16.39,23.02,-6.12,-33.96,-14.0,-4.98,21.1,-3.0,0.81,-19.06,-1.25,-14.6,-0.52
16.35,20.77,-9.78,-39.55,-24.92,-15.95,9.85,-16.9,-15.71,-37.71,-15.07,-24.46,-4.04
16.45,46.82,2.08,-64.71,-13.99,-16.24,37.61,-24.68,-1.38,-35.86,14.79,-21.12,7.61
16.3,27.47,-1.65,-37.48,-17.58,-5.89,22.18,-15.87,-12.9,-28.29,9.41,-4.17,9.57
16.42,26.58,-1.58,-36.71,-19.7,-8.61,19.58,-14.4,-12.64,-28.38,2.7,-12.39,-1.66
16.12,48.47,6.7,-53.63,-9.04,-1.14,36.44,-36.54,-11.01,-39.37,20.99,-17.71,9.21
16.64,28.79,-4.38,-41.27,-15.19,-10.23,21.86,-8.82,2.21,-21.62,4.01,-13.13,8.37
16.3,24.61,-5.23,-34.01,-16.48,-6.07,19.73,-6.99,-3.55,-23.12,0.61,-10.94,9.83
16.4,41.76,6.39,-48.38,-22.47,-14.4,27.3,-17.33,2.71,-23.16,15.2,-14.68,8.58
16.28,33.56,-1.65,-40.14,-18.52,-14.75,18.03,-14.79,0.21,-20.94,14.78,-5.11,13.06
16.06,27.85,-0.18,-34.0,-17.28,-7.53,20.77,-7.03,-2.32,-17.94,10.56,-2.54,9.18
15.52,32.09,-4.23,-45.57,-16.36,-12.9,19.19,-23.44,-12.3,-35.02,4.27,-15.04,9.08
16.29,43.56,9.59,-53.89,-28.65,-15.99,31.8,-26.03,-10.93,-37.28,12.45,-18.09,5.21
16.23,27.62,-1.03,-35.9,-18.34,-5.69,25.22,-6.54,-6.39,-26.12,2.48,-14.86,-2.59
15.76,29.58,2.42,-34.14,-18.6,-9.08,20.27,-14.54,-11.75,-25.98,7.31,-8.24,1.03
16.22,27.74,-0.61,-35.31,-12.76,-3.78,18.03,-26.8,-22.76,-33.58,5.47,-12.15,1.17
16.08,38.64,-6.51,-52.02,-8.28,-28.06,20.46,-34.49,-14.6,-38.21,3.31,-12.46,7.07
16.07,42.08,9.44,-47.03,-21.81,-9.48,29.39,-25.68,-15.37,-33.09,19.14,-9.73,13.11
16.19,30.7,-1.6,-41.71,-15.12,-9.27,17.37,-27.98,-17.21,-29.71,9.91,-12.59,-4.32
16.47,36.24,-5.59,-51.82,-5.85,-8.5,28.8,-18.34,4.71,-20.85,19.32,-8.54,10.42
15.95,18.73,-7.87,-32.31,-15.32,-5.23,13.97,-12.05,-9.11,-16.95,7.66,-5.0,-0.67
15.67,27.52,-3.83,-33.51,-8.68,4.15,30.32,-3.99,1.6,-17.42,12.44,-8.19,5.03
16.18,32.17,1.02,-36.69,-11.54,-4.66,27.73,-7.77,-1.04,-27.25,3.86,-10.05,15.53
15.98,29.15,3.43,-29.09,-17.21,-8.52,19.47,-9.68,-11.4,-33.57,-3.48,-9.79,10.88
16.2,41.77,3.6,-49.95,-12.43,-7.95,34.94,-22.44,-9.04,-40.13,8.64,-23.34,-1.63
16.25,37.29,4.71,-41.71,-19.72,-13.35,19.98,-24.07,-14.77,-33.61,9.47,-8.62,10.71
15.95,26.84,0.59,-28.96,-17.94,-13.69,9.77,-11.75,-6.43,-22.38,-1.6,-9.57,5.79
15.9,45.01,10.38,-54.13,-20.31,-10.26,32.28,-25.17,-9.09,-28.69,20.67,-9.36,15.31
15.71,26.46,0.88,-28.9,-15.3,-6.98,15.79,-10.65,-6.64,-15.76,13.22,2.18,6.87
16.04,34.36,3.37,-32.35,-14.82,-7.47,21.13,-8.95,2.87,-15.24,10.07,-15.92,-2.19
16.41,40.8,11.58,-38.19,-18.37,-8.61,35.58,-5.68,2.83,-21.77,15.25,-9.06,15.15
16.2,44.4,8.53,-46.22,-13.68,-16.71,32.73,-15.16,-6.98,-35.4,7.76,-16.58,12.48
15.08,32.92,0.5,-36.42,-13.59,-14.98,15.46,-15.58,-5.81,-28.87,-7.03,-30.84,-17.05
15.47,30.63,1.8,-37.95,-21.93,-10.56,22.55,-13.52,-8.36,-27.48,6.73,-8.6,9.15
15.47,35.32,10.16,-25.84,-9.91,-2.06,25.39,-7.93,-5.53,-20.73,9.42,-6.19,4.27
16.03,35.23,5.47,-31.95,-13.52,-5.95,22.23,-12.79,-6.81,-28.04,1.35,-17.93,-0.82
16.39,46.7,2.9,-58.23,-9.02,-8.85,34.28,-26.84,-1.64,-32.68,12.5,-21.98,5.74
15.8,35.21,8.33,-34.69,-16.02,-2.49,35.77,-1.41,0.25,-22.98,14.85,-4.2,9.97
15.89,24.28,-1.75,-29.27,-12.43,-2.47,23.41,-2.8,-5.05,-25.88,-4.42,-12.09,1.59
16.45,34.19,1.8,-37.67,-15.75,-6.2,24.04,-14.27,-4.26,-23.27,12.4,-9.59,8.73
16.25,35.52,2.16,-35.14,-4.04,-6.17,25.56,-14.75,-4.25,-23.82,10.08,-8.84,4.45
15.77,41.35,18.9,-47.23,-34.65,-14.05,33.17,-24.04,-20.59,-29.1,19.08,-15.25,-1.81
16.38,28.61,2.05,-34.44,-22.51,-13.13,18.81,-12.24,-12.82,-33.25,-2.05,-11.19,3.77
16.4,43.18,14.8,-54.35,-29.18,-7.89,38.6,-31.35,-20.87,-28.32,26.48,-8.98,9.5
16.11,23.35,-0.61,-25.68,-15.34,-6.7,15.77,-4.17,-6.92,-24.03,-5.95,-10.9,1.36
16.48,46.82,9.58,-50.35,-17.49,-9.65,37.26,-18.51,0.47,-28.75,18.06,-16.62,15.3
16.27,37.32,7.4,-32.35,-14.52,-14.23,17.39,-8.9,3.22,-19.47,3.63,-17.99,-1.37
15.92,32.7,7.3,-31.33,-22.65,-17.43,13.58,-11.91,-7.75,-24.56,4.62,-8.05,5.05
15.94,31.73,4.7,-30.56,-17.54,-14.66,13.74,-12.9,-11.09,-37.43,-14.99,-22.55,1.51
16.47,41.11,3.26,-45.31,-13.15,-18.2,23.54,-16.29,0.79,-29.12,4.91,-24.25,-6.0
16.35,29.3,1.91,-30.23,-18.42,-13.93,9.89,-13.05,-5.29,-21.37,-3.15,-19.78,-5.97
16.22,33.31,6.38,-33.14,-22.19,-17.26,13.82,-14.68,-9.43,-33.76,-5.72,-17.44,7.62
16.34,29.93,4.21,-29.26,-19.5,-13.47,14.1,-8.71,-5.15,-22.87,1.05,-9.08,5.86
16.38,38.14,7.99,-33.82,-19.02,-17.74,12.99,-21.26,-5.46,-19.23,16.49,-2.54,12.18
16.05,31.51,3.64,-31.09,-18.56,-16.08,7.97,-15.01,-1.34,-11.25,13.76,-5.66,0.77
15.44,28.55,-0.11,-24.43,-10.49,-5.19,9.39,-15.89,-8.1,-16.35,9.16,-1.34,11.12
15.79,47.5,14.17,-48.36,-18.69,-8.65,32.35,-29.2,-12.31,-28.22,29.76,-5.88,17.88
16.26,49.52,10.6,-55.87,-14.03,-10.38,30.25,-33.16,-5.47,-26.32,16.5,-21.42,3.52
16.2,33.32,4.01,-34.63,-19.69,-17.24,11.82,-15.06,-5.04,-25.03,3.39,-10.29,13.57
15.47,47.68,14.39,-42.96,-5.92,4.49,35.46,-26.19,-9.04,-29.35,18.06,-14.08,12.16
15.5,44.49,8.25,-47.41,-9.03,-2.49,29.85,-39.12,-22.21,-42.75,5.6,-25.76,3.26
14.99,27.68,3.37,-17.43,-8.39,-2.39,10.53,-8.77,-8.9,-21.4,-7.44,-14.25,-0.71
15.72,48.02,3.94,-44.71,5.07,-12.18,35.76,-19.99,2.59,-26.26,12.29,-13.26,11.52
16.05,47.34,13.58,-41.7,-16.18,-7.3,41.4,-16.35,-5.13,-38.88,16.49,-10.27,23.59
16.32,50.14,7.96,-52.11,-9.41,-17.33,34.24,-26.98,-4.81,-32.89,9.79,-13.11,19.39
16.14,28.81,-2.75,-32.02,-14.35,-6.92,15.22,-10.6,-0.1,-11.66,15.28,-1.14,16.23
15.78,40.98,10.35,-43.25,-22.77,-11.04,27.55,-18.08,-8.88,-31.93,11.64,-15.41,8.2
16.03,31.05,1.71,-40.62,-26.03,-17.35,21.46,-8.45,-3.74,-32.04,-2.09,-17.07,7.15
16.16,33.55,4.92,-33.8,-17.08,-9.96,20.18,-12.82,-4.45,-17.77,16.8,4.2,19.66
16.13,26.9,0.33,-26.19,-13.96,-4.73,19.37,0.4,3.17,-14.37,2.03,-10.29,3.58
16.08,49.85,7.37,-52.43,-7.01,-16.82,31.32,-18.28,11.31,-12.77,32.21,-5.41,12.54
16.29,26.84,1.67,-26.08,-19.31,-14.82,7.47,-10.36,-3.43,-15.27,3.57,-14.16,-12.55
16.34,32.48,4.13,-32.5,-18.61,-14.15,12.64,-15.88,-6.27,-19.2,10.84,-7.05,0.65
15.81,31.9,6.61,-34.11,-18.1,-6.26,26.77,-13.01,-12.05,-28.11,11.95,1.63,15.81
15.99,28.53,1.06,-31.56,-12.58,-4.87,21.15,-9.31,-0.72,-13.36,16.25,-3.14,3.58
15.81,32.56,-3.31,-41.36,-17.32,-8.8,19.25,-18.88,-2.21,-15.65,26.04,2.89,22.26
16.04,33.89,1.44,-41.53,-13.67,-8.94,19.92,-25.65,-12.85,-26.35,18.46,-2.18,12.54
16.52,31.77,2.64,-34.32,-14.84,-4.87,22.0,-17.65,-12.08,-29.55,5.41,-13.95,1.09
17.31,18.9,-7.84,-32.35,-8.86,1.98,23.71,-8.14,-7.98,-24.36,0.92,-10.16,1.48
17.54,25.38,-7.08,-38.53,-8.22,1.52,28.66,-12.96,-7.39,-31.03,5.35,-11.93,8.49
16.44,28.22,-4.26,-44.22,-19.03,-8.98,24.46,-11.25,-1.4,-22.85,9.4,-7.62,11.25
17.25,24.79,-6.22,-39.67,-17.23,-5.5,22.75,-13.74,-10.03,-29.88,5.65,-6.74,14.07
17.07,25.25,-0.94,-26.48,-11.38,-4.22,16.89,-4.89,-0.98,-13.82,4.58,-5.16,8.19
16.55,28.69,6.2,-32.92,-17.56,-2.33,29.04,-11.79,-17.07,-30.84,6.01,-6.95,7.08
16.25,30.07,0.71,-36.41,-15.78,-6.91,20.04,-17.16,-8.28,-21.69,13.51,-3.66,11.21
16.02,36.45,2.58,-27.99,-9.7,-6.56,12.03,-19.88,-7.84,-25.06,3.96,-18.14,2.52
16.78,51.92,7.97,-54.71,-5.09,-15.82,36.91,-35.81,-14.87,-38.73,10.67,-18.17,6.02
16.88,33.88,6.0,-32.26,-15.94,-8.23,22.36,-9.62,-3.28,-21.82,8.04,-9.03,6.34
16.2,39.79,4.94,-45.95,-18.39,-13.27,25.89,-15.84,2.48,-17.27,24.26,-4.05,11.19
16.57,33.22,6.01,-31.57,-18.47,-14.67,19.43,-4.93,4.56,-15.19,11.81,-4.04,8.96
16.74,42.03,13.99,-37.92,-23.25,-13.63,30.19,-7.51,4.13,-18.56,19.97,-8.37,9.61
17.14,46.57,6.05,-46.69,-16.67,-16.57,19.24,-27.25,-0.63,-29.01,17.17,-20.83,0.9
17.1,36.4,7.47,-40.74,-23.46,-9.49,27.99,-17.65,-11.45,-24.97,18.82,-8.55,1.73
16.55,27.51,3.75,-22.62,-12.6,-5.37,19.96,-1.13,-5.09,-31.1,-14.08,-17.57,5.93
16.36,39.6,1.24,-41.59,-5.74,-14.3,26.78,-16.31,-2.6,-34.01,1.3,-16.72,3.45
16.42,25.5,-2.25,-28.3,-14.11,-7.01,13.77,-11.77,-10.25,-28.21,-6.1,-13.9,7.71
16.7,20.71,-6.62,-36.8,-27.79,-21.14,0.0,-25.13,-25.78,-39.17,-12.59,-14.51,1.79
17.0,35.53,-1.29,-42.7,-17.57,-13.12,19.57,-21.98,-6.01,-28.95,8.81,-13.32,14.54
16.41,24.29,-5.61,-36.31,-17.2,-9.73,18.42,-4.52,2.79,-14.45,9.11,-2.93,10.59
16.46,36.8,2.78,-34.22,-2.48,-8.38,26.42,-14.28,-6.0,-36.38,-2.43,-13.46,14.15
16.12,28.27,1.68,-27.82,-12.36,-5.03,18.84,-5.35,0.0,-11.7,12.39,-1.26,7.07
16.36,49.58,10.88,-48.64,-13.72,-21.8,22.65,-26.2,-2.99,-33.19,10.6,-14.56,20.26
16.27,41.51,12.39,-36.94,-18.6,-11.02,27.95,-13.22,-3.06,-27.27,13.0,-6.93,14.24
16.84,36.82,1.9,-42.42,-28.85,-30.11,2.57,-29.67,-17.41,-48.48,-12.72,-30.6,0.8
16.57,35.38,9.31,-26.2,-12.85,-10.3,17.66,-10.25,-7.28,-29.62,-0.75,-13.37,-1.16
16.37,43.42,7.96,-42.77,-15.88,-15.21,19.96,-32.51,-20.2,-39.48,12.92,-13.88,7.46
16.01,40.55,12.03,-30.11,-9.78,-6.57,24.34,-11.81,-5.58,-31.98,0.05,-16.58,9.08
15.6,47.92,4.81,-52.96,-15.61,-11.91,23.4,-26.37,-0.05,-23.16,24.07,-11.23,21.02
15.73,25.7,4.6,-19.1,-15.94,-12.02,10.07,-0.09,1.93,-14.02,-0.75,-3.5,11.63
16.33,33.28,7.8,-28.99,-18.41,-11.93,17.3,-14.34,-14.07,-34.04,-0.31,-7.16,15.15
15.9,27.24,0.63,-27.79,-16.47,-15.61,1.61,-21.44,-15.7,-26.09,-3.23,-10.28,4.54
16.42,27.8,-2.34,-32.98,-22.16,-16.95,6.08,-15.24,-7.71,-25.8,-4.38,-17.75,1.47
17.07,48.09,2.88,-53.14,-7.35,-23.67,29.92,-25.13,1.15,-31.41,4.82,-25.58,6.98
16.14,35.12,0.15,-38.91,-11.37,-18.55,7.01,-27.91,-8.77,-21.7,14.05,-7.08,6.15
15.93,35.29,1.13,-43.48,-20.07,-18.23,14.41,-20.6,-3.38,-19.86,16.91,-0.5,18.9
16.48,28.39,-2.62,-40.22,-18.62,-9.72,17.49,-23.13,-20.55,-38.09,1.7,-9.07,13.12
16.88,48.45,7.82,-68.41,-28.47,-21.41,37.29,-35.27,-8.65,-37.99,4.41,-29.23,11.19
16.63,32.67,4.07,-45.84,-32.67,-22.98,17.6,-21.03,-18.07,-44.08,-3.56,-17.44,8.84
16.17,35.8,3.44,-44.07,-25.16,-18.84,14.0,-26.73,-14.46,-32.0,7.99,-15.36,2.84
16.11,37.29,0.96,-50.17,-25.17,-23.23,14.44,-30.0,-9.81,-21.03,25.39,2.52,19.4
16.37,34.86,3.47,-38.12,-17.5,-14.51,13.85,-21.69,-7.14,-24.14,6.86,-12.18,6.72
15.91,19.03,-7.06,-34.13,-21.0,-8.77,17.98,-4.28,-5.48,-21.95,1.4,-7.08,3.72
15.94,39.35,1.63,-47.93,-11.17,-9.92,30.74,-16.3,-1.08,-30.02,13.37,-12.25,9.54
16.31,32.95,-3.05,-43.28,-19.34,-9.45,21.75,-17.15,-3.41,-23.28,12.72,-15.9,1.94
16.44,41.98,-5.93,-49.68,-1.7,-33.66,27.58,-24.69,8.37,-12.28,13.85,5.09,15.4
16.2,33.49,9.7,-38.04,-33.26,-24.2,17.81,-11.28,-8.46,-30.81,4.33,-12.41,3.54
16.55,39.82,3.77,-50.25,-26.58,-23.72,19.85,-21.36,-3.65,-29.03,13.99,-14.83,10.14
15.95,24.9,-2.81,-31.24,-20.25,-12.06,11.18,-9.98,-5.77,-17.83,7.02,-3.19,7.16
16.41,31.86,1.3,-39.51,-21.21,-13.49,18.51,-13.63,-1.63,-18.71,13.84,-7.82,2.64
15.78,44.74,9.52,-38.39,-6.58,-6.3,33.78,-13.34,0.11,-29.78,12.71,-13.53,11.14
16.57,54.78,13.11,-56.44,-7.9,-6.32,49.06,-22.09,3.74,-28.61,17.01,-17.05,12.48
16.29,29.69,0.78,-30.65,-12.44,-4.98,23.02,-5.6,-1.8,-20.04,7.64,-5.2,9.88
16.11,23.35,-1.72,-28.59,-16.4,-7.51,15.77,-8.09,-10.16,-26.05,-5.5,-14.58,-6.09
16.73,45.21,14.83,-49.5,-20.18,-6.79,37.82,-13.88,3.86,-25.64,6.13,-35.56,-14.65
16.87,33.8,8.81,-26.26,-13.67,-7.12,24.92,-0.29,4.64,-19.22,0.41,-15.68,1.67
16.3,24.58,0.66,-21.63,-13.31,-7.44,10.29,-6.11,-3.21,-16.15,-1.16,-10.56,0.76
16.12,32.4,7.85,-25.49,-14.11,-6.99,15.79,-13.78,-8.79,-20.83,6.08,-11.51,-3.85
15.79,31.39,5.91,-29.56,-17.79,-7.98,20.47,-9.36,-11.04,-33.86,-9.81,-24.11,-11.36
15.74,44.22,8.72,-40.0,-4.53,-4.43,34.11,-13.7,-2.55,-39.38,-5.24,-30.25,0.16
15.93,26.28,3.06,-24.57,-11.83,0.73,27.88,2.12,-4.84,-28.7,-9.64,-18.24,-2.25
16.3,39.88,9.4,-40.51,-15.04,-0.25,36.69,-15.13,-8.71,-40.38,-4.93,-30.63,-3.96
16.2,39.37,1.88,-39.38,-9.43,0.42,33.43,-16.52,-5.1,-34.99,2.96,-24.4,5.7
16.49,38.3,2.59,-43.1,-7.81,-5.16,30.75,-17.84,-5.12,-35.31,5.77,-16.24,11.38
16.38,25.99,-4.1,-36.3,-8.52,2.61,29.92,-11.98,-11.03,-36.42,-6.77,-22.37,-0.98
16.17,38.54,-1.45,-46.43,-0.93,-2.37,35.4,-20.15,-4.38,-33.37,9.31,-15.88,8.52
16.28,44.78,3.12,-48.97,-12.02,-9.46,33.45,-24.41,0.11,-30.78,13.15,-24.18,-3.62
16.09,29.42,-0.84,-35.49,-15.16,-10.55,12.76,-21.19,-14.38,-32.01,-5.78,-24.65,-8.44
16.2,22.62,-5.01,-36.05,-25.09,-14.67,16.96,-3.02,-0.84,-20.22,4.76,-2.36,13.58
16.58,25.31,-1.38,-29.71,-12.93,-5.15,19.69,-6.19,-5.58,-25.69,-3.63,-9.36,9.14
17.09,36.09,-0.93,-48.13,-11.55,-12.55,27.82,-23.5,-11.46,-44.36,-5.27,-25.1,3.87
16.57,25.45,-0.01,-29.76,-14.03,-5.93,17.98,-12.44,-14.05,-32.85,-6.23,-15.89,-1.25
16.6,26.65,-0.09,-37.74,-32.49,-27.55,-0.38,-27.89,-26.85,-44.34,-16.67,-26.74,-11.45
16.05,46.09,-0.25,-52.05,-7.15,-32.77,18.53,-36.22,-10.98,-38.01,2.63,-16.88,2.64
16.04,35.53,5.01,-36.71,-18.12,-10.01,21.03,-20.21,-13.57,-36.02,1.55,-14.66,11.86
15.95,30.72,7.58,-23.73,-19.66,-15.29,9.97,-8.91,-7.29,-23.18,-0.65,-6.67,7.66
16.21,33.89,4.92,-37.28,-26.5,-20.5,12.43,-16.14,-8.79,-31.66,-3.04,-21.7,-4.23
16.08,34.95,3.95,-44.29,-23.68,-14.43,23.03,-16.45,-9.76,-32.95,5.72,-13.32,2.74
15.65,28.76,1.25,-37.2,-19.2,-7.94,25.28,-8.13,-5.99,-27.31,3.95,-8.92,9.27
16.2,34.69,2.38,-44.05,-22.93,-15.58,23.34,-12.95,-1.0,-24.37,10.35,-9.88,13.16
16.23,30.43,4.95,-36.22,-28.35,-18.57,21.69,-4.46,-2.28,-28.13,1.81,-9.47,8.32
16.55,24.24,1.35,-32.02,-27.34,-17.98,20.32,6.75,5.15,-24.67,-9.54,-19.69,-0.9
16.76,37.8,1.02,-47.76,-18.67,-10.26,29.28,-18.53,-5.09,-34.01,6.4,-23.52,-0.9
16.27,25.73,0.14,-28.29,-12.7,-4.41,18.81,-9.98,-12.17,-30.84,-7.75,-13.95,2.79
16.06,46.64,3.91,-49.81,-14.65,-6.52,29.18,-33.77,-10.53,-30.47,21.15,-17.25,15.89
16.45,18.39,-5.42,-25.09,-12.84,-4.77,11.41,-9.04,-11.66,-22.98,-4.25,-3.6,11.33
16.7,31.81,3.76,-38.84,-28.63,-21.57,14.75,-16.01,-14.91,-41.18,-5.99,-15.04,10.28
16.48,38.84,4.41,-44.73,-17.79,-16.34,21.0,-23.57,-10.92,-43.26,-2.78,-18.47,16.25
16.19,30.82,-1.79,-35.65,-15.54,-10.03,11.64,-25.8,-19.52,-36.93,0.53,-10.08,13.22
15.96,51.04,15.58,-54.59,-20.02,1.28,33.77,-39.76,-9.51,-29.53,16.9,-23.77,4.8
16.46,35.49,1.9,-45.52,-20.44,-8.22,30.69,-14.43,-3.87,-33.95,8.97,-13.78,12.59
16.33,34.36,2.0,-47.78,-19.43,-3.21,37.64,-14.7,-9.48,-33.01,11.57,-13.94,8.74
16.29,19.79,-7.12,-30.55,-16.88,-6.01,14.71,-9.34,-12.36,-28.58,-6.92,-11.99,2.59
16.67,34.16,-7.07,-52.14,-13.56,-18.8,25.8,-16.38,2.3,-26.39,10.39,-6.86,19.62
16.99,25.49,-2.35,-36.75,-21.55,-15.16,18.9,-6.6,-4.5,-34.45,-9.4,-15.49,13.31
17.04,33.05,-2.32,-39.48,-7.23,-9.09,26.25,-12.64,-2.74,-30.59,1.46,-13.17,10.02
16.83,21.81,-7.82,-37.64,-16.88,-5.7,17.82,-20.81,-24.23,-43.04,-6.13,-10.35,12.42
15.57,15.51,-16.56,-49.43,-29.06,-17.57,11.58,-16.48,-14.15,-31.66,-1.83,-5.63,16.38
15.92,33.62,1.82,-52.89,-35.71,-24.16,15.53,-34.12,-31.96,-53.57,-6.58,-26.72,-7.23
16.2,36.09,-0.19,-48.32,-12.38,-7.57,29.61,-22.47,-13.67,-43.39,-0.85,-19.53,7.51
16.15,42.87,4.35,-49.47,-16.7,-21.19,22.37,-16.46,3.14,-30.82,6.45,-22.65,6.74
17.06,25.2,-2.92,-38.49,-28.86,-21.56,9.19,-12.69,-9.38,-31.28,-10.88,-25.27,-10.4
16.88,30.61,5.9,-34.53,-23.05,-9.84,30.55,1.24,-0.2,-27.27,-1.59,-20.51,-7.69
17.33,30.93,6.92,-29.28,-15.92,-4.16,35.26,9.88,7.21,-25.84,-5.42,-20.43,0.54
17.06,27.95,3.92,-22.36,-13.12,-7.11,16.75,-3.21,-4.63,-26.06,-9.2,-17.44,-1.68
16.56,33.21,4.43,-36.26,-17.13,-8.79,25.08,-13.49,-11.77,-39.14,-6.81,-20.91,2.8
16.16,34.05,1.01,-32.56,-8.85,-4.45,20.72,-16.41,-7.02,-28.64,1.2,-16.63,4.33
16.27,37.79,4.58,-44.75,-17.72,-8.62,31.2,-15.85,-4.88,-33.65,5.52,-15.59,8.7
16.34,19.86,-7.38,-30.31,-22.29,-14.09,5.2,-7.74,-2.27,-10.52,5.8,-1.36,10.63
16.98,25.82,-6.93,-48.25,-25.59,-13.65,21.0,-17.25,-13.25,-36.28,-2.68,-17.32,7.85
16.79,35.24,1.0,-36.07,-9.88,-17.66,20.19,-6.83,6.95,-22.47,-0.76,-16.27,8.94
16.77,30.59,0.47,-40.1,-19.01,-9.76,27.42,-8.67,-8.26,-39.7,-9.5,-23.98,1.15
16.32,22.23,-6.01,-32.33,-18.84,-12.1,11.49,-9.56,-11.66,-35.86,-19.35,-23.88,-0.01
16.26,32.13,3.76,-33.62,-18.42,-13.04,15.02,-17.1,-12.93,-33.66,-7.76,-21.31,-1.48
16.62,27.87,3.81,-26.55,-13.2,-2.41,22.91,-8.7,-13.64,-32.48,-5.95,-16.96,-3.43
16.33,30.66,1.27,-36.38,-12.45,-1.31,31.02,-6.98,-6.02,-34.29,-6.06,-23.51,-2.25
16.98,25.52,-1.0,-28.59,-13.03,-2.74,26.91,4.4,2.62,-26.74,-11.48,-21.75,1.19
16.18,26.38,0.72,-32.2,-17.99,-7.81,18.3,-14.76,-21.37,-46.7,-19.37,-24.72,-0.55
16.76,50.34,7.36,-57.1,-15.84,-6.97,43.16,-34.79,-14.3,-50.39,5.72,-30.2,14.25
16.58,25.68,1.16,-26.16,-9.43,-0.29,23.25,-9.61,-17.07,-40.56,-15.84,-18.01,3.99
16.61,23.32,-1.18,-26.26,-9.53,1.85,25.79,-7.24,-17.78,-43.34,-14.95,-13.76,10.28
16.77,34.37,4.3,-37.62,-17.34,-13.47,20.04,-16.69,-14.04,-42.8,-8.62,-22.0,4.79
16.2,23.81,-2.12,-26.7,-21.07,-17.63,-1.25,-21.36,-20.63,-32.93,-11.15,-12.82,4.65
16.52,22.34,-5.58,-32.67,-15.05,-7.85,11.69,-16.84,-15.32,-29.62,-3.27,-6.7,11.4
16.38,27.62,-1.93,-36.67,-16.13,-4.95,24.43,-9.84,-5.85,-24.3,9.88,-3.34,12.32
17.11,46.04,-0.27,-58.14,-4.9,-18.64,38.7,-21.65,3.45,-24.64,17.28,-13.29,10.42
16.91,32.51,-0.16,-41.51,-17.84,-7.87,22.32,-22.11,-9.59,-27.65,10.7,-15.49,3.55
16.55,36.57,4.19,-32.17,-5.61,-7.06,23.25,-11.65,-0.91,-22.22,1.92,-17.36,0.25
16.49,35.97,5.91,-33.19,-10.99,0.11,33.62,-8.34,-6.02,-35.1,-3.07,-22.26,0.45
16.04,31.05,8.01,-24.88,-15.33,-5.0,26.72,0.42,-3.81,-28.8,-7.5,-20.61,-5.82
16.54,45.48,5.44,-50.83,-14.66,-15.72,33.16,-17.05,4.38,-36.54,3.15,-25.99,5.54
15.88,36.69,-0.69,-48.37,-15.71,-14.49,24.08,-20.31,-6.12,-36.46,1.04,-20.77,6.23
16.88,27.71,-3.23,-37.44,-22.95,-13.77,17.63,-6.53,2.22,-21.26,1.2,-18.38,2.14
16.49,37.09,-0.57,-45.75,-11.9,-15.03,22.71,-21.18,-8.4,-37.27,-1.43,-19.94,8.25
16.32,36.91,8.24,-45.48,-28.89,-15.27,29.33,-14.3,-7.39,-27.18,14.38,-10.61,9.79
16.36,41.31,3.76,-45.25,-13.98,-17.0,25.86,-18.9,-0.91,-33.57,1.2,-19.92,-0.62
16.42,30.11,-4.18,-43.97,-20.5,-10.18,22.06,-18.89,-11.63,-34.95,4.27,-14.9,8.07
16.23,28.08,0.06,-34.71,-13.64,-5.09,22.33,-18.06,-17.67,-37.39,-1.33,-11.42,5.29
16.33,32.2,-2.9,-46.34,-28.49,-21.57,10.92,-27.09,-16.6,-40.02,-4.06,-28.27,-10.1
16.71,33.1,3.88,-37.14,-19.21,-12.91,22.42,-9.86,-1.75,-25.32,9.38,-9.71,0.76
16.94,32.62,5.33,-40.45,-23.41,-13.92,31.73,-3.5,0.22,-34.35,0.44,-14.48,11.08
16.7,53.66,6.74,-58.64,-7.88,-17.53,41.05,-29.03,1.58,-33.05,15.07,-16.05,9.39
16.72,43.83,7.8,-43.9,-9.54,-6.69,37.3,-13.02,3.06,-20.73,27.24,-1.15,15.65
16.63,30.32,5.38,-26.16,-18.38,-15.23,8.74,-11.67,-7.29,-23.48,-2.08,-11.69,4.0
16.77,30.83,3.24,-31.64,-15.32,-4.36,31.45,3.68,6.76,-20.5,3.92,-12.46,6.51
16.16,42.87,8.05,-45.46,-22.44,-19.89,18.4,-25.3,-7.49,-36.01,-0.06,-23.97,3.23
16.91,34.95,5.29,-42.93,-25.16,-17.01,20.22,-20.49,-15.14,-37.06,3.35,-13.18,7.93
16.09,21.48,-4.12,-27.28,-12.25,-2.92,16.16,-6.73,-7.98,-23.15,-8.25,-17.51,-6.5
16.82,36.86,5.18,-35.65,-16.52,-7.11,27.44,-10.31,-3.77,-29.96,7.47,-15.6,3.1
16.77,20.2,-8.19,-30.78,-11.62,-5.53,10.06,-13.03,-5.99,-16.4,-0.95,-15.56,-8.38
16.74,26.45,-0.05,-35.03,-11.2,4.37,35.4,-5.18,-4.06,-18.21,18.4,-0.24,6.77
16.72,34.85,6.67,-39.39,-20.28,-5.79,28.97,-17.73,-14.39,-27.89,15.5,-9.33,6.38
16.92,35.99,6.81,-31.1,-13.21,-6.61,23.46,-9.16,-2.54,-26.77,-0.8,-18.81,-0.62
16.95,38.05,13.9,-37.76,-26.51,-5.38,39.88,-8.43,-13.64,-33.11,16.62,-8.41,4.64
16.43,44.43,6.19,-46.15,-8.74,-10.23,29.83,-29.47,-11.26,-39.87,10.3,-13.68,9.24
16.62,39.63,5.92,-37.09,-10.4,-10.89,26.32,-10.6,3.74,-18.83,13.34,-7.51,11.77
16.64,34.11,1.5,-40.04,-11.43,-7.15,24.94,-10.78,3.73,-17.29,12.94,-12.97,1.78
16.3,39.52,4.41,-48.0,-12.62,-4.3,36.09,-23.97,-15.32,-36.0,17.0,-12.92,7.12
16.43,36.5,6.07,-37.12,-14.64,-3.04,30.64,-12.17,-4.62,-26.03,9.97,-18.46,-5.02
16.55,35.29,2.76,-39.95,-11.85,-5.09,26.78,-19.68,-5.62,-23.93,13.88,-12.73,0.85
16.53,47.9,6.51,-57.57,-4.54,-5.67,25.62,-47.62,-15.36,-32.73,21.28,-18.03,4.5
16.63,24.72,-1.15,-29.0,-14.46,-9.68,6.68,-22.3,-15.85,-21.31,6.97,-5.94,0.37
16.03,39.24,5.84,-32.29,-3.49,-8.26,24.01,-14.54,-0.36,-21.29,12.53,-7.06,9.96
16.75,26.21,-2.15,-32.68,-15.63,-8.89,11.79,-19.17,-15.73,-30.48,-5.83,-19.07,-7.34
16.58,27.88,0.7,-29.31,-9.26,-0.92,20.58,-16.15,-14.95,-31.54,-2.08,-15.96,-2.53
16.9,50.43,13.4,-64.53,-28.89,-7.98,30.2,-44.21,-14.51,-34.47,16.84,-24.39,18.89
16.25,31.24,0.67,-32.26,-15.19,-9.15,13.78,-20.39,-14.03,-31.53,-3.36,-18.25,3.71
16.11,38.24,5.73,-39.92,-10.66,-3.49,28.02,-24.49,-12.85,-29.08,19.52,-3.9,13.29
16.7,25.19,-6.28,-33.76,-13.68,-3.33,17.93,-12.37,-8.37,-25.67,-1.13,-17.05,-0.2
16.52,49.18,8.64,-60.12,-7.72,3.5,46.76,-30.78,-9.82,-35.73,29.64,-14.08,10.8
16.78,45.7,2.55,-49.21,-4.94,-10.87,32.39,-24.66,-3.82,-32.58,11.55,-16.78,14.44
17.08,28.82,4.97,-27.99,-21.47,-16.8,13.91,-4.04,-1.88,-23.55,-2.76,-13.67,-0.58
17.33,25.16,-0.68,-29.21,-17.32,-9.04,17.99,-2.72,1.76,-17.23,1.03,-15.0,-2.6
18.0,26.56,-1.0,-37.71,-27.0,-19.89,13.35,-8.09,-0.98,-22.75,-1.35,-17.44,-0.47
16.97,17.28,-6.43,-28.91,-23.53,-13.8,12.0,3.88,2.75,-14.87,-5.67,-12.46,-3.67
16.98,39.9,3.19,-46.26,-14.03,-10.45,28.71,-16.69,3.23,-22.25,13.08,-18.27,-6.27
17.07,38.12,2.33,-42.94,-17.16,-17.32,25.44,-9.3,6.64,-28.87,2.58,-21.3,10.75
16.15,28.1,-2.93,-34.99,-9.33,-5.29,23.97,-10.32,-10.28,-38.47,-15.74,-27.3,-3.52
15.91,27.94,4.07,-26.83,-17.97,-10.31,19.27,-2.63,-3.72,-26.03,-4.26,-10.41,5.26
16.24,31.85,3.6,-31.82,-15.04,-10.2,20.56,-7.32,-1.15,-20.75,7.78,-4.81,6.16
17.12,36.74,4.29,-34.23,-8.92,-11.22,22.51,-13.62,-4.42,-32.82,-3.17,-26.15,-9.23
17.04,35.87,2.73,-40.98,-15.8,-14.45,15.16,-24.13,-9.86,-37.52,-10.27,-35.48,-12.71
16.67,29.68,-1.25,-33.53,-17.49,-12.12,6.88,-25.81,-15.83,-27.29,3.72,-15.97,-2.3
16.82,34.48,4.16,-41.42,-20.35,-9.95,20.75,-27.01,-22.74,-39.59,4.85,-18.13,-2.07
15.67,29.56,5.97,-32.41,-17.95,-3.62,28.89,-8.41,-15.33,-32.56,3.98,-8.43,3.89
16.27,34.49,0.36,-43.27,-17.93,-15.28,14.92,-24.41,-13.2,-34.84,-0.85,-22.03,-0.26
16.24,32.75,-0.73,-40.17,-22.11,-14.66,14.43,-19.78,-7.94,-25.61,13.03,-4.82,15.58
16.06,42.84,-2.24,-53.17,-2.67,-16.63,26.11,-35.8,-15.08,-40.75,1.05,-22.96,2.97
16.75,33.74,5.83,-28.33,-7.26,1.2,27.03,-16.27,-17.88,-38.9,-0.09,-9.81,11.67
16.86,50.12,13.88,-55.09,-17.81,0.01,38.57,-39.4,-19.24,-31.89,20.15,-22.66,12.55
16.58,31.68,3.38,-33.45,-17.99,-9.28,18.5,-18.28,-16.41,-34.65,1.04,-14.99,-1.14
16.43,37.92,4.13,-31.43,-4.02,-11.33,16.81,-14.72,5.21,-15.67,6.71,-16.54,-3.38
16.17,43.66,-4.16,-49.96,-7.2,-14.94,18.07,-37.76,-10.13,-43.18,6.82,-29.85,1.96
15.9,32.37,-0.72,-39.53,-9.24,-5.28,19.48,-27.17,-14.39,-27.24,11.03,-11.83,1.43
16.24,29.15,-3.52,-32.49,-6.03,-6.15,16.03,-19.51,-7.54,-25.94,3.47,-14.41,-2.26
16.75,27.32,-3.83,-41.57,-18.11,-6.86,23.78,-14.93,-11.07,-33.35,-4.31,-23.28,-4.5
16.58,19.11,-7.54,-29.86,-13.26,-0.21,24.38,3.92,-0.01,-21.75,-6.34,-12.51,4.12
17.63,23.08,-9.94,-48.68,-24.29,-13.96,19.96,-15.84,-9.82,-35.09,-3.53,-16.66,8.26
16.88,25.69,-8.54,-50.93,-20.69,-6.01,28.1,-24.8,-22.37,-47.4,-3.96,-20.46,6.5
16.82,21.43,-5.3,-28.6,-13.51,-6.13,14.83,-3.98,0.3,-11.77,4.38,-5.34,3.04
17.56,25.57,-4.48,-45.2,-28.75,-17.12,24.5,-6.69,-5.16,-41.12,-10.74,-24.04,3.63
17.04,20.49,-7.6,-34.28,-20.24,-13.44,10.86,-7.56,-4.96,-24.54,-9.18,-15.54,2.48
16.65,23.35,-1.78,-26.2,-9.86,2.31,24.24,-5.83,-12.64,-32.44,-9.09,-16.0,1.35
17.33,44.77,-0.18,-54.71,-0.29,-5.72,34.67,-31.18,-4.66,-32.83,17.05,-18.41,10.22
16.9,25.29,-7.09,-38.59,-9.01,-0.97,24.91,-15.27,-12.26,-32.51,-0.29,-16.4,0.25
16.78,45.29,-2.11,-54.49,2.29,-14.95,36.51,-30.39,-3.55,-32.81,7.03,-15.87,9.62
17.37,29.34,-6.64,-45.71,-14.34,-12.95,24.61,-5.93,9.82,-16.8,8.51,-14.67,2.6
17.2,27.15,-6.03,-46.76,-26.79,-20.25,11.17,-22.72,-13.81,-31.86,1.58,-12.76,8.91
16.8,23.54,-2.52,-35.37,-27.54,-19.33,12.44,-6.31,-3.63,-24.42,-2.23,-10.42,7.64
16.81,18.76,-6.1,-33.59,-31.99,-27.02,0.17,-4.4,3.93,-7.81,5.53,-2.42,7.5
17.26,35.89,6.0,-44.43,-26.48,-18.19,24.63,-13.06,-4.72,-28.45,9.02,-20.69,-5.13
17.04,27.22,-3.55,-42.92,-28.87,-23.91,9.84,-13.95,-3.0,-23.86,2.5,-10.98,12.09
17.1,27.48,-2.3,-40.58,-24.31,-14.27,21.22,-6.33,5.85,-12.37,18.54,-6.2,2.05
17.07,19.83,-6.87,-31.59,-21.03,-15.23,3.98,-11.58,-6.8,-18.69,-5.69,-16.13,-5.92
17.09,32.66,-3.1,-48.01,-19.71,-17.11,17.67,-24.41,-7.32,-27.99,9.99,-17.35,-2.17
16.67,38.12,7.37,-43.61,-18.65,-1.54,38.44,-10.08,-3.33,-28.33,10.0,-21.55,-4.3
16.54,27.41,-9.85,-46.33,-20.77,-16.21,19.28,-6.85,6.84,-19.62,4.89,-15.87,11.48
16.89,45.21,10.73,-50.82,-23.6,-18.55,27.16,-28.42,-11.28,-51.51,-8.89,-36.57,-0.69
17.51,28.21,3.12,-32.81,-19.15,-10.84,20.18,-13.48,-18.17,-45.94,-16.21,-22.9,2.01
16.03,25.62,2.04,-21.53,-10.94,-5.05,13.94,-6.02,-6.65,-21.68,-4.55,-9.31,2.84
16.01,42.93,9.83,-38.5,-14.49,-22.56,20.83,-17.23,-5.14,-42.06,-8.96,-24.74,12.81
16.18,32.04,7.76,-23.86,-10.44,-4.81,24.14,-3.0,-3.91,-30.88,-9.06,-17.97,2.98
16.49,50.75,12.54,-57.53,-15.46,-7.77,41.11,-27.08,-5.7,-36.39,11.1,-24.83,5.61
16.44,32.99,3.35,-33.46,-4.13,6.79,36.47,-8.76,-6.66,-30.92,3.97,-16.23,0.33
16.74,28.18,2.55,-29.72,-17.79,-10.41,14.47,-13.45,-9.52,-21.79,8.39,-5.23,-0.2
16.67,42.77,8.87,-36.52,-9.68,-15.03,20.28,-17.26,4.89,-15.7,14.03,-16.32,-1.66
16.9,21.68,-0.01,-18.09,-14.01,-7.81,9.3,0.93,1.47,-11.16,-6.03,-16.76,-12.22
16.4,33.75,5.34,-33.39,-16.33,-10.04,21.36,-11.4,-6.1,-29.91,-3.98,-20.45,-1.0
16.59,38.51,3.83,-37.75,-17.58,-14.18,16.56,-22.14,-12.08,-39.53,-2.07,-20.73,11.0
16.87,37.0,4.27,-43.5,-19.88,-12.94,20.49,-25.8,-17.3,-37.97,4.96,-15.77,5.52
16.39,31.81,-1.44,-35.28,-11.8,-6.9,17.18,-21.06,-13.27,-35.31,-2.69,-16.45,9.72
16.8,26.23,-1.38,-30.5,-9.91,0.07,26.24,-2.99,-0.73,-17.27,6.96,-8.77,-1.21
16.46,39.36,2.06,-50.51,-14.55,-8.1,27.29,-29.75,-10.95,-32.36,14.92,-13.98,11.61
15.91,25.49,-3.44,-35.47,-16.0,-6.35,22.44,-6.53,-3.85,-24.07,0.06,-13.39,1.28
16.37,25.01,-1.37,-28.37,-11.15,0.31,24.01,-4.99,-3.9,-19.76,5.73,-8.18,1.41
16.76,30.87,0.3,-36.05,-7.52,1.65,28.81,-14.4,-6.37,-23.59,9.21,-15.45,-3.15
16.28,27.72,-0.99,-27.95,-7.49,2.37,24.03,-7.66,-3.86,-19.54,6.38,-9.66,2.74
16.68,50.41,9.61,-53.67,-7.7,-8.38,44.3,-17.18,-0.44,-32.59,19.65,-11.36,14.56
16.7,35.27,-2.3,-41.97,-1.05,-3.5,29.72,-19.23,-4.92,-25.98,16.89,-2.48,16.51
16.54,22.31,-3.7,-27.91,-10.13,-0.47,19.94,-6.9,-9.09,-25.63,-4.31,-11.44,2.4
16.56,38.49,0.56,-43.34,-1.38,-6.05,25.58,-31.5,-11.57,-27.18,23.88,-0.84,12.45
16.86,42.75,0.89,-53.93,-5.68,-7.19,31.13,-42.17,-22.07,-46.3,12.11,-19.21,3.56
16.73,29.16,-2.1,-34.91,-6.9,1.84,27.76,-16.85,-13.53,-33.21,4.16,-13.29,2.76
16.41,48.04,6.88,-62.01,-17.56,-10.14,33.54,-35.69,-12.78,-38.07,19.52,-20.88,5.26
17.28,34.7,3.18,-41.89,-22.47,-12.08,25.89,-12.1,-4.37,-27.63,8.21,-14.89,3.33
17.73,40.11,8.46,-46.46,-20.62,-10.97,39.71,-8.54,4.49,-35.46,2.21,-32.64,-0.73
17.27,41.73,4.88,-49.8,-22.04,-16.68,34.37,-8.12,8.86,-32.15,6.25,-24.73,6.62
17.19,34.73,-0.02,-46.36,-20.66,-18.84,22.79,-10.23,4.68,-25.47,7.19,-10.99,17.69
16.42,22.48,-2.63,-21.24,-10.46,-3.46,8.94,-9.0,-4.24,-7.83,10.91,2.33,7.47
17.0,46.05,10.22,-50.04,-14.81,-6.13,32.26,-28.86,-10.1,-31.51,16.18,-19.1,11.84
16.67,42.49,3.32,-42.46,-4.94,-12.38,25.0,-23.73,-6.0,-32.74,7.99,-17.93,2.15
16.58,38.91,8.91,-33.1,-11.83,-7.96,21.22,-18.63,-7.18,-22.58,15.83,-5.84,8.04
16.36,22.66,0.09,-22.74,-20.43,-16.16,2.26,-10.1,-10.54,-23.09,-7.15,-7.54,7.6
16.21,29.74,3.83,-27.93,-13.03,-5.03,18.41,-10.75,-7.53,-21.1,5.65,-9.1,-1.68
16.62,41.5,7.84,-40.35,-15.75,-7.42,25.34,-22.5,-10.91,-35.53,7.45,-22.85,-2.63
15.54,42.54,-0.45,-46.54,-0.68,-16.95,23.28,-32.6,-8.0,-28.08,11.74,-13.2,1.46
16.77,33.44,-5.45,-45.36,-18.73,-10.54,21.67,-17.85,-0.68,-24.19,13.31,-15.33,7.87
17.03,30.41,1.81,-37.92,-25.23,-16.59,18.11,-6.74,5.03,-11.1,18.03,0.25,14.21
16.94,29.13,0.94,-29.82,-16.23,-14.43,15.08,-3.88,5.74,-17.17,-0.76,-18.39,-2.03
16.28,36.1,5.06,-37.5,-17.16,-9.92,23.26,-11.54,2.29,-14.47,17.93,-6.16,5.39
17.26,45.73,4.51,-54.06,-13.75,-10.17,37.21,-20.4,5.04,-25.84,21.56,-22.85,0.63
17.44,26.07,-1.59,-35.45,-23.57,-16.74,13.87,-4.51,8.36,-5.51,14.3,-7.38,1.06
16.71,27.23,-0.87,-28.97,-14.76,-5.8,19.33,-5.64,-4.01,-23.34,1.33,-7.35,10.28
16.76,29.95,-1.38,-43.32,-19.21,-5.94,34.18,1.0,9.2,-19.33,8.22,-14.15,2.06
16.74,32.83,-1.06,-39.64,-14.33,-5.3,27.23,-9.42,-0.2,-26.12,2.07,-21.97,-2.24
16.94,37.65,9.78,-39.53,-22.34,-9.63,36.96,-1.53,0.91,-29.09,7.25,-18.86,-4.19
16.42,25.44,-0.15,-32.74,-22.05,-11.83,18.28,-2.39,4.24,-7.93,17.82,-1.28,0.8
16.93,47.85,10.98,-47.9,-11.81,-16.05,30.47,-17.54,10.49,-25.04,10.38,-31.67,-2.24
16.38,35.63,5.1,-38.43,-22.3,-12.87,23.19,-6.55,8.1,-10.25,23.98,1.67,18.65
16.56,28.07,3.97,-26.65,-21.77,-17.59,6.53,-10.43,-7.02,-20.64,0.94,-6.12,4.62
16.67,34.02,3.59,-31.38,-18.35,-15.3,12.23,-12.51,-3.34,-23.82,1.92,-15.46,3.11
16.65,43.08,3.99,-45.67,-5.78,-12.26,25.96,-25.85,-9.34,-39.5,3.64,-13.93,17.72
16.1,43.02,5.89,-50.44,-18.38,-8.36,30.1,-28.3,-6.93,-21.51,31.83,-11.34,0.5
16.11,30.15,-3.25,-43.27,-18.5,-10.46,25.53,-8.92,3.31,-18.05,15.14,-5.75,7.45
16.64,18.81,-11.67,-36.06,-17.82,-7.0,12.97,-15.37,-14.72,-30.29,-5.35,-11.01,10.61
16.76,25.84,-3.06,-36.71,-23.53,-15.78,13.32,-9.66,-2.8,-16.27,12.56,3.15,17.19
16.55,31.73,-0.19,-37.41,-18.53,-11.14,20.27,-10.37,-0.27,-20.74,10.21,-7.93,10.66
16.2,42.1,0.95,-45.74,-4.22,-18.62,31.79,-22.95,-7.74,-36.05,1.44,-15.74,2.83
16.67,40.83,5.2,-42.61,-23.39,-16.55,23.69,-15.39,3.59,-25.07,14.62,-14.14,9.25
16.4,21.72,-7.96,-37.43,-25.84,-22.35,-3.23,-23.34,-13.81,-20.08,2.08,-6.83,5.35
16.27,46.55,7.01,-52.46,-12.2,-2.69,43.18,-21.27,-6.01,-42.61,17.83,-18.13,10.78
16.91,24.47,-3.44,-35.42,-16.94,-5.15,24.24,-5.59,-5.94,-30.46,-8.36,-19.95,1.29
17.05,21.94,-4.12,-25.43,-13.0,-6.81,6.85,-16.44,-15.25,-24.99,-3.93,-10.69,1.08
17.01,34.02,0.54,-33.74,0.06,-5.81,18.08,-26.84,-13.23,-27.86,12.85,-5.12,6.53
17.4,43.16,-0.55,-51.69,-1.52,-10.16,27.73,-32.3,-1.0,-23.85,21.08,-16.36,1.51
17.67,25.4,-4.13,-32.36,-11.99,-7.9,11.24,-14.77,-2.27,-12.12,8.39,-11.54,-2.69
16.53,28.5,1.55,-42.48,-29.54,-15.14,22.85,-13.49,-12.86,-29.5,7.93,-9.68,1.42
