3.15,-37.45,-16.08,-8.42,-14.06,-1.95,-8.07,-2.17,-13.98,-6.07,-3.44,3.8,-0.85
10.37,19.12,-6.03,-29.06,-13.74,-2.87,16.63,0.87,-3.09,-16.62,-3.81,-3.39,8.14
13.1,28.57,2.34,-54.92,-19.55,7.83,29.84,-45.07,-41.84,-51.96,1.62,-15.14,10.38
14.93,9.21,-19.01,-32.68,-9.77,3.37,15.0,-16.51,-21.86,-32.59,-7.26,-9.97,4.97
16.13,32.84,-14.96,-60.95,3.3,-9.69,41.18,-33.05,-10.77,-38.77,15.19,-2.23,21.93
16.06,22.1,-7.81,-35.77,-3.11,4.75,25.22,-22.33,-20.8,-37.15,6.7,-2.5,16.67
16.73,27.92,-5.57,-43.49,-0.22,6.39,32.2,-28.24,-18.58,-34.99,15.24,-1.73,22.24
16.91,34.69,-1.83,-51.99,-6.29,13.11,47.13,-26.2,-15.4,-41.41,14.04,-19.32,12.4
17.17,34.01,-13.5,-54.89,5.64,-22.94,36.96,-39.91,-23.91,-50.35,-8.08,-8.08,10.29
17.52,18.11,-12.32,-40.35,-11.73,1.13,22.06,-25.14,-25.49,-40.37,4.36,-3.19,17.39
17.07,16.6,-13.25,-41.0,-17.58,-8.37,10.95,-25.59,-24.41,-36.64,-1.63,-2.83,16.9
17.9,28.96,-3.3,-49.28,-9.58,6.76,39.25,-31.27,-24.16,-37.09,24.72,-0.24,18.95
17.85,23.79,-7.79,-44.61,-8.11,-0.52,26.25,-28.61,-20.15,-37.68,16.05,8.12,36.44
18.06,20.77,-9.41,-36.83,-10.28,-6.9,10.55,-32.6,-26.51,-38.19,6.49,3.0,23.98
18.01,24.22,-6.43,-41.49,-2.76,8.66,33.05,-27.72,-25.02,-42.9,7.36,-5.7,16.93
17.88,30.82,-6.75,-42.74,4.44,2.63,35.04,-22.31,-13.65,-41.31,2.93,-9.5,15.04
17.95,21.14,-11.64,-48.4,-16.85,-7.71,18.56,-31.99,-25.25,-36.03,15.46,3.53,19.84
18.85,31.66,-3.65,-52.16,-9.86,5.17,40.45,-28.27,-15.75,-36.31,22.9,-4.22,23.08
18.66,20.19,-7.01,-35.26,-7.27,5.08,27.16,-18.09,-19.93,-33.64,9.52,4.02,20.3
18.29,33.77,-2.66,-46.59,-7.85,1.95,32.09,-28.49,-14.53,-34.72,21.61,0.48,31.19
18.24,20.59,-4.99,-27.98,-4.3,6.13,23.83,-13.65,-16.47,-28.83,4.08,1.73,17.51
18.36,26.48,-4.09,-40.56,-6.98,8.14,40.31,-11.46,-9.71,-33.33,12.52,-1.15,26.08
17.86,30.31,-3.31,-48.61,-14.67,-0.54,33.73,-21.96,-11.36,-25.48,26.92,6.24,28.01
18.22,25.68,-9.23,-35.46,4.89,1.39,27.61,-13.2,-4.3,-27.23,0.39,-7.53,14.86
19.14,33.76,-10.5,-47.08,12.43,-6.65,38.91,-33.14,-15.23,-38.76,6.67,-6.23,9.33
19.22,17.01,-11.83,-34.1,-4.01,5.34,22.99,-20.44,-21.03,-35.71,4.76,2.32,23.8
19.14,12.53,-16.04,-39.89,-13.36,-4.0,12.12,-28.53,-28.65,-37.4,3.87,5.7,23.99
18.36,19.27,-10.5,-33.85,-11.13,-0.83,16.56,-17.8,-13.7,-22.84,12.37,4.39,19.89
19.29,40.17,-11.57,-57.92,12.22,-15.17,49.2,-36.04,-4.87,-28.66,16.12,4.34,15.92
19.47,18.35,-12.74,-41.34,-9.16,6.58,34.21,-9.35,-6.56,-27.43,10.35,-3.13,21.27
18.65,26.79,-7.08,-43.83,-5.99,2.16,30.32,-20.38,-7.5,-20.85,24.45,1.38,15.84
18.28,23.38,-9.73,-38.72,-5.66,8.88,34.09,-13.2,-9.5,-29.79,8.31,-10.86,10.59
18.69,38.86,7.43,-56.1,-22.78,12.52,50.67,-30.19,-19.57,-33.01,18.21,-33.16,3.45
19.27,24.62,-7.02,-37.08,-3.56,4.81,31.16,-14.57,-10.98,-31.91,10.07,1.17,22.85
19.02,12.69,-16.23,-39.34,-5.01,5.51,24.07,-19.72,-15.62,-25.56,15.62,9.73,25.72
19.13,37.21,-6.15,-53.66,-4.63,7.04,42.39,-32.9,-11.65,-36.85,23.02,-16.63,12.99
19.25,34.44,-3.61,-54.46,-9.64,-0.82,36.67,-32.6,-20.97,-47.25,9.4,-14.68,16.99
19.28,30.43,-9.68,-48.18,-4.44,-2.13,25.03,-37.91,-21.7,-41.78,14.71,-5.39,26.33
19.32,18.39,-11.49,-39.23,-9.83,0.44,22.8,-18.4,-16.53,-30.35,7.87,1.99,19.39
19.47,16.79,-13.56,-40.59,-14.42,-3.68,15.96,-27.95,-26.65,-40.21,1.61,-6.49,12.72
18.78,20.36,-6.3,-30.73,-0.93,10.29,27.27,-18.5,-20.09,-31.17,9.07,2.71,17.53
18.87,24.14,-10.86,-51.92,-17.02,-4.4,22.19,-37.67,-26.32,-40.3,16.25,-2.66,23.35
18.91,41.75,-13.72,-70.34,-2.63,-27.18,30.19,-55.29,-17.58,-43.07,10.24,-5.63,15.45
19.69,23.5,-8.86,-40.2,-6.6,0.57,24.27,-23.29,-16.4,-33.62,9.22,-4.72,13.86
19.59,24.0,-9.53,-43.79,4.03,11.19,39.96,-24.07,-20.24,-46.41,5.97,-3.73,26.3
18.95,12.05,-19.73,-42.39,-19.28,-11.06,4.91,-30.97,-29.9,-41.39,-2.53,-1.37,21.93
18.2,31.58,-0.85,-42.04,-12.61,-8.57,20.4,-28.98,-19.16,-37.23,9.26,-2.19,21.02
19.27,29.27,-9.46,-46.78,-2.14,-4.18,28.79,-24.49,-9.39,-29.97,15.48,0.1,21.53
19.67,17.51,-12.33,-41.29,-9.89,0.93,22.3,-26.37,-28.84,-45.49,-1.41,-4.38,18.58
19.42,25.25,-12.61,-45.7,-3.67,2.74,29.49,-28.19,-17.39,-36.6,14.35,-2.67,23.45
19.77,33.58,-11.4,-66.97,-14.0,-10.96,28.45,-45.76,-20.46,-40.31,23.1,-5.24,24.89
19.13,16.06,-18.07,-40.22,-13.91,-5.2,7.95,-29.62,-20.96,-28.34,8.41,-3.83,13.73
19.22,38.28,-5.91,-61.61,-7.59,-9.4,30.38,-43.61,-18.01,-43.41,18.12,-3.67,30.44
19.79,24.62,-6.52,-35.37,-5.74,-1.35,22.3,-18.16,-11.81,-26.69,13.88,5.93,22.5
20.0,13.08,-15.22,-36.76,-5.77,3.71,17.52,-24.68,-21.14,-27.91,8.32,-1.19,9.87
19.77,21.85,-11.52,-39.96,-4.9,1.4,22.09,-24.95,-13.22,-23.21,22.09,7.32,22.56
20.51,16.75,-14.59,-46.69,-8.57,1.04,20.69,-37.06,-26.36,-30.68,25.63,10.64,24.41
20.32,15.67,-15.68,-36.4,-1.08,8.43,24.46,-20.44,-14.22,-24.07,15.96,3.9,19.26
20.66,25.28,-9.82,-54.09,-11.09,1.64,29.07,-42.26,-32.38,-45.04,19.79,-0.03,25.03
20.01,20.98,-12.81,-42.22,-7.28,0.93,28.66,-16.74,-9.5,-25.99,19.45,7.8,25.32
19.34,21.94,-9.9,-51.76,-27.45,-13.9,16.63,-33.52,-31.32,-42.56,13.49,6.02,27.75
19.88,10.84,-18.97,-36.07,-11.78,-0.63,10.85,-23.14,-21.32,-28.14,0.99,-9.47,0.56
20.17,28.52,-8.55,-54.3,-12.22,1.03,37.1,-21.44,-8.97,-31.89,18.14,-7.7,14.79
20.59,9.8,-19.85,-38.22,-10.98,2.66,18.74,-16.84,-13.44,-20.21,13.93,2.6,12.04
19.99,19.97,-12.81,-46.6,-6.17,6.48,29.65,-29.53,-25.21,-40.31,10.3,-2.83,19.44
19.42,34.04,-9.19,-59.93,-7.91,-10.34,29.76,-38.13,-20.69,-50.11,2.02,-17.06,15.88
19.25,18.72,-8.66,-37.07,-14.63,-4.97,16.8,-22.78,-24.2,-36.61,4.14,0.94,15.8
19.18,16.9,-12.41,-36.72,-22.12,-13.12,6.76,-18.1,-19.06,-33.73,-6.88,-6.37,13.51
19.23,17.56,-8.69,-30.15,-12.94,-2.82,16.83,-6.0,-6.62,-18.6,2.34,-1.06,11.57
19.45,18.57,-11.85,-37.78,-16.51,-4.7,16.52,-16.85,-14.91,-26.72,8.61,1.86,17.97
19.1,21.77,-10.74,-40.93,-7.73,0.41,24.61,-15.84,-9.39,-26.28,10.23,0.03,19.47
19.69,15.65,-14.88,-39.62,-11.59,2.27,22.74,-20.44,-21.57,-36.23,3.67,-5.84,10.48
19.76,15.54,-14.57,-45.33,-19.27,-6.01,21.36,-17.39,-16.96,-32.06,8.06,2.1,18.48
20.01,17.59,-12.89,-40.45,-5.94,9.02,32.32,-19.03,-18.97,-36.14,8.59,-3.61,15.75
19.91,10.99,-19.76,-43.85,-11.69,0.07,19.03,-22.08,-19.08,-30.05,5.62,-2.25,13.7
19.98,23.2,-12.45,-50.86,-9.93,6.73,36.94,-25.0,-19.98,-41.06,12.77,-7.4,19.99
19.3,51.92,0.09,-80.0,-11.48,2.75,56.87,-53.72,-3.37,-29.19,24.86,-15.74,9.34
19.33,21.0,-13.32,-43.65,-11.89,-2.5,23.48,-18.04,-10.17,-29.54,7.59,-8.63,9.17
19.72,21.29,-14.81,-47.23,-5.91,0.34,23.51,-28.02,-18.83,-36.28,4.0,-9.41,14.3
19.7,16.0,-17.02,-43.99,-16.84,-8.25,9.77,-33.81,-29.88,-43.62,-0.51,-7.49,16.51
18.94,13.74,-13.09,-31.48,-6.05,6.6,23.3,-7.58,-10.16,-22.71,-0.36,-7.84,2.11
19.12,29.05,-8.94,-51.91,-16.58,-7.16,20.36,-35.87,-20.08,-34.08,18.23,-8.73,11.4
19.15,39.46,-6.83,-57.71,0.26,-4.64,36.22,-32.91,-8.48,-37.59,13.31,-16.29,9.74
19.21,17.41,-13.11,-35.37,-12.57,-7.25,3.48,-33.8,-23.96,-27.58,6.16,-14.65,-8.93
18.75,34.24,-5.58,-48.37,2.53,3.4,34.02,-30.78,-14.76,-36.77,13.66,-11.19,11.7
18.67,37.87,1.06,-44.23,-8.84,-11.34,25.17,-25.11,-10.76,-37.82,8.14,-8.28,18.96
19.62,31.12,-12.72,-50.77,3.96,-10.87,33.6,-29.63,-11.2,-33.8,13.09,1.54,21.24
19.81,18.78,-15.62,-43.37,-9.17,3.58,25.33,-22.68,-13.97,-28.93,16.1,-0.62,20.16
19.03,25.86,-9.87,-50.2,-11.08,-3.36,23.65,-33.15,-23.51,-42.04,9.5,-7.03,16.16
20.09,16.72,-18.1,-49.72,-18.44,-4.93,19.9,-26.07,-17.0,-27.58,22.28,9.63,29.65
19.75,13.08,-17.12,-41.54,-16.87,-6.88,13.82,-16.69,-12.83,-22.95,9.16,8.77,27.4
19.58,30.25,-6.97,-46.89,-6.3,-0.97,32.44,-26.17,-13.49,-33.31,20.85,-0.02,22.83
19.07,38.94,-3.82,-56.39,-7.99,-14.24,35.36,-27.48,-6.77,-41.64,11.52,-5.53,30.01
19.21,38.59,-6.14,-64.15,-3.75,-4.97,40.89,-35.51,-6.73,-37.66,22.11,-0.49,31.71
19.61,34.42,-11.74,-51.49,5.71,-15.88,39.93,-25.72,-8.08,-38.59,1.34,-1.52,20.96
19.52,15.67,-14.05,-36.54,-10.69,3.93,24.65,-12.46,-14.07,-29.11,5.1,-0.91,18.5
19.43,15.44,-15.8,-40.84,-5.81,2.21,20.67,-25.55,-23.71,-36.42,5.84,2.73,22.51
19.39,13.87,-19.02,-42.14,-14.85,-2.09,17.37,-19.46,-15.73,-28.73,5.84,-5.18,11.01
19.87,17.96,-12.05,-43.28,-16.83,-5.34,22.9,-15.58,-15.35,-35.48,1.75,-4.28,14.86
18.92,15.04,-14.03,-30.28,-7.59,2.86,14.93,-16.47,-16.3,-24.87,5.04,1.47,16.29
18.99,24.21,-6.95,-41.32,-11.21,-5.19,21.27,-23.36,-18.05,-37.64,4.91,-1.88,22.58
19.6,23.01,-13.42,-46.19,-8.31,-4.71,19.74,-33.99,-26.37,-46.53,2.95,-3.74,27.44
19.94,20.88,-6.95,-34.05,-0.99,7.48,28.84,-19.79,-20.83,-39.92,3.48,1.7,26.78
19.3,25.64,-12.46,-56.27,-21.15,-12.0,18.56,-37.93,-25.1,-43.22,13.17,-2.14,30.07
19.92,10.3,-21.31,-48.74,-16.71,0.76,28.61,-10.13,-9.18,-24.53,12.62,5.1,20.76
20.1,18.42,-11.97,-50.07,-15.63,3.01,33.57,-25.84,-24.41,-38.08,15.0,-3.27,14.44
19.54,21.07,-10.63,-36.69,0.51,2.14,28.76,-12.04,-5.87,-26.45,11.12,4.25,20.19
20.08,8.96,-21.65,-42.31,-9.81,5.7,24.98,-18.26,-18.55,-32.43,6.1,-3.3,13.44
19.57,34.0,-9.88,-45.74,12.27,-7.1,42.23,-22.61,-5.3,-32.78,5.59,-3.37,18.28
18.93,29.0,-4.74,-45.41,-13.11,-5.2,20.75,-34.59,-27.03,-46.19,1.79,-17.05,5.87
18.75,29.35,-3.14,-43.4,-3.66,7.07,32.47,-34.43,-28.47,-43.62,14.53,-4.92,15.52
19.27,34.9,-3.23,-54.59,-9.7,5.63,41.49,-34.99,-24.04,-49.33,17.25,-12.45,19.33
19.04,15.47,-15.25,-44.5,-13.64,-1.62,21.05,-23.61,-21.18,-32.78,9.2,-2.25,9.54
19.35,22.97,-13.16,-57.08,-20.25,-4.75,29.8,-26.59,-18.42,-39.42,11.45,-9.42,16.74
19.19,12.05,-16.7,-37.59,-11.24,4.29,26.92,-0.58,-0.39,-14.18,8.9,1.81,14.31
19.35,29.4,-6.47,-49.97,-11.82,-2.5,29.22,-33.91,-23.93,-43.85,17.06,-2.42,22.55
19.85,14.62,-15.52,-46.33,-16.03,-3.18,22.66,-22.77,-21.3,-36.14,9.08,3.35,24.9
19.81,23.98,-13.64,-49.61,-9.4,-10.58,22.83,-26.96,-16.54,-39.18,11.42,4.16,30.21
20.29,24.82,-10.63,-53.47,-7.29,3.38,30.43,-40.81,-29.3,-46.32,13.73,-7.71,18.37
19.96,18.81,-14.38,-38.51,-0.86,5.02,26.3,-19.01,-9.92,-25.55,17.21,5.6,23.5
18.56,29.91,-5.22,-53.59,-16.48,-2.14,30.56,-34.32,-20.55,-30.69,31.05,5.17,20.03
18.86,24.0,-10.9,-45.36,-20.4,-12.54,15.49,-22.82,-18.04,-40.78,-1.88,-11.06,14.46
19.29,42.48,-5.02,-65.92,1.41,0.51,50.01,-45.7,-22.05,-54.36,8.46,-17.76,26.06
18.87,19.89,-9.11,-31.16,-7.27,3.94,24.38,-9.06,-11.22,-30.0,0.54,-2.84,18.01
19.25,17.48,-9.33,-37.18,-11.14,2.22,27.08,-15.22,-19.5,-37.75,0.78,-2.74,17.65
20.08,30.73,-11.02,-54.78,-7.16,-8.06,32.24,-27.06,-11.24,-34.53,17.7,-0.49,26.44
19.37,12.9,-13.42,-30.82,-8.9,2.16,16.9,-10.33,-13.07,-24.14,-1.9,-2.53,12.39
18.57,33.86,-7.69,-51.38,-16.37,-12.64,17.2,-37.15,-21.07,-43.57,12.8,-5.51,32.08
18.62,32.19,-4.2,-52.16,-20.37,-12.41,22.57,-27.13,-13.83,-35.36,12.14,-5.96,23.86
19.51,26.03,-10.47,-43.17,-5.64,1.04,26.25,-23.64,-11.35,-29.65,14.25,-5.04,17.51
20.08,22.55,-9.45,-44.87,-3.86,8.05,35.2,-23.65,-15.4,-30.76,21.0,5.17,27.86
19.31,17.39,-14.09,-37.39,-11.41,2.48,24.9,-7.27,-1.53,-14.03,19.36,8.61,24.19
19.01,16.66,-13.2,-40.05,-12.01,-0.38,25.68,-7.3,-1.52,-12.89,23.93,16.47,29.22
19.83,17.03,-14.5,-40.48,-5.11,9.56,32.83,-14.45,-9.57,-24.04,18.64,3.41,21.0
19.17,22.83,-7.03,-33.65,-1.06,8.1,32.85,-6.88,-6.9,-28.6,3.89,-3.35,17.05
19.27,31.32,-4.58,-42.54,-0.79,-0.32,38.74,-11.91,-1.89,-27.54,18.17,5.01,27.38
19.26,16.11,-10.04,-31.13,-6.9,2.42,20.57,-12.19,-11.99,-22.89,9.34,8.32,23.39
19.02,19.19,-12.03,-34.56,-5.17,5.99,23.97,-18.18,-16.55,-33.34,4.61,-3.74,20.03
18.88,26.55,-5.45,-37.41,-2.02,2.59,25.47,-21.34,-12.68,-28.91,13.72,1.56,20.24
18.64,21.23,-10.27,-35.62,-10.5,1.42,21.75,-16.89,-16.78,-34.58,-1.12,-9.27,15.93
18.49,34.61,-9.04,-55.28,-1.58,-7.25,31.87,-33.8,-16.22,-42.66,8.97,-11.7,18.58
19.55,21.31,-10.68,-43.88,-11.55,0.38,28.17,-23.9,-21.51,-43.45,8.1,0.11,30.26
18.3,24.45,-5.88,-37.69,-6.64,1.37,28.61,-13.25,-8.24,-27.98,11.86,4.63,27.72
19.68,21.46,-9.98,-44.0,-5.67,10.76,43.69,-9.21,0.31,-19.23,34.49,17.73,40.81
19.94,17.5,-13.54,-44.08,-9.56,3.98,29.9,-16.97,-12.83,-27.93,15.36,7.31,28.34
19.55,43.55,-4.3,-64.02,-2.87,1.96,50.02,-31.03,-2.17,-36.61,24.87,-13.42,23.1
19.07,27.1,-4.02,-41.74,-13.54,-5.72,29.25,-10.58,-4.9,-29.68,11.14,1.79,25.65
18.6,35.36,-1.93,-44.16,-10.74,-4.51,31.58,-11.79,2.44,-28.06,10.18,-10.48,21.08
19.23,30.32,-3.03,-44.12,-9.61,1.31,32.37,-18.49,-9.88,-31.54,11.05,-11.5,8.96
19.49,28.75,-5.81,-40.32,-2.11,-0.53,25.1,-28.06,-15.34,-31.98,17.17,1.15,22.79
20.37,28.28,-5.31,-49.7,-4.53,10.72,38.41,-35.52,-25.85,-41.16,19.53,-9.44,12.61
20.23,18.56,-12.56,-38.07,-0.35,10.0,28.61,-25.72,-21.65,-37.24,13.52,5.91,30.74
19.45,13.42,-14.52,-33.95,-3.66,4.8,19.74,-19.85,-22.48,-36.98,-6.03,-8.95,8.29
18.77,24.03,-7.58,-36.1,-8.45,-2.06,20.58,-19.11,-13.57,-29.12,7.71,-3.93,12.53
19.01,28.05,-4.97,-44.59,-11.1,-1.56,28.52,-22.46,-15.45,-36.44,7.53,-9.74,13.01
18.5,20.16,-8.71,-36.55,-18.57,-8.26,14.32,-16.92,-12.95,-23.67,10.74,1.92,14.98
18.28,31.13,-4.8,-43.17,-10.24,-12.1,17.17,-27.76,-16.76,-38.08,2.89,-10.32,12.66
19.22,24.51,-8.77,-41.61,-7.02,4.26,30.81,-20.77,-17.63,-39.38,5.78,-7.05,17.76
19.1,51.8,4.52,-72.97,-14.62,-2.39,50.34,-48.26,-5.31,-40.43,16.89,-8.92,19.43
19.4,32.13,-3.25,-44.61,-9.23,2.22,32.44,-25.8,-16.11,-39.15,15.47,-5.29,25.08
18.95,22.44,-9.46,-43.04,-13.84,-3.75,22.86,-19.37,-14.85,-32.06,5.45,-6.01,13.91
19.8,24.55,-13.47,-46.85,-4.16,10.95,38.05,-21.02,-8.92,-28.46,23.38,-4.17,20.41
20.26,13.71,-16.67,-41.26,-7.71,4.02,21.95,-21.37,-16.41,-25.2,11.1,-3.35,6.97
20.62,17.78,-16.94,-47.31,-8.56,5.07,27.66,-28.87,-18.41,-30.52,22.62,2.62,23.41
19.59,15.12,-15.04,-40.49,-5.69,3.35,19.99,-27.01,-19.91,-27.33,14.75,2.91,16.04
18.89,20.71,-12.96,-45.38,-12.94,-3.26,19.72,-30.41,-21.44,-34.98,13.58,-0.43,19.68
19.37,25.42,-6.76,-43.98,-7.36,1.16,26.47,-32.04,-27.78,-45.25,7.62,-3.58,21.0
19.4,24.66,-7.7,-44.37,-7.59,6.78,37.29,-19.15,-15.38,-39.5,8.53,-8.91,18.83
19.37,28.38,-6.2,-49.52,-2.78,4.89,32.69,-40.91,-29.61,-44.19,22.53,-3.4,15.55
19.58,8.65,-25.42,-47.26,-18.44,-4.9,13.21,-24.09,-20.76,-32.97,0.48,-10.64,5.39
20.01,30.41,-17.98,-69.84,-8.02,-11.24,33.42,-42.71,-17.97,-43.57,15.89,-12.81,12.94
18.93,6.31,-25.57,-43.09,-19.13,-6.76,7.24,-21.76,-15.24,-16.21,16.08,8.27,17.85
19.29,21.22,-13.34,-45.92,-2.72,4.77,29.7,-27.06,-20.51,-38.53,8.4,-5.46,16.35
19.28,31.17,-8.03,-51.07,-3.01,-1.92,29.62,-35.78,-18.61,-36.3,24.19,2.02,25.48
18.21,23.13,-7.87,-44.03,-16.89,-4.4,24.33,-19.62,-14.55,-26.86,18.13,6.66,22.29
18.38,27.37,-9.67,-48.11,-7.31,-0.92,34.75,-14.96,-1.13,-20.73,21.8,-3.05,12.45
19.56,12.27,-20.04,-50.17,-20.04,-7.0,17.04,-24.84,-20.73,-32.22,8.56,-0.27,16.3
19.14,27.34,-4.95,-45.39,-12.19,2.8,33.26,-21.63,-14.51,-30.95,17.48,-5.57,13.2
18.5,14.98,-16.23,-43.2,-18.32,-8.91,9.51,-24.43,-16.77,-21.95,11.75,2.34,13.15
18.91,33.21,-3.71,-44.35,-2.68,-3.72,27.43,-27.78,-11.32,-31.65,18.8,3.84,29.19
18.78,44.58,-6.4,-63.93,1.06,-13.48,47.01,-37.53,-6.72,-32.78,27.66,-0.06,31.4
18.68,15.65,-12.41,-37.11,-19.65,-8.1,13.85,-15.36,-15.53,-28.4,3.88,1.4,18.04
19.12,47.14,-4.52,-66.42,0.11,-14.81,49.89,-44.33,-13.65,-37.88,21.2,-7.7,23.4
19.24,20.81,-14.77,-56.13,-21.78,-10.23,18.76,-32.83,-18.24,-29.15,21.12,-0.47,16.59
19.04,17.4,-15.11,-43.68,-11.37,-2.91,18.06,-22.76,-15.17,-29.03,3.52,-10.43,6.05
18.96,21.86,-11.72,-43.23,-5.55,0.7,29.81,-14.91,-8.81,-33.87,1.79,-10.52,12.35
19.09,17.09,-14.39,-45.68,-13.35,-3.94,19.56,-27.56,-24.46,-42.6,-1.66,-9.46,15.33
18.79,31.39,-11.36,-58.61,-7.69,-11.34,24.91,-43.59,-21.77,-38.82,20.22,-4.91,19.71
18.52,23.86,-13.01,-53.39,-19.97,-15.01,13.83,-32.94,-20.37,-37.21,7.5,-7.34,15.5
19.33,25.94,-7.18,-49.32,-12.77,0.9,29.44,-33.88,-24.66,-39.65,17.69,-3.03,21.54
19.38,18.03,-13.19,-45.33,-13.81,-2.19,22.11,-25.2,-21.76,-35.13,11.01,4.25,25.47
19.71,21.18,-12.68,-47.78,-12.91,-2.8,26.85,-20.39,-11.53,-29.98,16.1,3.17,26.7
19.88,20.03,-14.95,-50.41,-14.06,-8.89,17.25,-32.6,-25.12,-45.37,0.73,-5.35,22.64
19.72,15.86,-15.42,-42.01,-12.52,1.32,25.96,-15.5,-12.6,-30.06,12.09,5.35,29.21
19.16,38.51,-1.03,-57.92,-6.73,3.44,46.52,-29.51,-10.47,-38.25,25.93,-4.55,30.4
19.54,24.62,-11.47,-47.94,-10.61,3.38,33.29,-25.32,-16.75,-37.93,17.98,-1.15,26.15
18.96,23.4,-7.66,-43.15,-12.21,-4.44,26.89,-15.54,-6.23,-24.39,21.19,13.01,36.51
19.02,20.25,-11.53,-41.35,-16.16,-4.68,22.3,-15.4,-8.27,-24.62,18.15,11.48,36.9
18.81,29.55,-11.4,-52.11,-0.9,-3.48,35.29,-21.52,-1.59,-24.75,24.67,7.75,30.76
19.11,35.66,-7.13,-44.34,0.63,4.34,31.06,-32.18,-12.34,-36.32,23.35,-4.34,30.71
20.24,25.21,-7.06,-47.09,-2.7,12.72,39.7,-30.31,-21.77,-35.58,21.87,-5.49,13.15
20.06,21.84,-13.79,-45.26,-2.51,5.61,31.77,-22.6,-14.18,-37.84,6.63,-9.34,17.83
19.42,33.87,-11.07,-46.94,7.97,-12.21,36.05,-24.37,-4.29,-26.74,12.01,5.09,22.83
20.51,22.77,-15.09,-47.62,0.68,-0.22,30.95,-19.79,-2.47,-19.67,26.3,11.83,30.41
21.09,18.04,-14.61,-43.89,-1.01,5.37,25.67,-29.05,-18.88,-30.86,19.1,5.03,22.62
20.49,7.7,-19.53,-30.77,-3.67,7.51,14.91,-21.34,-22.03,-26.88,5.62,1.7,14.26
20.05,28.75,-7.03,-37.82,8.52,1.75,31.95,-22.96,-14.12,-35.21,9.96,-2.16,16.91
20.63,8.91,-20.9,-35.99,-0.74,12.81,25.02,-20.61,-19.53,-29.24,10.69,1.82,18.88
19.81,29.55,-6.59,-56.14,-8.41,9.22,42.92,-33.91,-19.13,-32.8,30.95,-5.74,16.29
19.56,25.44,-9.31,-54.7,-21.12,-5.97,27.5,-31.95,-20.2,-34.43,19.25,-7.44,13.58
19.01,34.11,-7.68,-65.75,-22.74,-11.3,32.47,-31.31,-14.16,-39.4,18.08,-13.02,19.72
19.48,22.05,-12.09,-50.14,-13.83,0.36,33.27,-17.41,-7.49,-23.68,25.91,9.34,33.23
19.79,31.31,-12.21,-52.87,2.48,-5.17,44.33,-13.57,2.04,-33.35,5.63,-11.84,13.79
19.62,27.46,-14.99,-49.42,-6.62,1.97,29.85,-25.19,-5.57,-28.61,22.23,-7.09,21.3
20.03,14.13,-16.01,-42.51,-6.9,5.96,26.47,-23.2,-23.2,-37.61,4.51,-3.22,16.62
19.57,26.07,-12.8,-47.83,-4.1,6.51,32.37,-29.2,-17.5,-41.61,11.77,-10.21,21.45
19.87,9.23,-18.37,-36.36,-2.13,9.09,23.61,-19.1,-18.57,-28.34,6.92,1.14,15.94
20.05,23.97,-10.34,-39.23,10.23,10.45,36.26,-21.85,-11.38,-31.94,16.64,3.7,23.81
20.4,3.92,-21.38,-31.63,0.54,12.19,19.96,-18.75,-23.13,-31.49,-5.83,-11.96,-2.12
20.07,14.04,-13.78,-29.79,-0.12,11.26,21.11,-23.16,-24.49,-32.5,5.5,-0.69,15.29
19.37,35.74,-7.63,-60.94,0.26,4.04,43.25,-41.67,-20.92,-42.84,22.8,-11.36,19.8
18.92,29.63,-5.67,-49.79,-17.45,-7.1,23.79,-32.31,-21.97,-40.94,8.07,-15.08,9.94
18.13,19.83,-12.48,-40.19,-10.25,-1.29,21.33,-15.19,-11.15,-28.43,-2.0,-13.94,3.38
18.4,15.65,-17.6,-45.71,-18.42,-9.63,8.62,-34.8,-30.71,-42.47,-0.34,-6.78,15.34
19.52,42.44,-5.41,-68.0,-2.56,-2.11,42.01,-50.66,-21.08,-49.42,16.88,-17.34,17.71
18.84,24.83,-10.09,-52.6,-17.9,-1.48,31.16,-25.87,-17.4,-34.42,17.17,-5.69,16.93
18.84,12.03,-16.64,-37.96,-6.48,5.54,22.85,-17.68,-17.78,-29.74,3.74,-2.2,13.57
19.27,19.62,-10.02,-33.0,3.25,11.41,34.76,-7.46,-6.7,-30.37,2.07,-7.26,12.24
19.39,21.59,-15.21,-48.28,-6.76,-6.88,19.49,-29.97,-17.09,-32.14,15.26,5.68,27.3
19.11,14.24,-16.46,-35.38,0.29,14.62,32.78,-12.6,-13.44,-32.8,1.04,-13.17,4.58
19.41,19.57,-20.21,-56.79,-8.1,-4.68,22.21,-36.71,-21.12,-39.34,8.88,-10.05,13.27
19.72,25.97,-12.42,-48.22,0.61,-0.7,30.99,-28.32,-14.4,-32.82,16.82,-0.17,20.58
19.58,16.6,-13.26,-40.4,-6.83,4.8,26.36,-20.16,-18.88,-33.52,7.55,0.33,21.35
19.13,34.88,-10.52,-61.53,-8.28,-1.4,41.84,-30.9,-11.02,-40.6,21.15,-11.1,22.43
18.88,10.47,-17.67,-36.39,-14.45,-6.28,4.29,-27.5,-28.84,-36.18,-10.48,-12.48,1.04
19.11,22.59,-8.27,-35.02,-1.82,7.67,26.02,-27.02,-24.7,-41.63,5.91,-4.43,21.33
18.79,23.92,-8.96,-48.77,-18.34,-10.09,14.84,-38.98,-30.5,-41.38,9.7,-7.2,10.03
19.0,21.24,-9.82,-41.75,-8.79,5.56,30.48,-21.98,-21.17,-41.55,1.49,-12.86,12.73
18.9,30.03,-5.81,-55.15,-19.42,-7.1,25.94,-37.31,-24.55,-41.76,11.74,-13.04,13.09
19.42,13.03,-20.63,-45.69,-21.5,-10.97,6.66,-30.85,-28.73,-40.88,-3.65,-8.3,14.28
19.11,17.71,-16.24,-52.3,-14.03,-6.12,13.99,-49.51,-45.3,-59.97,-6.9,-19.95,4.73
18.74,17.88,-16.74,-50.0,-16.59,-3.66,18.98,-35.71,-30.76,-44.95,3.36,-14.23,5.14
19.09,33.23,0.85,-47.24,-13.06,1.2,33.66,-31.52,-21.61,-33.68,25.5,-0.74,17.47
18.82,35.29,-1.06,-47.88,-4.69,-0.18,36.84,-17.84,-4.0,-25.56,19.66,-3.14,19.06
18.58,29.48,-5.44,-44.08,-6.05,1.75,36.21,-13.77,-6.04,-30.24,13.41,-1.83,20.37
18.37,41.56,5.75,-51.84,-3.62,6.62,45.65,-27.49,-8.49,-34.09,21.56,-4.56,25.51
18.78,25.69,-6.1,-36.58,-2.48,0.84,22.75,-22.64,-14.66,-30.39,9.82,0.53,22.69
19.4,17.69,-15.21,-39.27,-1.95,4.01,21.82,-26.4,-22.4,-38.27,3.33,-4.32,15.96
19.68,17.84,-11.68,-36.7,2.46,12.29,29.2,-23.72,-20.12,-31.21,13.98,3.41,18.96
18.54,14.42,-14.29,-29.88,-6.61,3.23,12.57,-19.94,-15.27,-16.29,17.04,11.05,21.93
19.61,15.65,-14.94,-38.79,-3.85,4.83,23.95,-19.05,-15.16,-28.66,6.19,-4.41,8.67
19.72,15.91,-15.51,-42.66,-4.77,13.15,37.01,-16.78,-15.75,-31.64,15.02,0.91,22.26
20.17,11.21,-16.45,-36.74,1.37,14.12,29.08,-23.2,-26.37,-39.25,1.84,-5.66,9.85
19.85,10.0,-16.89,-30.89,1.49,15.6,27.69,-16.61,-20.34,-31.39,5.61,0.53,17.86
19.76,51.02,0.61,-82.9,-10.36,1.92,64.38,-69.1,-14.84,-29.33,22.96,0.88,31.16
19.43,17.48,-12.02,-37.17,-7.58,2.83,18.85,-30.79,-28.81,-39.82,5.18,-4.77,14.06
18.85,14.81,-12.87,-34.61,-9.86,1.4,18.2,-16.01,-16.75,-27.05,1.56,-4.55,7.63
19.48,13.91,-18.8,-45.46,-18.94,-6.73,13.8,-26.25,-22.02,-32.63,9.88,3.22,23.6
19.36,10.67,-16.25,-34.79,-8.3,6.23,23.67,-10.49,-15.64,-27.66,1.65,0.97,16.69
19.85,27.39,-6.3,-47.96,-8.13,8.05,38.79,-28.28,-21.41,-40.99,18.03,-3.97,21.52
19.18,24.72,-10.02,-41.28,2.86,6.68,35.07,-15.83,-4.87,-24.3,16.81,1.85,21.54
19.42,24.49,-14.35,-52.6,-7.61,-4.28,30.08,-24.23,-12.45,-34.71,13.38,0.36,27.62
19.49,13.18,-17.78,-41.52,-9.58,-2.47,11.36,-31.84,-25.77,-31.22,8.52,3.36,19.77
18.75,17.31,-9.84,-30.74,-8.75,2.42,18.49,-16.72,-17.62,-25.94,9.35,4.56,16.17
18.55,11.49,-14.51,-30.5,-4.94,4.61,13.79,-22.82,-26.42,-32.5,-1.22,0.59,16.37
19.42,35.21,-1.77,-52.27,-2.98,10.57,44.7,-31.43,-15.13,-32.85,30.29,-3.35,23.23
18.69,26.0,-8.09,-43.85,-7.4,0.14,26.23,-23.01,-13.18,-30.12,13.32,0.22,23.67
19.75,34.56,-8.41,-56.04,-1.68,8.19,46.48,-30.67,-12.9,-41.21,24.05,-7.74,28.11
19.0,13.1,-18.01,-45.75,-14.3,-2.27,20.45,-21.76,-18.2,-27.64,17.02,12.4,28.5
19.59,12.35,-16.97,-34.73,-6.39,4.94,17.21,-23.11,-21.31,-28.53,9.78,3.62,19.79
19.44,21.06,-13.21,-50.7,-10.28,2.79,29.19,-29.27,-21.99,-39.89,7.01,-13.66,9.11
18.7,30.13,-7.75,-48.86,-4.28,-4.77,30.98,-24.9,-8.08,-25.76,26.5,8.12,26.11
18.57,32.74,-6.64,-57.31,-10.6,1.23,42.51,-25.19,-14.75,-46.38,6.67,-18.18,13.98
19.12,21.01,-14.99,-53.53,-16.02,-6.6,13.19,-55.81,-50.39,-65.0,-4.2,-19.01,12.41
19.4,22.18,-10.15,-41.91,3.75,13.13,33.18,-31.31,-26.02,-42.35,7.98,-8.21,14.31
19.46,19.23,-14.86,-42.94,-5.18,7.83,28.02,-28.93,-23.0,-38.46,11.89,-6.98,12.73
18.74,20.71,-12.56,-47.24,-14.84,-6.09,17.18,-32.21,-26.4,-40.66,3.88,-7.77,11.59
19.75,26.63,-5.69,-47.58,-10.63,2.74,29.5,-34.83,-26.47,-39.38,17.77,-3.67,18.31
19.1,19.68,-7.35,-34.0,-12.35,-6.41,13.37,-23.56,-25.46,-40.64,-1.6,2.68,25.73
19.05,21.58,-9.97,-35.64,-5.48,5.06,28.06,-13.77,-12.38,-34.1,3.0,-4.72,20.79
18.55,11.08,-15.7,-33.96,-14.25,-8.96,0.33,-31.24,-32.21,-36.91,-4.77,1.88,18.95
19.34,34.97,-5.62,-56.59,-13.63,-13.13,24.71,-39.07,-23.21,-46.48,8.4,-12.08,17.22
19.05,27.31,-3.07,-41.23,-11.28,-2.23,25.15,-27.03,-23.61,-42.51,6.12,-2.11,25.6
18.97,32.39,-5.46,-45.3,1.42,2.67,36.83,-24.13,-10.5,-33.15,16.67,-0.59,26.98
19.54,23.94,-9.72,-47.7,-9.1,-1.84,23.84,-33.19,-22.68,-39.65,12.86,0.53,27.31
17.71,22.86,-7.86,-39.4,-6.94,-4.37,17.92,-28.11,-20.4,-30.62,17.29,11.42,26.07
17.77,34.06,-1.49,-50.76,-14.96,-5.72,28.86,-30.61,-16.19,-31.64,24.6,0.26,21.52
18.52,37.91,0.52,-61.51,-17.36,0.32,40.47,-39.0,-19.28,-33.16,35.39,-0.42,25.87
18.47,19.84,-13.39,-45.88,-13.86,-7.65,17.98,-23.33,-15.62,-33.23,5.88,-5.15,13.62
18.44,26.0,-10.28,-44.56,-6.9,1.04,28.83,-21.3,-10.25,-31.51,14.7,-2.57,24.7
18.05,19.65,-10.95,-38.18,-7.0,-0.37,15.81,-28.02,-21.51,-32.03,4.26,-7.74,8.47
18.48,25.33,-11.52,-48.32,-12.35,-4.15,26.0,-22.56,-10.35,-29.44,16.05,-4.66,15.3
19.2,20.61,-9.41,-40.63,-6.46,3.97,24.76,-27.69,-22.89,-35.7,8.79,-6.65,9.07
18.67,23.97,-7.83,-34.22,-5.66,4.28,25.44,-17.28,-16.61,-39.8,-2.59,-7.7,23.72
18.47,34.42,-0.39,-51.74,-13.0,3.09,39.97,-26.81,-17.02,-39.9,15.86,-10.48,19.2
18.55,25.01,-9.76,-42.12,-8.98,3.44,26.88,-24.04,-17.27,-35.21,9.73,-8.61,16.7
18.78,13.91,-13.11,-32.28,-7.33,3.7,19.07,-12.92,-12.33,-19.57,8.0,1.24,10.95
19.21,12.89,-17.37,-35.39,-6.37,6.02,20.31,-16.91,-10.75,-17.08,17.62,3.35,13.03
18.69,34.76,-5.36,-49.5,4.23,3.73,38.19,-30.7,-13.42,-35.54,21.89,-1.6,21.3
18.96,28.62,-9.77,-47.89,-3.74,0.85,31.51,-26.34,-9.12,-25.54,27.63,5.79,27.89
19.41,15.51,-16.31,-43.18,-8.05,4.76,29.3,-11.13,-5.73,-19.09,18.03,6.94,21.93
19.23,17.96,-10.25,-33.87,-3.63,6.4,24.46,-21.49,-18.83,-28.72,16.02,8.61,24.91
18.66,21.4,-8.93,-35.71,-4.13,5.17,28.67,-10.86,-8.49,-25.29,9.62,3.74,22.68
18.83,43.18,8.64,-69.62,-7.61,21.1,52.33,-42.72,-2.78,-17.25,30.32,-5.99,30.46
18.88,15.74,-11.85,-32.52,-2.85,5.02,18.45,-20.37,-13.83,-17.59,16.78,5.66,13.49
18.82,23.69,-10.51,-43.33,-3.19,3.61,28.84,-24.3,-13.03,-27.53,21.63,5.8,25.81
18.83,21.84,-11.87,-42.98,-0.09,6.37,30.22,-22.98,-11.09,-24.06,22.07,5.17,20.36
18.5,20.47,-8.59,-33.53,-0.88,8.99,31.3,-13.41,-14.96,-36.47,2.04,-3.65,18.28
18.57,23.82,-12.11,-46.53,-6.97,-1.37,25.67,-22.48,-10.95,-27.9,15.35,3.13,24.86
19.85,30.8,-6.23,-51.8,-7.15,6.51,40.23,-30.09,-15.61,-36.37,27.03,-0.11,29.6
18.55,31.99,-6.18,-45.48,1.03,-1.49,32.1,-24.78,-7.87,-27.23,23.92,5.36,26.94
18.56,18.67,-12.09,-38.13,-9.09,1.09,24.78,-14.95,-11.13,-24.04,20.28,14.89,31.12
19.27,32.16,-5.27,-51.03,-1.11,6.84,41.65,-27.73,-11.24,-30.82,28.06,4.08,29.57
19.16,21.5,-13.92,-41.57,-1.79,12.13,35.2,-18.85,-12.53,-32.87,14.05,-3.49,24.46
19.15,12.6,-15.69,-36.51,1.2,14.29,32.09,-16.64,-20.07,-35.37,5.1,1.63,21.53
17.98,31.45,-5.85,-45.31,2.97,2.64,36.35,-28.31,-15.09,-33.62,21.64,-1.61,15.22
18.47,25.47,-7.09,-42.4,-2.56,5.21,30.25,-24.8,-13.59,-28.18,22.13,2.71,19.79
19.58,19.65,-13.45,-41.36,-5.37,5.77,26.97,-23.01,-13.89,-27.43,19.79,3.58,23.87
18.27,25.23,-6.14,-43.52,-9.69,0.22,27.51,-26.22,-18.24,-31.67,20.35,6.52,26.95
18.09,19.96,-10.72,-36.02,-7.15,3.21,22.45,-21.68,-18.1,-30.27,13.58,6.37,26.01
17.93,42.9,-9.52,-67.05,-3.84,-21.06,25.75,-46.12,-9.35,-38.65,17.91,-4.43,21.7
18.15,34.15,-6.96,-50.6,-5.57,1.48,32.93,-30.64,-12.52,-35.22,20.29,-7.98,21.25
18.8,25.39,-12.25,-49.56,-2.61,-0.84,27.9,-30.91,-15.98,-34.61,14.15,-5.66,15.49
17.87,34.78,-6.88,-49.72,-0.77,10.29,42.98,-28.64,-14.06,-39.81,17.73,-13.03,20.36
18.42,18.99,-11.43,-35.39,1.22,10.84,30.51,-13.23,-8.55,-21.76,12.71,1.52,16.39
18.22,29.94,-8.96,-51.51,-6.81,0.41,30.84,-36.28,-22.56,-44.38,13.92,-9.33,17.68
17.72,25.14,-4.64,-40.45,-4.9,8.92,35.59,-22.0,-21.49,-40.45,8.96,-5.48,15.75
18.29,15.31,-13.72,-34.78,-0.02,12.79,29.85,-20.35,-19.48,-33.7,11.93,2.89,21.68
18.25,19.2,-11.62,-40.74,-4.18,4.86,27.91,-21.0,-13.86,-25.59,20.35,10.07,26.73
17.09,20.04,-13.26,-37.57,-8.44,0.81,16.74,-26.55,-20.31,-33.87,4.59,-8.58,11.82
17.17,21.89,-11.37,-48.73,-18.08,-6.86,21.57,-25.14,-17.69,-32.72,11.34,-4.11,13.61
17.6,22.51,-8.51,-38.19,-6.4,2.16,21.79,-28.81,-19.78,-30.54,18.68,3.5,22.44
17.87,21.08,-12.29,-46.8,-8.86,-1.75,19.29,-35.75,-24.72,-35.94,14.37,-0.54,19.01
18.02,20.81,-15.09,-52.63,-12.41,-0.05,23.74,-42.84,-33.72,-49.96,6.76,-18.03,5.8
18.03,43.83,-8.07,-65.15,14.4,-0.57,55.78,-53.7,-21.67,-45.55,20.23,-4.36,22.91
16.42,25.24,-7.8,-37.0,-8.23,0.94,22.88,-20.42,-12.45,-24.34,20.32,7.99,27.88
16.7,23.55,-7.83,-37.99,-2.38,3.62,22.18,-26.25,-15.4,-25.89,15.98,0.91,18.21
16.93,26.4,-8.32,-40.92,-0.64,8.07,32.87,-26.59,-17.77,-32.75,18.92,-2.59,16.37
17.46,15.42,-12.22,-30.97,-2.67,7.47,24.59,-8.82,-11.89,-27.87,-4.08,-7.04,10.34
18.0,12.69,-17.55,-38.46,-0.76,13.81,30.74,-24.74,-29.13,-46.59,3.2,2.53,32.75
17.29,14.41,-12.98,-34.49,-4.45,9.48,29.11,-11.76,-16.75,-31.49,3.33,3.42,23.42
17.18,19.92,-9.21,-31.12,-6.22,4.86,25.37,-9.55,-9.95,-28.3,3.03,-3.24,16.49
16.39,23.35,-5.57,-37.69,-11.35,0.6,26.56,-15.46,-15.03,-32.72,8.29,2.51,23.72
15.95,20.14,-9.86,-30.94,-6.91,2.26,17.96,-17.78,-15.61,-29.5,5.11,1.41,22.6
16.58,30.61,0.22,-40.44,-10.17,-1.11,27.79,-27.8,-22.83,-42.01,11.2,0.03,30.22
16.32,32.29,-4.11,-45.39,-10.63,0.09,28.84,-30.72,-18.31,-37.24,15.62,-9.43,18.37
16.51,19.18,-12.2,-40.94,-16.81,-10.39,7.6,-27.83,-20.04,-26.07,10.4,2.81,16.32
17.06,32.86,-6.38,-48.66,-5.95,3.53,32.14,-33.78,-15.57,-31.25,30.24,0.28,28.09
15.49,28.79,-3.1,-33.86,-2.25,0.36,22.9,-17.76,-6.92,-23.78,13.1,2.19,19.72
16.74,26.65,-5.74,-42.95,-8.34,1.44,26.26,-28.38,-17.65,-30.9,20.13,2.4,22.25
15.68,25.98,-10.45,-48.25,-18.55,-18.94,7.74,-36.2,-25.82,-41.91,0.56,-12.57,2.85
15.77,31.44,0.35,-35.2,-9.62,-3.62,22.59,-20.43,-17.65,-40.02,2.27,-5.91,17.59
16.33,35.89,-0.83,-44.62,-6.48,-9.64,22.17,-31.64,-16.26,-36.03,17.05,3.72,28.08
15.94,13.52,-14.13,-33.47,-15.84,-4.43,13.26,-11.13,-9.45,-17.17,9.94,5.43,16.24
16.86,39.01,-7.52,-72.4,-7.47,-1.21,38.22,-44.16,-15.12,-40.9,18.27,-15.76,19.25
15.85,10.79,-21.8,-44.39,-23.46,-12.65,2.83,-29.84,-29.07,-40.78,-11.25,-19.03,-3.39
16.63,39.63,-4.77,-57.66,-1.98,-8.5,37.79,-32.37,-8.19,-36.85,19.33,-2.79,25.07
16.3,32.29,-6.79,-60.39,-14.24,-4.62,35.55,-26.26,-6.72,-35.49,16.12,-4.44,26.55
15.84,16.4,-9.37,-29.47,-9.16,-3.46,9.46,-22.64,-23.22,-31.26,1.64,6.27,23.07
16.78,29.09,-7.63,-41.36,1.52,-1.18,24.47,-29.92,-17.03,-34.75,13.4,-0.14,23.41
16.6,29.05,-9.97,-48.88,-3.07,-12.15,14.7,-42.13,-24.89,-42.45,8.97,0.6,28.2
16.11,35.79,3.19,-47.42,-14.46,-2.18,31.12,-34.13,-24.88,-43.59,14.67,-9.64,17.03
15.78,35.66,-5.58,-50.14,-7.16,-20.07,14.09,-45.66,-28.96,-50.45,-0.75,-15.69,9.2
15.89,32.58,-5.2,-44.85,-5.14,-10.64,22.34,-27.87,-12.34,-31.26,14.44,-1.99,18.74
17.02,27.02,-7.83,-49.34,-10.59,-5.81,19.45,-42.14,-29.33,-45.25,6.76,-9.52,15.78
16.47,28.1,-7.06,-45.9,-7.5,-2.59,22.75,-32.01,-19.63,-34.63,13.96,-2.89,17.79
15.8,26.89,-4.6,-37.36,-4.41,0.27,21.69,-26.98,-22.43,-40.66,4.68,-3.68,17.22
16.26,27.59,-5.02,-47.55,-15.84,-5.58,20.13,-43.16,-34.34,-44.35,15.07,-0.22,25.28
16.37,39.57,-6.22,-54.57,0.36,-12.13,24.56,-40.77,-15.92,-42.13,6.52,-7.96,30.45
17.24,24.64,-13.84,-53.11,-3.99,4.85,35.02,-29.44,-11.93,-30.38,26.52,2.38,27.18
16.04,14.66,-13.18,-32.85,-0.28,8.63,22.31,-18.67,-16.03,-23.95,11.54,6.99,21.17
15.95,34.86,5.83,-47.4,-11.05,10.03,44.88,-32.56,-27.28,-39.85,21.74,-7.41,14.15
15.89,35.29,-2.81,-56.7,-10.66,-0.97,31.52,-39.18,-23.91,-49.18,12.16,-14.88,13.07
16.33,26.42,-0.92,-29.63,5.43,17.15,37.75,-16.32,-12.47,-23.89,25.69,9.08,23.15
17.3,21.66,-6.67,-32.47,10.98,22.21,41.42,-16.16,-11.29,-24.41,23.64,9.78,28.19
