2.86,-44.11,-21.77,-8.73,-16.88,-7.48,-16.6,-5.63,-5.64,14.04,8.11,9.5,3.51
7.26,5.8,-0.89,-32.3,-27.1,9.59,24.39,-8.85,-25.11,-16.96,8.82,18.28,11.56
8.33,12.35,-8.61,-23.92,-0.59,4.72,9.32,-6.95,-2.3,-2.26,1.47,1.61,1.31
14.46,34.28,12.58,-22.53,-13.53,-5.0,19.84,-8.55,-7.7,-22.44,7.42,-0.37,14.12
14.8,41.06,18.77,-26.37,-14.47,-5.1,24.96,-9.95,-10.9,-30.08,4.19,-10.93,8.89
14.96,49.46,25.04,-25.13,-6.94,-4.7,27.82,-12.08,-1.85,-21.75,14.21,-5.54,13.59
14.98,30.93,8.78,-16.41,-8.01,-4.24,16.44,0.37,3.83,-10.27,6.58,0.32,10.99
14.99,43.91,12.4,-29.34,3.3,-2.65,33.02,-11.38,3.55,-22.43,8.03,-5.8,10.78
15.23,31.94,9.02,-23.65,-15.47,-13.7,11.28,-14.46,-13.47,-29.45,2.08,2.66,23.99
15.36,32.0,9.01,-14.76,-9.35,-7.28,8.74,-9.12,-3.92,-12.59,7.67,-0.19,8.05
15.29,31.24,7.04,-18.41,-4.51,-3.09,10.27,-17.52,-13.72,-22.89,3.21,-2.14,9.23
17.37,36.37,4.1,-31.35,9.16,5.09,34.66,-21.52,-16.11,-39.84,10.18,-2.14,16.61
18.06,37.51,6.59,-36.23,2.1,8.19,33.5,-30.59,-18.46,-35.06,17.61,-8.7,9.98
17.66,26.36,1.95,-19.76,1.86,10.22,25.92,-12.09,-12.58,-25.57,5.85,-6.97,1.08
17.28,25.22,3.25,-18.17,-2.54,-0.06,10.83,-22.72,-22.89,-30.43,2.31,0.81,9.82
18.0,25.94,1.67,-19.57,-7.75,-7.11,0.81,-30.86,-25.88,-26.08,12.45,12.42,21.71
18.25,27.12,4.73,-23.35,-14.81,-10.25,7.87,-19.46,-15.48,-19.07,16.72,12.26,16.99
17.61,27.19,-2.7,-28.13,-11.03,-11.03,-4.4,-42.36,-30.98,-30.38,10.15,-3.87,3.4
16.71,35.79,4.02,-37.48,-5.62,1.4,28.68,-24.31,-13.22,-31.76,13.35,-8.13,10.43
16.73,39.75,0.82,-46.35,-4.81,-12.64,20.4,-33.3,-12.76,-34.12,11.61,-9.22,11.09
17.07,56.67,14.55,-48.31,5.39,-7.37,34.12,-36.73,-7.7,-27.71,21.38,-5.97,21.83
17.09,41.68,10.57,-31.57,0.75,-5.81,21.81,-32.78,-21.12,-37.91,16.12,-1.0,13.87
17.02,31.61,5.3,-26.12,-3.86,-1.21,17.18,-24.88,-17.73,-24.73,19.24,7.71,16.84
17.18,26.14,5.9,-22.61,-14.89,-8.61,10.6,-18.43,-20.07,-27.59,1.52,-8.7,-6.92
16.78,39.95,10.86,-28.66,-1.31,-2.84,13.41,-37.96,-24.56,-35.59,13.5,-4.0,10.77
17.22,32.26,6.67,-16.02,-2.61,-1.18,8.95,-19.95,-11.09,-14.28,16.48,6.46,14.78
17.07,24.92,2.11,-20.43,-3.08,-2.66,6.24,-30.26,-25.66,-27.16,13.2,12.77,22.73
16.4,44.33,16.5,-20.89,1.68,-0.24,19.77,-29.17,-19.74,-30.48,15.49,-3.22,11.35
16.42,43.56,14.53,-27.69,-0.43,-2.1,22.79,-24.64,-13.24,-28.98,15.34,0.27,18.33
16.93,27.4,6.68,-14.58,-8.83,-4.63,8.32,-14.4,-18.83,-27.79,-4.34,-3.05,7.28
16.96,35.18,12.55,-19.37,-4.12,-0.65,21.45,-16.49,-17.52,-35.27,0.97,-4.97,11.45
16.84,30.83,8.54,-17.22,-9.27,-8.57,3.24,-25.42,-24.0,-31.52,-0.86,-5.32,5.03
16.23,27.26,6.46,-14.49,-7.29,-4.7,6.14,-15.93,-16.63,-22.1,-1.23,-6.08,-1.64
16.97,19.53,-2.6,-16.51,-9.72,-6.84,-4.09,-25.45,-29.35,-30.92,-9.6,-4.07,5.91
17.21,33.3,11.3,-21.07,-6.02,1.03,21.03,-20.65,-20.21,-30.27,11.03,0.96,10.93
15.97,29.97,8.67,-15.9,-8.93,-5.85,7.1,-18.85,-16.98,-19.92,11.0,9.63,17.42
16.35,31.99,11.56,-13.21,-4.97,-1.39,13.7,-12.5,-12.61,-19.59,7.79,2.7,9.53
15.23,38.87,11.25,-22.43,1.6,-4.62,16.99,-25.92,-17.54,-32.92,6.66,-5.47,6.41
15.9,30.07,10.03,-16.87,-7.34,-2.23,17.47,-13.3,-17.5,-32.75,0.53,3.07,19.75
15.88,38.16,15.38,-24.04,-9.26,1.85,30.91,-8.72,-8.55,-24.72,12.75,-2.82,12.81
15.89,27.04,7.43,-12.47,-4.79,0.99,15.82,-5.91,-9.26,-16.04,8.32,8.41,14.3
16.03,38.43,11.01,-15.17,2.07,4.96,23.01,-7.03,-2.55,-22.35,-0.17,-14.01,4.82
15.98,28.67,9.04,-10.97,-4.88,-1.56,15.52,1.84,-0.66,-18.26,-10.14,-16.92,-8.16
15.98,38.88,11.86,-30.09,-12.99,-6.85,24.22,-14.63,-5.07,-22.61,14.32,-3.67,15.39
15.92,30.3,7.86,-20.27,-9.55,-2.23,23.94,0.24,-2.29,-27.26,-8.29,-15.71,0.51
15.62,40.63,15.24,-30.16,-17.18,-10.59,19.83,-15.86,-7.61,-24.29,5.39,-14.16,1.8
16.36,42.29,11.9,-39.6,-10.5,4.23,39.87,-16.03,-6.15,-28.74,17.57,-12.22,13.56
15.93,32.74,2.43,-26.07,0.79,9.96,31.66,-10.36,-7.0,-29.18,0.94,-19.19,-1.8
16.14,39.48,7.46,-35.12,-0.15,6.72,36.06,-21.88,-13.02,-37.28,2.91,-22.07,1.71
15.79,27.58,2.19,-24.9,-9.84,-1.02,17.24,-16.03,-18.8,-32.59,-2.92,-8.6,5.9
15.87,38.53,7.8,-34.72,-6.74,-0.23,30.19,-25.22,-19.8,-41.66,4.79,-16.48,7.11
15.62,24.89,2.15,-25.73,-19.25,-13.41,8.5,-15.19,-21.0,-39.23,-16.4,-17.81,-2.67
15.31,36.99,12.0,-29.29,-14.32,-3.79,30.67,-6.33,-5.15,-26.76,10.81,-1.48,15.18
15.71,37.37,9.66,-32.27,-10.27,0.91,33.02,-10.27,-7.07,-31.5,6.08,-13.56,7.97
15.43,25.82,-0.3,-26.88,-13.94,-10.37,10.98,-8.15,-4.65,-23.19,-7.36,-12.69,6.49
15.56,47.02,22.0,-41.09,-20.74,-0.89,44.86,-14.97,-5.1,-24.53,20.51,-14.09,2.66
16.52,38.11,10.87,-29.5,-15.99,-13.68,18.74,-8.92,1.89,-19.6,10.21,-3.74,16.31
16.54,29.21,7.09,-29.7,-26.57,-22.12,11.5,-8.98,-10.43,-37.81,-15.95,-21.99,1.53
15.99,50.64,17.93,-44.41,-16.34,-9.29,36.67,-12.96,5.48,-26.06,21.16,-8.45,18.18
16.17,43.51,21.67,-24.94,-16.04,-12.65,23.03,-7.57,-0.72,-16.68,21.36,3.64,14.92
15.48,42.58,15.45,-33.47,-19.33,-11.9,27.14,-13.24,-7.78,-36.02,4.76,-14.53,10.51
16.14,47.04,17.02,-44.83,-16.86,-12.59,30.77,-15.0,0.15,-24.41,15.46,-11.15,16.19
16.75,35.63,13.14,-20.72,-18.17,-20.07,6.07,-10.37,-4.32,-25.68,-5.83,-13.56,6.59
16.04,22.53,3.15,-10.29,-9.93,-7.05,1.5,-5.99,-8.91,-17.6,-12.56,-11.46,-1.1
16.18,32.61,10.71,-17.92,-11.58,-7.69,16.92,-2.11,-0.17,-16.1,5.76,0.8,13.8
16.57,38.47,15.66,-19.78,-11.87,-14.62,12.14,-15.22,-11.43,-31.44,0.4,-2.52,14.56
16.7,30.55,9.41,-16.34,-6.26,-1.48,19.84,-3.71,-6.69,-25.15,-1.27,-1.12,17.83
16.31,38.51,5.67,-35.85,-12.96,-18.15,15.04,-19.62,-6.68,-29.25,4.65,-9.65,9.43
16.82,24.88,2.64,-21.06,-16.15,-12.19,7.12,-8.35,-7.32,-17.66,2.52,1.25,10.23
17.21,35.85,11.66,-33.44,-21.88,-10.33,29.8,-3.8,-3.32,-28.57,3.18,-15.65,0.88
17.85,52.96,3.11,-57.04,4.44,-12.59,51.47,-21.28,8.96,-33.81,4.54,-26.62,3.17
17.91,30.25,0.96,-32.23,-15.88,-5.77,24.7,-2.58,1.91,-17.88,9.96,-5.5,9.57
17.74,32.78,-2.17,-43.89,-17.3,-12.39,19.81,-17.61,-3.56,-23.4,7.52,-17.35,-1.49
17.8,42.32,1.05,-52.56,-20.08,-24.56,24.04,-19.01,7.7,-22.43,15.67,-12.68,15.41
18.15,29.71,0.14,-38.65,-21.7,-12.08,25.59,-0.17,7.28,-16.81,8.17,-10.49,4.03
17.69,21.42,-5.37,-30.28,-22.82,-13.93,9.24,-3.03,1.84,-10.76,3.86,-7.4,0.8
19.08,19.44,-5.77,-33.78,-26.17,-19.96,11.39,3.34,9.23,-17.18,-14.44,-32.15,-18.05
18.6,20.62,-6.32,-36.71,-23.42,-9.91,22.23,1.09,2.97,-13.59,12.0,0.68,9.69
18.29,40.37,4.12,-48.25,-14.63,-6.32,37.31,-9.14,8.55,-24.71,13.87,-14.18,11.51
18.09,19.84,-10.98,-37.64,-24.47,-15.06,10.1,-6.22,1.55,-12.97,4.82,-9.71,0.12
18.67,43.85,-3.19,-54.6,-8.28,-29.9,39.02,-9.88,19.99,-16.78,15.28,-3.9,16.15
18.72,30.15,-1.55,-38.96,-19.73,-8.51,30.32,5.09,15.21,-14.05,14.45,-3.58,18.36
18.69,31.54,-0.5,-43.41,-22.29,-14.35,24.5,-6.02,6.61,-18.27,11.45,-8.47,11.77
17.97,27.56,0.25,-26.46,-16.91,-9.8,11.61,-6.16,1.08,-10.78,8.35,-5.24,4.52
18.22,36.21,8.96,-32.62,-16.72,-8.39,24.15,-12.85,-6.72,-25.14,13.33,-1.0,15.41
17.6,31.09,8.62,-20.24,-15.26,-13.01,12.53,-3.87,1.47,-14.83,5.72,-2.29,10.35
18.2,44.66,7.63,-42.7,-11.58,-17.4,29.6,-10.59,10.25,-19.86,12.63,-22.18,-2.66
18.34,55.68,10.94,-75.79,-24.58,-15.37,40.41,-45.57,2.12,-22.11,20.32,-26.48,6.06
18.13,36.96,10.56,-33.37,-23.1,-14.86,23.86,-1.76,8.56,-11.47,19.57,0.23,15.65
18.96,51.32,15.84,-49.76,-17.86,-8.12,41.65,-19.8,6.59,-17.65,31.03,-14.4,5.47
18.65,33.1,6.26,-23.08,-5.69,-4.44,18.36,-7.64,-0.52,-16.27,9.08,-1.68,9.37
18.59,35.26,8.31,-22.58,-6.86,-1.53,21.97,-9.22,-3.94,-21.37,8.79,-4.06,12.47
19.24,30.03,3.11,-25.96,-6.02,-3.94,16.95,-15.7,-13.16,-31.59,-1.3,-8.27,6.27
19.18,40.86,9.48,-46.7,-18.71,-12.24,29.47,-16.33,-0.98,-27.68,15.33,-5.89,22.13
20.67,20.36,-8.56,-40.5,-20.15,-8.64,22.05,-8.66,-9.8,-34.37,-6.73,-13.01,8.63
20.26,33.65,1.09,-33.08,-10.99,-5.2,26.91,-5.33,4.78,-23.6,7.5,-9.76,16.82
20.41,52.89,5.23,-53.65,-1.53,-20.12,43.63,-19.41,9.52,-28.34,12.96,-17.44,5.81
21.02,38.82,1.57,-43.7,-2.22,-3.02,38.05,-12.19,2.37,-26.35,11.93,-12.73,9.13
20.45,26.52,-0.19,-32.69,-14.07,-3.75,25.73,-6.98,-7.0,-26.48,7.02,0.4,16.85
20.41,37.9,4.43,-50.18,-21.38,-12.38,26.61,-27.61,-11.75,-27.35,26.57,-0.58,19.16
20.3,18.55,-8.46,-32.78,-20.56,-13.65,5.09,-13.79,-9.33,-17.25,3.98,-0.49,9.9
20.58,34.69,-0.39,-46.22,-21.57,-14.34,25.57,-11.8,3.08,-22.2,16.39,-4.85,20.04
20.39,36.0,0.23,-50.6,-22.12,-12.97,23.52,-23.35,-5.42,-24.26,20.75,-8.52,8.25
20.56,24.8,-6.71,-47.32,-29.35,-16.91,19.83,-11.64,-4.71,-24.3,11.64,-2.47,16.09
21.14,41.06,-1.47,-46.26,-0.14,-14.4,37.77,-16.82,3.45,-25.08,14.59,-6.01,8.33
20.9,29.75,-0.89,-37.52,-15.87,-4.55,29.71,-1.76,11.8,-3.86,27.34,-4.45,-0.64
20.82,26.36,-4.08,-39.6,-20.04,-10.37,18.39,-11.02,-0.39,-11.8,19.9,1.15,7.7
20.38,11.73,-15.66,-29.13,-16.23,-5.24,6.11,-9.48,-10.31,-16.36,-1.38,-3.48,5.48
20.64,42.77,3.57,-55.41,-16.51,-6.98,33.69,-30.73,-10.33,-35.37,16.91,-17.84,10.46
21.07,22.68,-7.18,-37.75,-20.4,-7.92,21.55,-3.82,1.82,-14.42,14.75,2.77,15.43
20.86,43.92,-6.15,-58.55,-9.26,-33.68,32.92,-21.28,11.25,-19.23,12.97,-8.8,8.96
20.41,20.96,-6.03,-30.81,-19.03,-9.51,12.04,-7.81,-7.08,-19.01,3.97,-0.05,11.94
20.79,34.87,-0.6,-44.97,-17.72,-18.5,23.63,-7.38,9.05,-22.76,8.78,-8.06,17.68
20.75,27.3,-1.66,-43.87,-24.55,-8.69,31.26,-2.88,2.09,-16.67,20.14,1.21,14.77
21.32,22.82,-9.46,-49.68,-28.86,-16.19,23.73,-4.81,3.43,-20.04,11.61,-2.07,18.49
21.19,32.77,-3.33,-41.86,-13.62,-19.33,18.31,-11.81,5.46,-16.56,14.06,-3.35,13.16
20.93,34.96,-3.7,-53.27,-18.93,-15.78,33.49,-6.12,9.77,-26.44,9.93,-15.47,10.93
20.88,36.99,-8.07,-61.19,-27.94,-26.83,22.95,-20.65,4.36,-31.84,7.91,-22.42,13.94
20.45,37.4,-4.17,-58.83,-21.9,-19.67,30.62,-15.25,8.41,-20.76,22.75,-9.2,11.3
20.17,26.32,-4.21,-48.25,-30.93,-16.42,27.47,-1.92,7.29,-15.3,20.28,0.22,13.03
20.54,33.61,-1.07,-49.45,-21.25,-14.09,32.39,-8.14,2.75,-32.88,0.58,-20.81,7.9
20.5,35.99,-1.73,-48.68,-20.89,-15.76,28.17,-11.37,8.36,-21.29,16.5,-7.88,20.17
21.2,21.99,-5.09,-33.79,-21.32,-13.77,24.32,0.23,6.71,-5.81,8.13,3.42,7.79
20.99,26.39,-4.41,-41.13,-27.83,-31.79,42.44,-13.53,-4.55,-12.13,-8.03,6.73,-13.97
20.8,28.6,0.19,-38.23,-25.55,-21.46,21.8,7.73,21.99,-6.77,10.45,-5.51,12.39
20.47,28.64,-7.77,-44.25,-24.02,-13.07,25.2,-2.57,12.74,-12.13,18.91,-7.03,12.07
20.4,16.55,-8.14,-32.06,-22.48,-13.08,13.83,0.66,-0.69,-20.56,-5.58,-7.28,7.08
20.51,32.59,-6.77,-51.05,-18.76,-17.64,27.43,-5.28,15.02,-12.74,18.33,-7.43,12.76
19.72,40.67,0.1,-44.27,4.08,-6.75,49.32,-5.0,8.77,-28.76,8.63,-11.83,14.33
19.82,26.27,-3.53,-39.67,-25.29,-17.49,18.67,-5.81,-1.93,-33.4,-9.73,-20.55,5.27
19.34,17.23,-8.76,-33.43,-26.4,-18.62,5.05,-5.13,-0.58,-10.6,6.23,1.88,9.85
19.25,55.12,11.67,-61.33,-19.92,-17.77,47.35,-19.48,13.75,-20.29,22.93,-20.4,9.83
19.25,40.46,1.43,-52.35,-22.52,-24.89,19.4,-21.05,0.97,-31.89,1.8,-24.81,1.34
19.55,37.89,0.7,-49.37,-18.27,-15.76,28.32,-14.15,3.97,-18.7,24.09,-1.38,17.02
18.73,27.87,1.79,-29.46,-15.29,-11.35,14.65,-11.74,-9.14,-30.87,-5.42,-9.59,10.81
18.75,24.87,-0.37,-23.92,-18.76,-13.05,6.06,-5.95,-1.53,-12.46,2.34,-5.29,3.5
18.86,31.65,7.16,-30.87,-24.99,-16.92,18.55,-2.82,1.49,-15.85,15.18,3.14,12.3
18.05,49.91,16.94,-62.12,-24.16,-10.57,29.36,-33.5,-0.2,-24.81,14.53,-19.11,10.45
17.74,17.52,-4.78,-21.92,-17.25,-12.52,-1.15,-13.27,-12.3,-14.86,0.22,-0.43,4.17
18.44,30.61,0.41,-38.01,-20.54,-9.9,20.84,-12.53,-6.93,-26.63,1.77,-21.36,-7.73
18.26,19.35,-7.08,-31.95,-23.62,-17.49,3.94,-8.86,-5.14,-19.05,-7.63,-15.8,-5.08
18.29,26.72,-4.42,-46.24,-32.04,-20.92,16.88,-8.28,2.44,-18.38,11.24,-8.32,10.41
18.83,37.81,5.75,-37.79,-13.8,-15.99,30.51,-1.57,8.17,-29.44,1.1,-16.0,6.62
18.94,25.81,1.42,-25.38,-20.9,-14.1,11.8,1.23,5.44,-11.19,1.39,-9.87,-0.28
19.0,37.11,6.63,-37.74,-19.96,-13.37,23.96,-7.11,6.42,-14.36,18.25,-5.03,8.1
20.16,32.74,4.12,-42.53,-33.11,-34.27,14.77,-1.63,18.88,-18.99,1.87,-25.21,0.55
19.83,28.98,0.84,-33.45,-19.86,-16.79,18.43,3.03,16.04,-6.17,9.65,-9.81,6.22
19.26,36.18,5.06,-53.29,-32.71,-15.9,36.19,-8.37,4.54,-18.87,22.42,-12.53,6.14
18.84,22.06,-4.67,-34.92,-24.96,-16.08,14.91,1.2,7.31,-10.87,5.72,-6.31,4.5
19.1,52.33,10.24,-70.33,-29.91,-21.51,49.85,-20.83,13.93,-9.87,32.48,-17.69,17.75
18.65,40.89,3.47,-52.31,-20.44,-13.57,39.98,-0.57,19.94,-13.48,30.44,-2.73,19.46
18.73,39.41,8.44,-56.64,-35.44,-17.24,41.71,-10.23,0.82,-30.81,15.68,-19.55,6.31
19.21,38.48,-1.44,-45.18,0.94,-4.11,42.83,-11.87,2.35,-27.63,17.48,-3.65,12.38
20.37,42.31,3.63,-56.49,-15.85,-0.93,44.42,-26.15,-8.16,-33.21,26.05,-11.14,16.23
19.75,29.41,-4.45,-40.85,-7.58,0.88,32.19,-7.89,2.04,-22.23,7.62,-13.77,4.49
19.42,26.65,-2.63,-28.58,-8.59,-0.59,21.16,-5.71,-0.45,-13.25,12.91,1.05,12.5
19.67,23.12,-5.2,-33.7,-12.13,-4.14,19.65,-9.95,-3.66,-16.24,13.97,4.45,16.86
19.49,38.77,-2.23,-48.07,-7.17,-8.28,33.13,-19.18,2.07,-25.91,23.1,-4.42,20.19
18.7,24.49,-1.76,-26.25,-11.64,-6.72,9.98,-13.55,-8.85,-16.54,6.37,-1.61,7.26
18.43,40.66,4.41,-52.02,-23.26,-12.32,30.0,-25.3,-8.46,-27.73,27.92,-3.0,21.06
18.06,35.52,-4.53,-51.56,-15.54,-18.72,13.37,-37.03,-21.35,-47.92,-7.59,-29.82,-3.58
18.52,37.58,-1.81,-48.53,-5.85,-6.29,36.22,-18.25,-3.02,-32.85,8.53,-17.95,1.49
17.97,25.8,-1.08,-31.26,-7.68,3.56,33.24,0.82,1.08,-22.39,6.88,-1.73,17.65
17.74,26.23,-2.64,-29.89,-12.13,-0.98,25.99,3.44,7.62,-12.44,7.48,-6.46,8.38
17.57,44.25,10.4,-37.8,-2.39,3.84,41.71,-9.86,7.39,-19.07,23.46,-4.09,18.5
17.42,39.9,8.2,-30.52,0.18,3.66,38.1,-1.79,11.39,-11.8,23.73,3.48,18.4
17.76,40.58,11.46,-33.04,-5.72,5.38,44.0,-0.78,5.79,-21.38,19.03,-2.46,18.4
18.14,37.86,9.53,-30.71,-1.84,6.89,43.46,1.97,9.95,-15.06,25.18,5.95,22.38
17.61,37.08,11.23,-32.08,-13.47,-0.08,38.69,-0.23,3.99,-17.1,24.34,6.54,22.05
18.2,26.8,9.42,-6.71,-0.31,9.24,28.03,14.13,5.98,-9.57,4.15,6.6,15.98
18.75,28.61,14.01,-0.42,2.44,8.44,23.75,10.97,1.56,-14.98,-6.13,-4.21,4.68
18.82,25.26,11.93,3.72,3.06,4.1,9.92,3.99,0.32,-7.01,-5.73,-7.38,-3.69
19.06,27.86,13.67,1.99,6.38,11.77,23.8,10.0,0.04,-16.07,-8.57,-5.06,6.07
18.24,48.81,34.13,-25.83,-3.57,20.39,61.01,-6.96,-11.44,-22.53,15.97,-22.94,0.5
18.22,27.76,12.92,-1.28,5.37,12.56,28.17,10.18,-1.53,-20.8,-8.45,-4.48,8.06
17.37,26.48,9.89,-0.9,7.36,13.62,21.11,1.78,-4.36,-10.79,5.16,5.76,11.01
16.83,34.34,17.52,-6.6,0.43,7.93,31.78,7.79,-2.21,-24.24,-3.61,-5.58,11.49
16.46,25.78,7.17,-8.91,7.87,20.51,41.18,16.0,4.73,-19.67,-4.64,-6.78,7.95
17.47,27.84,8.06,-12.44,-3.25,6.0,30.23,17.84,15.84,-3.77,4.79,-2.58,6.51
17.88,40.94,16.72,-25.6,-9.82,-0.84,37.8,3.52,5.82,-22.97,6.82,-12.34,6.46
17.7,43.95,15.63,-27.27,0.53,4.84,37.16,-7.53,3.67,-22.99,16.95,-3.14,17.49
17.3,34.1,10.15,-22.85,-10.14,-2.25,27.4,1.27,5.68,-14.41,14.48,3.91,19.21
17.72,44.4,14.99,-31.87,-9.09,-7.46,30.88,-10.53,0.75,-24.85,14.01,-6.05,16.82
17.73,27.59,7.04,-13.78,-10.44,-5.96,11.46,-1.04,-0.6,-13.12,-0.03,-3.31,7.56
17.23,56.81,19.68,-35.69,3.33,-7.57,43.97,-10.67,11.32,-16.46,25.52,-2.6,18.68
17.33,34.44,10.01,-19.56,-8.86,-2.14,22.64,0.92,5.83,-10.79,11.53,-2.63,9.69
18.03,32.26,9.14,-21.98,-9.43,-3.41,24.02,-3.57,-5.6,-28.72,-1.91,-7.17,10.89
17.91,34.08,10.61,-23.6,-6.54,4.47,36.19,2.08,1.41,-22.7,8.43,-2.82,14.84
18.18,39.23,12.42,-30.87,-7.08,4.19,38.13,-9.83,-8.76,-36.68,1.84,-15.58,10.31
17.62,33.5,6.27,-33.32,-17.4,-14.8,22.18,-5.17,0.57,-31.86,-7.24,-17.44,10.61
18.4,32.28,5.65,-29.01,-8.3,0.25,31.76,-2.83,-2.7,-28.76,1.66,-8.4,12.53
19.28,22.54,-8.08,-37.72,-13.31,0.43,30.26,-5.24,-5.89,-33.43,-2.96,-11.96,16.32
18.86,39.02,5.37,-44.29,-15.15,-8.39,38.26,-3.18,10.97,-19.92,18.82,-6.15,19.63
18.48,17.7,-7.64,-26.73,-13.03,-1.35,19.95,2.88,2.24,-12.45,4.62,0.05,12.79
19.0,38.41,1.1,-53.0,-14.04,-4.51,43.65,-12.61,1.88,-34.18,9.64,-16.92,15.36
18.34,31.69,-0.49,-41.1,-18.5,-6.12,35.63,1.82,9.3,-21.42,14.95,-1.85,26.78
17.67,18.65,-4.36,-23.56,-16.52,-9.69,5.77,-8.07,-9.05,-18.18,-5.53,-10.32,-4.47
17.95,27.81,0.51,-29.92,-18.0,-11.52,12.44,-9.29,-2.17,-15.26,10.14,0.02,12.7
17.87,41.87,0.0,-41.29,0.84,-19.54,25.49,-24.6,-5.62,-28.9,9.22,-5.36,10.05
17.74,34.43,9.55,-28.62,-10.87,-3.9,27.25,-11.48,-12.79,-39.78,-4.9,-11.24,15.32
16.81,38.29,9.47,-38.52,-19.63,-3.86,34.2,-13.0,-5.86,-21.34,25.05,-1.55,13.93
17.32,21.33,-3.18,-23.35,-9.59,1.36,19.8,-2.71,-5.42,-19.03,1.41,-2.93,9.92
18.07,30.22,2.82,-34.17,-16.08,-6.55,25.49,-7.31,-3.76,-25.15,8.7,-1.7,16.91
18.15,26.44,-3.67,-36.8,-17.24,-6.89,26.92,-0.55,5.85,-17.13,15.2,4.9,26.99
18.25,31.56,-5.02,-40.22,-8.37,-12.45,28.08,3.43,23.68,-3.77,12.01,-11.92,6.9
18.55,43.85,-2.57,-66.48,-21.81,-11.45,43.23,-23.1,5.69,-25.79,25.17,-18.09,12.39
18.66,21.19,-8.15,-36.06,-8.32,1.94,26.99,-10.0,-10.38,-31.04,0.71,-4.94,15.94
18.46,24.51,-3.57,-30.29,-12.26,0.4,27.96,3.27,4.5,-15.41,6.55,-8.19,3.22
18.48,32.93,-0.87,-38.53,-5.36,-2.29,34.02,-3.91,6.55,-21.68,11.26,-4.52,18.66
18.23,22.55,-5.11,-29.11,-14.69,-5.4,16.14,-3.5,-0.83,-15.36,3.0,-6.86,3.06
17.56,24.24,0.99,-21.03,-7.74,-2.71,10.87,-14.46,-10.88,-14.28,13.49,7.62,10.83
17.7,27.72,2.83,-24.06,-8.29,2.22,25.36,-4.54,-5.69,-22.32,5.62,-1.95,13.77
17.29,26.28,2.21,-24.81,-16.45,-12.45,11.05,-5.83,-5.16,-26.15,-11.2,-17.15,-2.15
16.91,42.3,11.07,-35.2,-11.18,-3.93,31.44,-11.61,0.12,-22.39,20.55,-1.69,18.2
16.82,30.49,6.13,-24.59,-11.31,-4.34,18.91,-11.39,-11.26,-26.68,3.19,-5.12,6.17
17.04,26.78,0.4,-20.88,-7.23,-0.19,13.82,-11.87,-12.24,-25.04,-3.98,-10.06,5.81
16.83,37.83,14.01,-29.23,-12.72,0.33,37.24,-6.96,-12.18,-36.42,4.12,-10.68,9.21
17.11,41.01,15.12,-35.08,-12.87,1.98,39.15,-15.75,-15.12,-35.97,10.21,-12.18,8.32
17.42,33.32,5.89,-27.7,-5.4,2.64,27.55,-12.36,-11.26,-31.49,-2.17,-17.83,-1.04
16.66,38.2,8.87,-26.64,-5.89,0.99,25.25,-14.3,-7.59,-28.03,5.65,-9.73,12.33
16.97,40.37,8.32,-38.59,-6.32,0.72,34.46,-20.66,-10.73,-38.0,5.49,-20.38,5.31
16.95,38.33,14.42,-31.31,-14.91,-3.51,40.45,0.79,0.66,-32.47,4.59,-10.34,13.09
16.87,36.76,7.77,-29.58,-11.04,-11.95,17.88,-10.55,-1.96,-28.4,-2.44,-15.6,8.17
16.33,39.07,5.72,-37.2,-2.48,-0.98,31.39,-15.55,-0.33,-17.43,22.51,-4.26,6.18
16.57,41.72,7.4,-40.92,-5.15,0.53,34.77,-21.28,-8.11,-31.15,15.58,-12.49,6.11
16.85,27.14,0.87,-28.03,-7.69,1.25,26.1,-10.58,-13.11,-34.31,-3.14,-11.55,5.13
17.03,38.43,9.03,-35.88,-7.82,5.17,43.07,-10.09,-9.28,-37.8,4.56,-17.63,3.2
16.99,39.51,1.23,-49.54,-11.53,-7.11,35.67,-18.74,-2.91,-35.12,11.19,-13.74,16.08
17.13,20.84,-4.5,-29.45,-11.5,0.77,25.75,-1.42,-6.59,-29.43,-10.69,-16.73,1.26
17.19,28.2,-2.9,-34.15,-11.16,-5.5,22.7,-6.87,-2.89,-26.44,-0.55,-11.02,11.1
16.87,36.45,5.49,-37.49,-6.89,3.91,39.14,-12.09,-4.88,-30.68,11.29,-8.22,17.09
17.16,23.75,-7.09,-36.06,-17.63,-9.38,10.95,-23.82,-21.12,-38.61,-8.73,-20.02,-0.37
17.06,44.96,5.92,-48.49,-0.62,3.42,47.84,-15.65,-0.02,-28.91,22.25,-9.77,21.5
18.0,27.48,1.23,-33.35,-5.13,6.84,36.37,-14.38,-17.72,-43.43,1.37,-7.24,18.78
17.43,27.69,-2.81,-37.99,-6.7,4.66,36.14,-9.2,-7.67,-34.3,1.9,-9.78,15.23
16.56,39.63,4.78,-38.75,-8.99,1.26,39.26,-9.6,2.64,-26.92,13.06,-13.99,11.08
17.03,52.77,11.44,-60.93,-5.49,10.65,46.07,-31.47,0.23,-36.87,14.62,-28.86,10.12
16.98,26.85,-0.02,-29.65,-13.75,-5.89,16.63,-17.05,-19.92,-40.47,-10.69,-16.88,3.44
15.64,29.58,7.59,-24.59,-15.35,-4.01,28.13,1.41,-3.26,-23.99,6.09,3.26,19.63
16.55,35.87,3.15,-32.07,-6.0,-6.09,21.45,-16.32,-6.1,-27.14,4.86,-11.81,5.51
16.26,27.23,0.65,-28.5,-11.66,-5.77,12.68,-19.77,-18.22,-32.33,-5.32,-14.27,-1.04
16.05,43.77,6.78,-46.9,-9.8,-14.0,23.36,-30.58,-14.37,-41.76,10.24,-9.84,12.89
15.76,42.04,10.38,-43.69,-14.57,-2.68,35.15,-20.49,-9.49,-38.86,7.46,-19.73,6.79
16.44,31.68,2.68,-29.04,-9.91,-1.67,24.19,-8.16,-3.93,-26.18,2.3,-11.7,6.91
16.2,18.4,-6.87,-28.62,-13.82,-4.62,14.41,-7.4,-7.25,-17.78,3.64,-1.1,7.6
16.58,33.97,-1.85,-46.34,-14.54,-3.92,29.2,-24.19,-12.8,-34.73,12.33,-12.68,10.99
16.23,19.57,-6.92,-34.95,-22.0,-9.21,18.5,-2.5,-3.74,-20.85,0.29,-8.14,2.6
16.59,25.09,-3.73,-35.32,-20.97,-9.12,23.66,1.88,7.01,-16.82,3.94,-10.63,4.95
16.86,25.37,-1.99,-39.86,-28.45,-15.94,23.8,1.51,3.62,-21.36,3.44,-11.65,0.94
15.93,37.22,6.51,-36.7,-11.7,-4.84,30.45,-11.34,-0.55,-23.68,12.91,-6.56,10.65
16.06,44.66,7.81,-51.07,-15.42,-5.36,39.52,-19.01,3.38,-21.57,24.67,-12.31,3.7
17.26,40.82,1.59,-50.2,-16.04,-12.61,31.85,-17.26,2.22,-26.9,17.61,-14.99,2.26
17.15,31.48,0.58,-40.1,-23.2,-17.08,17.8,-11.76,-2.62,-22.94,5.64,-13.02,4.75
17.1,25.28,-4.41,-36.81,-25.43,-16.86,10.7,-11.39,-4.12,-21.14,3.97,-6.65,11.15
17.21,43.81,2.61,-51.73,-13.3,-21.45,27.72,-24.53,-6.8,-41.8,3.22,-18.61,10.22
17.78,23.64,-8.15,-43.97,-24.74,-12.97,20.09,-11.21,-3.81,-22.85,11.95,-4.32,10.47
18.25,25.81,-4.8,-38.43,-11.17,-3.72,31.02,-1.79,0.43,-30.18,-0.89,-9.89,13.94
18.64,21.8,-6.79,-36.66,-14.54,0.26,31.84,1.25,5.19,-13.78,19.5,8.06,23.83
18.86,18.62,-9.79,-36.81,-16.43,-4.1,24.07,0.64,2.63,-16.85,4.67,-4.0,10.45
18.14,30.47,-1.38,-37.27,-11.76,2.08,38.21,3.6,11.61,-16.06,14.73,-6.73,15.78
17.93,31.1,1.9,-36.78,-14.52,-4.04,27.03,-12.01,-8.14,-30.77,4.1,-11.98,8.24
17.72,45.71,4.78,-47.59,-7.75,-9.65,37.72,-17.91,2.76,-32.8,11.45,-16.48,11.88
17.27,33.58,4.37,-33.26,-9.57,-0.67,30.95,-7.06,-2.92,-25.93,6.52,-10.45,5.18
17.46,53.56,13.63,-53.99,-6.89,-5.92,43.32,-20.86,5.67,-29.86,14.82,-17.02,19.21
17.69,52.02,5.78,-46.7,3.89,-27.95,49.92,-18.87,7.09,-27.1,14.47,5.16,22.83
17.47,19.01,-5.37,-22.15,-10.99,-1.95,10.44,-10.16,-14.61,-23.53,-2.73,-0.24,11.4
17.65,30.31,1.9,-33.79,-12.01,-5.45,22.93,-14.03,-9.08,-29.36,6.65,-3.09,17.01
17.39,28.61,-2.11,-32.78,-10.6,-2.96,20.11,-14.36,-5.5,-18.06,18.28,5.32,21.46
19.13,34.8,-5.84,-56.6,-3.55,-1.47,44.57,-26.73,-10.77,-42.3,16.63,-1.8,35.78
18.87,18.51,-8.33,-31.86,-7.76,4.02,25.83,-13.02,-16.53,-33.31,3.71,-0.56,17.04
17.23,23.42,-1.05,-26.44,-8.59,1.22,22.32,-8.53,-10.11,-25.27,1.65,-5.32,4.88
17.69,24.22,0.96,-26.85,-12.78,-6.07,20.16,-9.16,-13.55,-36.98,-5.89,-3.38,20.51
17.56,35.04,1.04,-46.61,-16.63,-10.26,23.72,-28.28,-18.58,-41.42,6.5,-11.74,17.43
18.14,26.27,-4.56,-41.52,-15.55,-3.88,27.43,-19.72,-18.46,-43.6,2.16,-6.1,23.36
17.7,27.78,-1.03,-36.88,-11.96,-4.51,28.36,-10.91,-8.02,-32.01,7.35,0.39,26.11
17.91,19.3,-6.05,-24.96,-9.14,1.08,21.75,0.73,-1.61,-19.78,1.08,1.78,21.42
18.46,22.64,-2.57,-37.82,-19.94,-12.2,27.49,0.06,4.13,-24.52,8.69,1.63,26.4
17.14,19.45,-7.61,-26.13,-8.52,3.42,24.37,3.68,1.59,-15.09,3.52,-0.78,12.79
18.26,19.96,-8.28,-39.45,-20.96,-10.74,17.6,-11.18,-7.69,-22.9,10.57,5.97,23.36
18.04,31.92,-0.88,-39.32,-15.71,-6.87,30.63,-7.64,-2.89,-40.99,-5.36,-20.25,17.25
17.77,42.56,-2.69,-52.71,-1.43,-18.22,40.69,-14.97,5.0,-32.76,5.14,-18.85,13.66
17.18,31.85,-1.05,-33.79,-5.73,-1.26,28.47,-9.0,-0.75,-23.8,8.94,-7.61,12.56
17.05,20.98,-3.23,-26.63,-12.23,-3.41,19.75,-2.41,-4.51,-23.18,-4.0,-7.72,6.45
17.02,27.63,-0.13,-34.54,-17.37,-4.69,26.53,-5.68,-3.98,-23.76,10.52,-0.17,15.07
17.36,31.84,2.02,-33.77,-10.61,-2.91,25.52,-10.68,-2.99,-19.26,12.95,-5.7,5.5
17.53,48.39,6.01,-54.12,-11.49,-12.54,32.38,-30.83,-5.31,-33.19,19.82,-12.37,17.0
17.16,31.62,9.34,-24.11,-14.6,-3.97,25.64,-5.83,-12.32,-34.87,-5.79,-14.07,-0.0
17.19,33.98,7.31,-26.06,-10.09,-2.12,26.73,-6.39,-4.09,-26.77,4.76,-7.46,11.1
17.07,30.33,2.73,-30.9,-12.15,-4.35,22.41,-9.81,-5.38,-20.96,12.14,3.53,23.26
17.66,21.84,-3.13,-29.45,-17.4,-8.84,13.68,-13.29,-16.22,-31.79,-1.63,-0.66,17.55
16.9,27.41,4.24,-20.54,-6.02,0.5,21.95,-4.18,-7.95,-29.64,-8.77,-9.52,12.01
16.52,34.11,8.76,-20.63,1.04,7.96,34.05,-4.53,-7.61,-34.5,-3.86,-9.47,18.25
17.0,47.39,8.63,-42.42,2.39,-0.21,39.38,-23.09,-4.56,-37.61,11.35,-19.31,10.1
17.37,18.36,-6.83,-24.65,-9.77,-0.92,11.65,-16.86,-25.16,-41.77,-20.85,-19.54,1.2
17.54,53.06,5.54,-46.62,16.77,-12.82,50.79,-26.13,-6.36,-37.48,1.62,-14.4,14.17
17.38,31.84,5.6,-22.41,-4.95,4.81,29.65,-1.26,-1.7,-22.45,4.34,-7.2,9.95
17.42,23.9,1.4,-19.2,-4.74,3.43,21.74,-0.86,-3.74,-18.47,1.38,1.7,18.06
17.06,30.21,-2.04,-39.39,-13.1,-6.63,24.71,-18.42,-12.66,-36.93,0.35,-16.46,2.39
17.03,41.7,12.72,-37.04,-7.41,5.79,40.85,-22.5,-16.09,-38.7,14.9,-8.44,15.93
17.6,35.2,4.07,-34.46,-7.36,-3.32,23.04,-25.94,-22.03,-46.88,-3.51,-16.54,8.44
18.11,45.46,6.74,-46.5,-3.94,-6.76,29.46,-36.85,-17.64,-45.15,12.87,-9.04,21.82
17.64,29.05,9.25,-31.3,-23.47,-13.53,18.53,-20.36,-27.4,-43.24,-2.41,-10.43,0.55
17.44,40.48,2.73,-49.74,-9.05,-6.59,26.03,-39.24,-18.15,-38.99,16.73,-11.44,18.82
17.77,33.54,1.27,-37.32,-8.72,-1.26,27.66,-19.33,-9.47,-29.71,12.09,-10.59,8.31
17.34,42.26,7.58,-42.73,-9.28,-4.26,30.86,-24.68,-10.73,-35.89,9.82,-19.17,2.84
17.07,33.29,9.9,-24.66,-7.2,0.21,27.48,-8.96,-8.38,-25.33,11.24,0.39,10.56
17.81,30.95,5.27,-27.23,-9.31,-2.87,23.09,-11.9,-14.04,-39.0,-10.1,-16.24,6.58
17.38,39.86,4.11,-39.99,-10.16,-17.76,22.67,-13.65,0.09,-28.65,5.09,-10.86,12.7
17.28,30.89,10.27,-21.77,-19.87,-16.81,11.18,-9.72,-14.45,-37.71,-13.15,-9.94,14.34
17.22,27.45,1.77,-26.32,-17.4,-11.51,10.02,-14.39,-14.47,-30.74,-4.16,-6.18,13.41
17.42,48.26,18.62,-37.28,-14.04,-3.04,38.03,-18.73,-11.87,-37.58,13.87,-15.69,4.99
16.84,26.18,5.12,-14.45,-3.62,4.61,18.37,-7.62,-16.15,-30.04,-8.32,-7.25,7.66
17.25,39.4,6.74,-37.28,-6.07,-1.71,29.28,-22.04,-14.58,-43.38,-3.58,-24.15,1.77
16.57,32.29,8.85,-25.26,-10.77,-1.64,25.07,-11.67,-14.92,-31.34,6.17,-2.7,10.55
16.9,44.29,6.9,-32.74,7.26,-8.93,24.2,-27.65,-12.26,-35.39,6.81,-8.55,10.79
17.33,30.43,5.39,-17.44,0.72,9.34,28.72,-0.83,-1.67,-20.58,2.5,-7.1,8.44
16.91,27.01,6.75,-11.77,0.18,5.12,16.44,-9.84,-15.46,-26.79,-5.35,-5.98,3.83
17.01,31.7,3.99,-23.71,-10.1,-9.33,10.8,-14.86,-9.68,-29.58,-7.01,-16.69,2.22
17.01,53.01,11.84,-45.43,3.51,-4.29,41.03,-24.12,-2.51,-31.55,19.28,-10.18,21.34
16.8,28.79,4.8,-23.67,-10.76,-4.14,21.69,-3.19,-5.66,-29.34,-7.09,-10.69,10.27
15.96,52.97,14.2,-47.79,-2.42,-6.07,37.77,-22.97,-3.83,-32.86,17.56,-13.84,11.65
16.08,25.95,0.73,-25.29,-9.47,-2.07,15.68,-16.9,-15.37,-24.58,7.07,-1.42,9.06
15.97,30.81,5.51,-23.21,-9.73,-5.68,16.46,-7.01,-3.44,-18.89,2.29,-7.86,2.98
16.71,35.99,10.95,-23.0,-11.62,-8.42,21.13,-6.68,-6.11,-35.55,-12.26,-21.26,2.46
16.34,43.83,18.24,-27.47,-12.0,-1.59,30.49,-16.3,-12.16,-30.81,19.01,-0.02,13.53
16.64,22.16,0.6,-17.47,-9.13,-2.56,10.39,-10.88,-18.31,-30.27,-9.11,-4.22,10.17
16.61,46.83,18.45,-36.44,-14.65,-6.61,31.02,-19.15,-10.9,-35.36,13.34,-8.6,17.65
16.3,24.77,1.46,-21.11,-12.33,-6.47,14.2,-4.71,-10.97,-33.45,-16.56,-15.37,5.82
16.06,31.55,10.17,-22.23,-15.43,-10.75,17.42,-6.42,-10.6,-34.86,-10.05,-12.1,10.89
15.35,40.95,5.46,-41.2,-5.49,-4.9,30.08,-22.45,-10.59,-31.42,14.63,-5.19,17.18
15.88,51.8,18.41,-55.46,-9.79,8.99,51.5,-20.12,-2.21,-34.29,15.84,-25.24,4.65
15.8,46.79,15.17,-43.27,-17.19,-4.45,34.22,-23.75,-12.07,-33.95,15.76,-14.15,8.04
15.61,39.04,10.16,-31.12,-6.74,-0.21,27.81,-21.01,-13.39,-33.76,7.79,-8.69,12.36
15.66,26.54,1.22,-26.05,-15.39,-9.7,10.0,-14.4,-14.9,-30.55,-6.22,-10.52,3.83
15.75,26.91,1.11,-25.36,-7.46,-1.0,19.35,-8.91,-7.07,-22.23,3.85,-0.78,18.63
15.97,28.67,-0.01,-29.34,-14.42,-8.16,16.03,-10.71,-8.3,-29.19,-2.15,-7.44,17.79
15.89,36.9,3.25,-46.79,-12.31,1.17,41.11,-16.94,-5.15,-29.27,19.85,-6.15,16.79
15.64,29.11,1.58,-24.97,-9.07,-1.32,19.34,-8.42,-5.21,-19.07,7.03,-4.58,6.8
16.16,38.66,8.62,-32.76,-4.15,-1.18,25.97,-21.37,-15.69,-37.0,5.69,-9.77,11.24
16.24,33.05,4.18,-27.42,-6.08,4.57,32.14,-2.62,2.01,-17.55,14.65,-3.39,11.38
15.64,35.63,-4.35,-40.38,1.86,-16.22,28.1,-13.72,-3.04,-36.74,-13.82,-23.96,-0.55
16.69,41.6,10.82,-36.72,-0.82,11.37,47.84,-17.5,-11.96,-41.65,13.09,-12.47,21.06
16.11,33.47,3.75,-33.42,-12.69,-8.94,23.21,-10.13,-5.88,-32.84,-4.29,-16.53,6.7
15.54,28.79,3.68,-23.79,-11.4,-3.39,22.07,-4.6,-7.57,-33.32,-10.57,-16.66,6.11
15.9,31.4,8.42,-18.27,-8.01,-5.5,13.6,-10.63,-11.93,-30.75,-11.38,-16.95,-0.27
16.06,21.98,1.43,-10.08,-3.76,0.76,4.63,-13.42,-20.28,-26.47,-11.37,-4.72,8.85
16.0,30.34,7.72,-21.46,-9.62,-3.89,20.3,-7.09,-10.31,-28.81,-2.33,-4.62,14.5
15.64,34.61,5.38,-30.84,-2.43,9.7,40.14,-9.78,-8.52,-36.53,4.73,-10.47,18.08
16.08,55.74,16.4,-51.67,-9.77,-5.47,38.23,-32.55,-10.69,-30.08,27.0,-18.37,15.52
16.39,39.26,7.03,-35.84,-10.25,-1.87,35.57,-8.15,-0.41,-29.99,7.73,-15.97,6.76
16.52,52.63,9.16,-52.11,-0.75,-9.35,41.09,-33.64,-10.77,-41.69,13.67,-15.33,10.11
15.77,32.36,3.15,-23.84,-3.73,-3.51,13.04,-22.12,-17.21,-32.08,-2.99,-9.84,11.07
16.96,32.81,8.6,-28.86,-16.48,-7.12,23.63,-11.72,-13.81,-35.55,2.22,-3.13,18.03
16.61,23.61,-1.48,-27.04,-18.02,-11.79,5.87,-18.97,-22.07,-33.55,-6.19,-7.47,6.02
16.86,18.81,-3.09,-18.68,-5.75,1.72,11.66,-12.47,-19.03,-29.0,-12.68,-13.2,-1.74
17.85,37.69,-3.65,-57.07,-16.51,-17.02,26.07,-31.25,-14.18,-39.13,11.2,-15.79,8.23
18.29,36.59,-6.18,-49.39,-0.05,-7.72,36.41,-17.85,1.15,-24.18,18.19,-6.6,12.24
17.78,26.08,-7.67,-32.97,-5.44,0.01,17.32,-19.09,-8.61,-20.92,11.0,-5.45,11.41
17.52,46.95,6.34,-48.9,-9.91,-13.01,29.12,-27.78,-5.97,-30.17,15.63,-16.68,9.47
16.8,25.79,2.23,-32.1,-20.96,-8.96,22.11,-8.28,-13.34,-33.68,-6.26,-16.69,-2.91
16.87,33.82,3.91,-35.69,-11.69,-5.38,22.7,-21.95,-18.8,-41.0,-0.01,-12.84,6.86
16.8,28.13,1.91,-26.04,-4.2,2.36,21.94,-19.68,-22.81,-38.98,-0.25,-4.58,13.13
16.41,30.63,0.01,-39.1,-17.11,-11.25,23.7,-12.17,-8.34,-35.28,-2.34,-14.09,8.38
16.58,41.37,2.44,-54.02,-16.43,-14.16,21.69,-39.55,-21.56,-34.75,20.87,-10.7,11.77
16.74,33.53,0.73,-42.9,-14.95,-4.59,28.73,-19.52,-12.37,-34.34,5.55,-18.02,0.51
16.43,24.7,-4.12,-25.15,-6.03,-0.62,10.63,-20.79,-14.9,-23.31,2.77,-9.35,5.53
16.67,47.07,2.77,-50.65,-0.58,-15.6,38.79,-24.49,-2.48,-31.49,17.55,-3.57,22.29
17.57,40.96,5.38,-44.99,-7.38,-12.43,33.17,-20.08,-7.13,-43.59,7.73,-5.37,33.69
17.22,31.93,3.0,-36.11,-15.68,-10.5,22.02,-15.36,-11.22,-34.56,3.55,-4.88,17.83
16.87,21.97,-3.35,-25.6,-18.19,-10.34,8.85,-7.61,-9.15,-24.38,-8.61,-11.93,3.25
