17.71,13.44,10.41,14.32,4.32,17.36,10.75,11.52,-1.66,0.67,-1.96,3.57,1.2
17.17,40.91,17.47,-12.04,8.98,13.05,32.48,-3.8,-3.26,-21.65,6.84,-11.23,0.14
19.09,26.73,16.18,11.97,12.56,13.93,16.99,10.88,6.09,0.38,2.15,3.35,6.32
18.26,28.44,16.09,5.91,5.1,7.3,15.51,7.72,-0.31,-11.54,-7.4,-5.63,-0.52
18.72,37.74,19.37,-0.43,11.35,14.01,30.18,9.93,8.23,-9.0,4.52,-1.85,10.48
17.84,28.05,13.83,3.86,6.57,11.03,20.81,10.88,4.25,-7.21,-2.14,-0.55,7.99
18.33,43.82,25.17,-11.21,3.32,15.91,49.17,14.97,11.83,-7.41,22.67,8.0,17.16
16.59,30.08,13.46,-1.74,2.46,10.35,26.63,17.62,10.61,-5.11,-0.8,-0.83,7.97
18.34,31.23,18.16,5.8,5.54,8.31,21.75,16.39,13.25,1.49,3.84,2.37,8.62
17.62,26.31,14.63,8.15,7.57,8.89,16.2,13.7,10.39,-0.12,-4.89,-8.23,-1.87
15.54,24.32,8.52,-3.99,-5.14,-2.94,6.71,0.59,-3.6,-13.7,-10.52,-9.34,-0.75
17.85,33.5,22.28,7.06,5.89,9.06,25.12,14.76,6.18,-10.81,-2.89,-0.64,8.4
17.85,23.65,11.04,5.59,6.13,8.36,13.36,8.91,4.72,-1.68,-1.12,0.47,5.61
17.38,24.32,11.85,1.98,-1.87,-1.3,10.42,13.29,14.28,5.11,1.89,0.58,8.8
17.05,24.68,10.71,3.62,6.39,8.08,11.41,1.81,-0.65,-2.76,4.3,5.41,7.72
18.09,36.59,19.04,-4.08,2.74,9.91,34.83,20.04,18.22,-5.65,3.67,-7.59,5.53
17.11,34.85,20.25,3.42,6.78,9.66,19.93,1.62,-5.04,-16.79,-2.51,-3.14,7.06
17.76,39.72,21.23,-4.3,2.81,7.33,32.75,14.24,11.66,-12.07,0.98,-5.66,10.53
17.25,29.16,15.04,0.41,-2.64,0.11,12.09,3.61,-2.55,-11.75,-4.0,-3.87,1.53
17.9,26.72,13.36,4.07,4.6,8.51,19.24,15.81,12.02,1.77,1.9,0.52,6.06
17.75,26.41,14.54,6.71,6.01,7.37,15.87,11.9,7.13,-5.43,-8.44,-9.3,0.68
18.16,25.55,13.91,5.59,1.52,2.23,12.0,14.69,14.16,5.88,2.54,1.56,7.86
18.3,32.22,18.88,3.63,2.86,6.29,23.59,18.61,15.46,-0.72,3.39,2.51,13.32
15.84,31.99,15.57,-8.45,-10.22,-8.34,10.26,-3.09,-5.3,-18.41,-1.8,-1.47,8.65
18.23,32.15,16.68,1.84,4.51,6.91,19.36,10.86,11.84,3.55,12.21,9.42,15.87
17.72,24.09,13.43,6.56,2.58,0.42,6.84,7.01,7.32,0.73,-0.79,-1.97,3.08
17.79,22.03,8.05,1.05,1.82,4.83,12.59,9.35,5.9,-2.39,-3.39,-3.62,0.94
17.59,22.71,10.02,1.65,0.43,1.16,9.99,5.96,1.39,-10.82,-9.93,-6.64,4.66
17.95,30.75,17.01,3.64,3.93,5.85,19.59,14.81,15.5,3.54,4.84,-1.19,4.55
17.92,33.11,18.7,1.17,2.85,5.68,24.48,15.37,11.74,-8.15,-1.75,-5.46,8.76
18.42,33.29,19.02,-2.32,-3.56,-0.27,25.45,19.63,16.35,-7.0,-0.79,-3.36,13.44
18.26,34.09,19.86,1.06,6.32,12.43,35.24,21.12,13.32,-12.19,-4.79,-7.12,7.81
17.69,32.81,19.14,3.76,3.0,4.24,18.36,11.87,11.05,-2.43,3.88,3.66,15.44
17.0,32.33,14.85,-2.37,-1.36,0.04,13.92,5.57,11.94,4.5,13.82,7.05,13.75
18.42,51.74,29.84,-16.97,-0.64,6.15,52.55,11.81,22.81,-4.59,23.25,-5.03,15.74
18.23,30.8,13.89,-1.23,7.52,15.41,31.08,16.14,13.86,3.46,14.64,7.0,10.84
16.45,26.05,9.46,-3.45,-0.77,2.5,11.29,-1.03,-3.82,-8.2,1.35,-2.08,-2.06
17.82,35.61,18.21,-7.01,-1.07,5.72,34.25,22.43,25.31,5.53,18.56,9.24,18.39
17.08,23.25,9.57,1.66,1.58,5.41,15.6,12.73,7.43,-2.73,-4.02,-3.68,2.71
17.53,28.23,15.59,5.19,4.07,5.87,15.13,7.72,-0.57,-13.2,-7.64,-0.41,11.44
17.43,24.69,12.75,6.19,4.62,4.78,9.28,2.95,-3.07,-8.71,-1.97,7.27,16.72
17.05,44.52,26.78,-6.54,-0.94,0.63,28.93,4.53,6.05,-16.25,8.05,-0.07,20.25
18.06,37.92,20.65,-6.18,0.9,7.06,35.99,17.57,15.7,-5.2,10.92,5.49,22.0
17.64,31.13,18.5,7.44,6.62,7.11,16.3,12.08,11.85,2.58,3.87,-0.46,4.2
17.51,23.11,10.66,5.39,7.69,11.41,17.69,11.27,4.53,-5.14,-3.59,0.38,9.81
18.05,31.5,18.28,5.23,8.16,11.28,24.68,15.41,11.23,-2.46,3.61,0.67,7.78
17.3,27.83,14.49,5.0,5.06,7.55,15.86,9.19,4.86,-3.75,-1.15,-0.6,6.72
18.48,32.81,19.79,6.55,10.51,15.6,29.56,17.22,10.57,-3.89,3.58,2.11,11.18
17.15,35.63,21.3,2.06,8.83,12.61,35.23,19.66,12.02,-11.75,-3.81,-7.6,9.42
17.09,24.81,12.71,6.79,7.17,10.03,16.57,11.82,6.97,0.67,3.58,7.01,12.15
18.16,25.48,12.78,5.19,5.55,9.44,18.48,14.95,9.87,-0.34,0.06,2.45,10.85
17.4,25.57,14.17,9.34,7.74,8.17,11.0,8.35,5.67,2.23,2.12,2.58,3.96
17.46,23.68,12.09,6.28,3.02,3.4,8.96,7.97,4.65,-1.4,-0.67,3.8,10.48
17.6,23.8,12.72,8.15,6.49,5.29,6.31,0.46,-4.58,-9.47,-7.0,-2.59,2.92
18.45,45.03,23.74,-11.0,3.93,9.37,40.76,13.25,18.48,-6.7,17.03,0.34,13.11
17.9,52.49,25.3,-13.34,9.86,7.05,43.9,-2.95,11.71,-8.8,23.35,4.81,18.03
17.68,25.58,11.07,0.48,1.79,7.14,20.51,19.34,18.61,9.25,9.41,6.0,9.82
17.62,36.31,19.35,-3.44,1.63,9.11,31.05,15.36,12.49,-4.89,13.34,10.52,23.81
17.95,28.52,15.23,4.53,3.43,4.1,10.97,2.72,-0.86,-6.42,3.76,9.45,18.73
17.91,31.9,20.46,5.19,1.04,-0.16,11.95,2.28,-3.77,-17.67,-8.44,-3.06,9.29
18.42,49.35,34.66,-2.36,2.02,2.88,41.92,8.65,2.74,-17.12,8.05,-1.55,16.95
17.8,41.62,24.83,1.01,7.4,11.48,31.88,6.77,2.95,-14.53,-1.21,-9.97,2.16
17.43,33.93,20.66,6.64,6.01,5.73,17.46,9.3,7.65,-3.26,-0.47,-3.22,4.34
17.84,25.29,13.91,5.93,3.6,5.65,17.45,19.19,17.7,8.05,5.82,3.51,7.1
17.09,29.43,15.08,0.45,-1.06,0.37,14.65,10.65,9.39,-0.77,6.81,8.27,16.52
15.82,30.79,12.87,-7.61,-5.88,-3.79,11.38,-0.26,1.45,-7.48,7.14,4.94,11.86
17.34,41.04,24.62,-4.7,-2.61,-2.18,25.27,14.13,20.0,-5.27,4.06,-10.43,3.09
17.18,29.97,15.83,3.98,-0.25,-0.55,7.03,5.45,5.29,-0.26,1.33,0.13,3.86
17.42,25.51,11.56,3.41,5.35,7.58,14.15,7.21,4.77,-0.81,2.86,3.49,9.03
18.19,32.67,17.07,0.28,2.74,5.55,19.59,8.81,9.13,1.38,13.96,9.92,15.13
17.85,25.2,13.39,7.27,6.48,8.98,16.41,14.17,9.67,0.15,-3.39,-5.22,-0.82
18.49,40.41,28.76,-0.85,-4.5,-3.79,26.72,13.24,7.52,-17.24,-1.07,-4.7,10.09
18.18,43.38,24.52,-10.17,-2.41,-0.44,33.09,10.56,11.27,-15.07,11.27,5.12,28.82
18.39,35.19,23.2,5.98,7.45,10.56,30.95,20.38,11.83,-10.67,-2.87,-0.36,16.35
17.56,57.26,36.64,-22.34,-6.54,1.07,50.38,-5.49,-2.42,-21.94,23.98,-5.72,18.7
18.28,29.67,18.67,8.97,4.33,3.5,12.38,13.27,10.49,2.62,2.63,4.56,9.6
17.65,27.97,13.77,1.97,2.04,3.83,13.71,5.73,1.92,-7.65,-1.35,2.2,12.59
17.01,41.45,25.36,-3.33,-1.87,-1.85,21.7,0.44,-2.45,-24.14,-4.7,-10.51,7.86
17.15,39.82,24.21,-5.61,-6.54,-8.82,19.08,4.5,6.84,-18.56,-4.78,-8.22,14.89
17.16,32.46,18.07,-0.4,-3.08,-3.64,12.58,5.81,3.63,-12.19,-4.96,-5.69,5.67
16.41,27.86,14.8,1.94,0.54,3.84,18.59,13.98,7.32,-9.75,-9.16,-7.29,4.95
18.45,46.3,28.14,-6.82,1.85,3.29,38.04,12.25,14.64,-12.05,10.16,-0.46,17.73
16.81,33.99,20.38,4.5,3.76,3.7,17.12,6.0,0.5,-11.25,-0.35,2.45,13.41
17.48,37.26,24.67,9.3,10.18,9.52,19.63,2.97,0.26,-12.45,-2.1,-4.63,4.21
18.14,36.46,23.18,5.09,4.94,6.1,19.69,5.45,1.82,-9.96,4.66,5.35,13.39
18.27,28.8,18.26,12.11,10.14,9.83,14.2,10.38,7.32,2.03,2.81,4.12,9.54
18.61,33.52,20.57,3.82,2.32,5.67,24.89,20.89,19.05,1.19,6.04,3.84,13.7
17.42,29.83,17.15,6.28,3.64,5.6,17.47,14.53,8.26,-6.17,-7.36,-5.55,4.24
18.1,44.46,29.57,-3.69,0.79,8.61,42.5,17.27,11.9,-15.27,5.61,-9.43,7.82
17.85,39.43,26.82,0.22,-2.5,-2.21,25.36,14.33,12.0,-10.81,1.88,-0.45,16.59
17.51,25.58,13.64,7.41,6.48,6.71,10.94,7.56,6.23,1.29,0.87,-1.51,1.95
17.12,53.24,26.53,-27.11,5.7,5.75,44.51,-0.92,10.21,-12.92,18.79,1.09,22.94
16.62,38.12,17.87,-8.55,6.32,10.1,29.71,1.88,3.38,-12.94,9.08,1.35,10.69
17.48,43.57,20.88,-9.13,3.3,5.64,29.65,6.06,10.52,-10.22,14.14,-0.97,14.96
18.18,31.49,16.61,1.89,4.68,9.4,24.69,16.92,14.58,0.94,6.98,4.29,12.25
17.74,29.76,15.02,4.88,4.64,8.92,17.86,11.61,5.92,-3.74,-2.02,-0.93,4.52
18.21,26.9,15.63,9.02,6.69,6.92,12.84,11.22,9.38,1.44,-2.17,-6.28,-3.94
18.34,22.97,11.95,10.75,12.6,12.74,10.79,3.16,0.75,1.58,5.78,6.42,5.46
18.4,38.9,22.42,-3.31,1.65,6.93,31.61,14.8,15.28,-2.16,11.57,3.06,14.83
18.05,30.23,15.25,6.65,8.74,11.44,16.77,9.54,11.44,9.77,14.28,9.05,8.74
17.65,26.11,14.02,6.4,2.88,2.24,7.46,4.78,3.89,-0.47,1.36,2.65,9.9
18.51,36.5,21.98,4.89,6.73,8.49,21.99,11.97,11.72,0.1,13.94,13.23,20.52
17.17,25.7,13.18,4.33,-0.85,-3.14,2.68,2.71,3.85,0.31,1.12,0.79,5.55
16.8,33.69,19.33,2.08,4.59,7.23,20.14,5.9,0.55,-12.45,-2.8,-5.97,0.78
17.21,25.7,12.19,3.17,0.23,-1.99,1.36,-3.55,-4.0,-7.84,-4.94,-4.62,1.32
17.13,45.36,27.65,-2.32,2.12,2.61,24.44,0.9,4.07,-13.02,10.21,0.0,13.64
17.66,31.18,17.08,0.79,0.83,4.21,19.76,9.12,5.14,-5.44,8.62,12.3,19.84
17.79,28.21,13.16,3.03,4.65,9.33,18.02,11.95,7.51,-0.43,2.11,1.17,5.56
18.13,49.89,26.82,-16.72,-0.09,0.53,37.66,-1.62,3.96,-23.18,7.76,-12.09,12.51
18.47,28.5,15.62,7.26,8.93,12.88,19.8,10.18,0.97,-8.94,-3.31,1.13,7.49
17.96,24.79,12.84,6.86,4.72,5.05,9.68,7.35,5.25,0.3,-0.19,-0.34,2.5
18.18,35.79,21.88,3.18,5.76,9.31,30.06,18.03,14.38,-5.78,3.02,0.55,12.16
17.91,39.8,22.14,-4.79,2.93,7.33,34.53,14.05,16.18,-0.99,14.56,9.07,20.56
18.27,39.73,20.38,-4.81,4.97,10.22,33.05,13.29,10.8,-10.32,6.27,-3.28,9.56
18.07,32.83,20.27,2.57,-2.42,-0.67,18.16,10.02,2.9,-11.36,0.23,4.94,14.5
17.79,32.14,18.82,3.42,0.42,-0.7,7.78,-2.83,-5.89,-11.7,2.41,6.87,14.86
18.0,35.7,21.69,2.98,0.79,0.58,13.81,0.63,-1.68,-12.13,2.58,2.26,9.74
17.84,50.26,34.33,-5.31,-2.04,-2.46,31.66,1.78,6.42,-11.64,13.93,-1.88,14.37
17.8,45.54,24.87,-10.87,0.59,3.25,31.99,5.83,10.23,-6.28,18.83,-0.67,7.04
18.42,28.9,15.22,6.54,6.35,8.4,13.88,8.07,6.57,3.31,6.5,3.17,1.85
18.23,31.88,15.68,-2.22,1.31,7.37,26.16,14.75,13.09,0.14,8.9,0.84,2.58
18.3,32.7,19.12,4.29,3.84,6.46,20.9,13.33,8.15,-7.29,-1.13,-1.6,5.82
18.12,25.6,13.47,6.95,5.95,7.61,13.23,9.06,4.84,-2.16,-1.71,-0.81,2.31
17.96,38.14,19.18,-1.25,11.72,17.14,32.58,6.26,-0.08,-18.54,4.71,0.7,17.95
17.71,29.35,14.6,1.31,1.46,3.65,14.0,5.94,3.41,-4.6,6.16,9.68,19.55
17.62,32.82,24.31,10.96,6.88,3.84,15.75,7.13,4.44,-5.57,5.66,8.99,14.87
18.44,26.8,14.38,6.99,6.68,8.63,15.43,12.77,13.0,10.1,13.07,11.3,12.02
17.93,22.0,10.17,5.3,1.75,-1.3,-1.19,-4.17,-5.44,-8.77,-11.24,-12.95,-9.68
17.75,39.75,21.35,-0.67,7.98,5.55,17.85,-1.85,5.77,1.13,18.27,4.99,8.44
18.05,35.15,22.24,7.35,4.57,3.94,16.42,10.83,6.79,-6.88,-2.67,-3.2,6.87
17.71,56.87,34.25,-9.39,9.47,-6.31,40.68,-1.29,5.64,-17.64,4.07,-8.73,8.69
17.99,50.68,33.69,-9.49,-2.14,-1.91,35.95,0.94,3.47,-19.86,8.79,0.21,20.65
17.59,23.2,12.11,8.26,5.56,3.77,5.54,4.71,5.13,3.15,0.47,-2.31,-1.71
18.28,31.89,20.32,8.78,7.76,7.4,15.68,6.25,5.49,-2.29,7.85,7.74,11.68
18.37,31.84,19.53,10.5,14.06,14.88,20.51,7.83,5.16,-1.08,6.2,4.77,6.69
17.95,26.58,14.28,8.72,7.11,6.63,7.71,1.88,-0.67,-2.86,-0.29,0.41,2.59
18.09,32.24,19.4,8.48,10.45,9.25,11.98,-2.96,-3.96,-5.8,6.89,4.03,3.14
17.88,38.89,20.85,-3.04,1.7,0.92,15.51,-1.24,2.99,-4.68,15.63,8.88,17.76
17.97,23.67,11.75,7.2,5.72,3.76,3.74,-1.31,-2.14,-2.79,-1.19,-1.98,-1.91
18.3,27.0,15.51,11.19,12.98,16.27,20.96,13.89,6.44,-3.75,-6.23,-7.52,-2.28
17.3,39.06,22.22,-3.06,3.81,8.09,32.76,8.35,3.62,-20.67,-2.0,-3.42,18.96
17.21,30.28,12.98,1.95,10.57,14.99,21.1,1.74,-6.02,-18.08,-7.23,-6.69,3.84
17.5,34.33,20.22,3.99,4.47,6.03,18.27,7.25,7.05,-1.29,9.29,5.42,11.7
17.61,28.25,18.34,11.64,11.84,10.46,16.94,8.62,2.11,-11.15,-9.42,-6.65,5.67
18.09,26.99,14.96,7.88,7.33,7.96,13.45,7.34,1.49,-8.91,-10.59,-11.67,-5.21
18.14,48.55,29.59,-7.16,2.72,2.7,33.72,1.16,3.33,-22.94,-0.75,-17.68,2.95
18.18,30.53,18.49,4.92,1.71,-1.01,12.31,9.45,9.73,-8.12,-11.41,-16.5,-2.22
18.35,28.64,17.91,7.66,4.06,-0.92,4.14,-2.12,-3.06,-11.73,-9.82,-11.57,-3.02
17.77,32.82,19.3,2.37,2.01,4.86,20.74,8.4,-0.56,-21.82,-15.5,-14.71,2.42
17.04,39.88,26.18,-2.5,0.02,-0.32,26.11,9.91,5.74,-25.06,-12.97,-17.05,6.7
18.54,37.99,23.03,-0.67,1.84,5.43,29.22,14.72,13.13,-7.96,4.57,0.19,15.09
18.54,42.04,25.81,4.0,8.34,5.78,24.07,8.84,14.54,-6.53,1.21,-10.01,3.38
18.19,35.84,24.46,7.66,1.34,-4.5,9.02,4.66,5.43,-9.7,-5.97,-9.64,1.85
18.46,31.15,19.37,7.97,4.98,2.91,9.82,1.69,-3.69,-15.1,-10.94,-8.1,3.9
17.73,22.33,10.3,6.83,7.45,6.6,6.06,-1.72,-5.69,-7.96,-4.93,-2.55,0.69
16.62,37.17,20.01,-6.1,-0.14,4.44,27.74,8.98,7.62,-12.58,3.01,-2.98,12.82
18.39,41.29,23.64,0.39,8.48,6.99,26.76,7.7,7.72,-11.96,-1.89,-11.47,6.05
17.48,43.79,22.72,-9.52,-0.06,0.88,25.52,-5.89,-6.92,-31.05,-2.93,-11.4,8.75
17.0,21.88,9.38,5.78,6.89,5.82,4.94,-1.34,-0.81,1.3,5.72,5.15,5.78
18.68,33.68,21.37,9.0,5.75,3.74,12.73,6.55,5.11,-6.68,-5.19,-8.42,0.97
18.22,39.93,27.93,5.9,3.81,2.73,22.85,9.28,5.69,-15.29,-6.73,-9.56,6.29
17.99,35.1,17.94,1.75,1.66,1.0,9.32,-1.17,0.57,-4.57,6.05,1.93,10.28
18.1,30.2,19.66,10.09,3.7,0.89,8.05,6.82,5.8,-2.55,-3.68,-5.06,-0.71
18.4,24.36,11.23,5.63,2.37,2.34,3.31,0.18,-3.7,-5.94,-5.01,-1.7,1.44
18.33,24.94,13.17,6.37,3.86,5.49,12.46,8.38,0.99,-10.42,-11.36,-7.09,2.03
18.18,44.6,28.27,-2.93,2.61,3.4,25.58,2.51,5.22,-10.47,9.78,-4.3,3.18
17.76,52.16,27.44,-22.63,-6.76,-9.62,35.21,-0.35,9.9,-18.29,14.86,-5.66,24.73
17.16,42.71,22.95,-12.81,-8.49,-7.47,22.71,2.81,11.55,-14.67,3.68,-11.42,6.92
18.38,31.9,18.61,4.67,3.39,4.5,18.3,11.81,7.45,-9.03,-8.68,-11.09,0.32
17.8,30.27,17.67,6.0,1.3,-0.62,7.75,5.79,5.65,-2.82,-4.15,-9.94,-7.3
17.55,25.87,13.19,4.62,0.91,-1.58,1.82,-2.64,-4.64,-10.54,-9.43,-9.84,-4.54
18.74,25.56,12.32,8.16,7.78,9.29,9.65,5.31,3.01,2.47,3.04,1.45,-0.22
18.49,32.41,20.03,6.91,4.03,2.92,12.36,3.94,0.51,-9.87,-5.84,-7.23,1.42
18.38,27.42,14.83,8.02,6.97,9.34,14.42,8.89,0.66,-8.57,-8.22,-4.09,2.46
17.76,30.63,16.34,2.55,0.92,-0.45,7.2,-0.32,2.58,-0.61,8.95,6.8,9.24
18.19,35.35,17.56,-2.48,0.6,-2.06,10.31,-2.2,4.76,-4.13,5.54,-10.84,-11.0
18.17,26.98,14.11,3.94,-0.43,-1.09,7.13,4.59,2.18,-5.41,-2.31,0.89,8.3
17.75,27.54,14.79,8.63,8.74,9.39,12.11,4.34,-1.33,-7.05,-4.88,-3.19,2.81
18.33,32.05,18.36,6.05,6.93,7.39,14.8,6.2,7.28,2.34,8.89,2.15,2.05
17.77,26.43,14.65,3.23,-3.11,-7.39,-1.36,-4.9,-5.95,-11.69,-6.8,-4.75,-0.39
18.55,25.66,13.12,5.29,4.72,7.57,15.46,9.94,3.5,-6.86,-8.42,-11.3,-9.62
18.92,31.06,17.53,7.9,8.06,9.74,16.57,9.86,7.52,1.44,4.79,1.21,-0.15
18.03,24.9,14.91,11.6,8.33,4.86,3.59,-0.34,-2.03,-2.76,-0.99,0.95,2.69
18.42,32.23,21.7,9.35,7.0,6.9,17.74,8.03,0.24,-15.73,-11.31,-8.55,3.21
18.65,32.65,20.37,5.41,0.71,0.1,15.14,11.0,7.86,-7.05,-3.06,-0.8,12.57
18.19,33.86,20.54,2.63,-0.32,-1.78,12.07,3.82,-2.0,-19.41,-13.29,-11.92,2.32
17.77,33.34,19.0,1.05,0.65,2.77,21.88,14.76,10.99,-10.07,-6.13,-8.29,6.8
17.53,31.07,18.63,2.35,0.5,-1.7,11.05,-0.91,-6.17,-22.88,-15.76,-15.47,-0.92
18.02,37.32,25.0,2.97,-1.03,0.77,22.16,9.75,3.89,-17.87,-7.06,-7.01,10.66
17.84,47.12,33.62,-11.96,-11.91,-3.66,43.49,12.05,10.16,-20.55,7.39,-12.91,3.61
17.95,30.29,17.45,4.44,3.25,5.98,20.72,16.26,10.91,-5.45,-2.41,0.06,13.29
17.74,26.92,12.75,3.41,5.06,7.85,15.83,10.8,10.72,6.16,9.4,4.97,4.45
17.78,28.63,15.27,2.5,0.03,2.31,15.27,11.86,7.9,-5.97,-6.83,-9.25,-1.99
17.72,26.24,14.6,9.83,10.44,9.36,8.19,-3.6,-9.75,-12.07,-3.31,2.56,7.94
18.02,23.81,13.15,10.3,8.76,5.81,3.45,-2.65,-5.03,-6.93,-7.65,-9.84,-8.91
18.77,53.82,32.22,-6.83,11.79,7.67,47.32,3.28,9.31,-10.92,16.49,-1.57,17.1
18.53,25.64,15.85,12.37,9.67,8.61,11.61,11.21,10.74,7.66,5.22,1.91,-0.02
18.18,27.33,14.79,5.45,4.8,8.85,21.41,20.94,18.02,4.41,-1.55,-8.39,-5.12
17.39,33.59,20.04,-0.8,-4.66,-0.88,21.06,12.77,7.99,-9.98,1.09,1.28,11.26
17.36,28.02,13.13,-0.58,-2.78,-1.06,12.48,8.88,6.16,-5.91,-2.68,-3.09,4.73
17.89,34.53,19.93,-2.88,-5.82,-3.95,21.57,16.44,15.74,-6.79,0.25,-1.94,13.65
18.02,57.55,27.1,-18.59,-1.85,-2.81,43.59,-5.58,13.72,-27.32,12.59,-11.04,26.64
18.59,27.04,14.11,5.42,4.47,5.84,14.33,12.02,10.26,0.94,-2.07,-7.41,-5.15
18.71,23.38,11.22,7.04,6.85,8.53,11.06,5.11,-2.64,-9.98,-10.48,-7.92,-3.92
18.11,23.9,10.26,2.87,3.58,5.89,11.04,3.07,-3.47,-12.03,-10.02,-7.39,-0.79
18.12,26.72,13.56,4.5,4.69,9.45,20.02,14.61,6.25,-9.13,-12.87,-14.32,-6.35
17.9,27.04,13.13,1.1,-2.16,-1.72,7.35,1.77,-3.2,-14.26,-11.21,-8.54,-0.59
18.9,47.27,29.64,-5.3,2.43,2.78,36.01,11.0,13.49,-8.08,10.39,-4.99,10.57
18.44,24.31,12.93,7.98,5.4,4.57,7.96,7.43,7.84,4.45,1.08,-3.62,-4.37
18.0,30.83,16.07,4.83,7.29,11.03,20.49,11.65,6.69,-4.99,-3.3,-8.99,-5.23
18.1,24.91,12.39,5.4,3.04,2.63,6.38,1.24,-3.44,-10.9,-10.47,-8.31,-1.56
17.88,23.02,11.02,4.48,0.64,-4.09,-3.24,-7.1,-7.62,-11.73,-12.14,-13.78,-10.01
17.99,27.44,14.54,4.65,3.84,5.82,17.08,15.03,13.03,2.87,3.36,3.41,12.08
18.28,40.55,26.53,6.18,7.71,6.09,23.7,8.59,6.47,-14.05,-6.22,-11.02,5.11
17.75,27.87,14.74,5.77,5.95,7.28,14.65,9.49,7.33,0.49,3.07,3.4,9.93
18.23,26.32,13.2,3.79,4.47,8.1,18.48,12.47,5.06,-8.71,-7.43,-4.3,7.61
18.05,27.07,14.19,5.84,5.42,5.28,10.48,3.91,1.36,-4.55,-0.81,0.74,6.43
17.59,32.71,19.54,3.81,1.2,0.57,11.81,1.79,-4.42,-16.87,-7.9,-2.78,10.69
17.77,24.57,13.31,7.73,6.49,7.34,11.92,4.97,-5.11,-18.93,-21.47,-17.52,-6.03
18.48,34.39,25.11,11.99,7.07,4.09,15.18,9.18,5.95,-8.25,-4.11,-2.65,7.05
17.89,26.08,14.69,8.58,6.45,6.85,13.26,12.51,10.43,2.88,-1.05,-3.87,0.35
17.75,35.76,19.72,1.16,3.39,3.45,17.45,3.82,3.54,-10.51,-1.01,-6.41,7.06
18.4,26.44,13.91,6.76,8.91,12.34,18.83,9.3,0.45,-11.91,-11.63,-10.94,-3.22
17.69,31.16,17.63,2.15,1.12,4.07,20.03,11.29,4.53,-13.75,-10.49,-13.78,-5.65
18.36,35.26,18.66,-0.75,3.05,4.79,21.5,7.9,6.3,-10.45,-3.16,-11.48,-4.17
18.25,31.68,18.64,4.06,4.27,7.12,21.9,14.41,11.84,-1.28,5.02,1.95,8.21
17.43,33.19,16.83,-5.63,0.83,6.51,31.02,12.82,6.33,-18.18,-3.31,-2.28,19.38
18.45,34.61,21.63,-1.17,1.67,5.29,34.81,19.73,11.63,-21.31,-12.03,-12.87,10.13
18.26,24.47,11.78,5.61,6.62,8.31,12.19,2.67,-6.08,-15.81,-13.57,-9.06,-0.05
18.36,29.35,16.35,7.55,12.19,14.73,21.12,6.27,-1.17,-13.43,-7.16,-6.96,4.6
18.32,26.31,13.97,5.99,5.17,6.69,13.55,7.37,-0.31,-11.8,-10.84,-7.77,0.84
18.76,24.15,11.83,7.88,7.56,8.28,8.42,1.7,-3.96,-6.21,-1.47,4.89,10.01
18.28,30.64,17.59,5.27,5.0,7.3,18.16,9.45,2.1,-13.32,-10.8,-10.39,0.62
18.49,30.88,20.08,4.67,1.77,1.68,16.43,8.28,5.25,-8.19,-0.39,-2.3,3.66
19.4,33.65,20.01,5.91,7.7,8.27,23.68,13.27,7.46,-7.79,-2.09,-5.76,-0.11
17.53,46.13,33.16,-5.65,0.19,7.3,35.18,-3.85,-10.38,-27.58,8.54,0.95,11.82
18.7,35.47,20.63,2.59,6.2,9.14,24.95,10.41,5.47,-10.06,0.89,-2.01,8.14
18.41,27.39,15.73,11.1,9.05,9.16,9.45,3.13,-3.69,-7.53,-4.29,1.91,6.95
18.32,39.36,24.82,0.65,1.65,3.07,26.94,14.25,12.36,-11.1,2.22,-1.77,13.64
18.58,33.3,20.32,6.31,5.33,4.83,17.84,10.25,6.8,-6.15,0.43,1.87,14.81
18.26,23.38,10.71,3.41,-1.5,-3.96,-1.11,-3.6,-5.69,-10.19,-10.2,-8.41,-3.52
18.44,31.83,19.53,7.04,4.8,5.82,15.95,7.85,2.71,-8.95,-2.9,-2.16,4.62
17.93,30.91,19.24,9.43,5.79,3.93,8.56,1.58,-0.71,-5.97,-0.29,-0.1,5.66
18.91,27.52,16.02,9.96,11.48,13.48,19.02,11.86,6.65,-2.45,-1.49,-1.23,5.06
18.44,34.76,21.34,6.39,8.34,9.11,19.88,5.91,0.23,-12.86,-5.71,-9.59,-1.11
18.8,28.73,15.5,6.09,7.52,10.8,18.84,10.24,2.82,-7.63,-3.42,-1.12,6.28
17.68,29.72,15.74,1.92,-0.7,1.04,13.19,9.32,9.21,2.58,8.79,7.64,11.61
16.74,31.01,15.78,-3.53,-8.09,-8.58,5.85,-0.37,-3.87,-17.16,-9.01,-6.74,4.11
17.49,41.04,20.02,-10.0,0.31,0.42,22.6,1.47,7.65,-10.07,12.41,1.21,12.15
18.05,39.44,19.93,-6.42,1.47,5.56,28.83,10.48,13.54,0.46,21.01,9.87,18.92
17.87,27.05,14.8,6.91,4.9,5.25,10.86,7.15,5.2,-0.2,1.47,0.69,2.63
17.69,25.62,13.11,3.77,-2.73,-4.11,2.37,3.67,1.8,-4.64,-6.31,-5.21,-1.26
18.07,33.76,19.01,1.87,3.03,4.42,16.16,2.3,0.17,-8.31,5.69,4.59,9.7
18.29,31.93,19.9,7.52,11.07,14.28,27.97,14.52,7.52,-7.59,1.64,2.17,12.03
18.99,28.45,16.76,9.16,7.15,7.47,13.59,10.41,8.97,2.5,2.29,-0.1,1.91
18.38,34.61,19.82,7.59,9.39,9.9,18.58,11.76,8.0,-0.75,2.52,0.03,5.45
17.81,28.11,16.09,7.61,4.98,4.03,9.42,4.82,3.57,-0.83,3.03,4.31,8.57
18.27,44.64,24.71,-7.0,2.01,-4.23,25.71,5.44,13.29,-5.81,17.17,11.5,30.16
17.94,53.56,27.67,-21.57,-1.94,-2.32,41.39,-1.0,20.36,-3.2,22.47,3.97,21.15
18.04,43.34,22.81,-4.36,5.47,5.58,24.93,3.04,10.07,-5.51,13.5,-0.62,7.72
17.78,26.5,14.24,4.43,-0.6,-2.15,6.65,8.79,11.41,7.85,11.48,11.65,13.92
18.08,31.27,16.85,-0.92,-2.72,-1.09,15.96,10.94,11.15,-1.69,4.2,-0.1,7.71
17.83,40.33,23.77,-8.36,-3.13,3.34,35.67,14.84,13.84,-12.71,7.07,-1.24,17.59
18.15,37.11,19.91,-3.07,5.18,9.58,33.95,14.05,9.47,-17.37,-1.85,-3.78,18.72
17.72,32.63,16.2,-3.92,-2.65,1.07,19.84,8.22,4.4,-12.56,-4.67,-9.22,1.39
18.61,31.38,20.16,6.69,5.46,6.17,22.68,16.84,12.0,-9.26,-9.58,-10.15,8.24
17.51,25.06,10.72,1.2,1.87,3.53,10.27,1.73,-3.82,-12.67,-7.3,-3.39,5.49
17.91,37.86,20.94,2.23,4.65,5.91,17.74,2.15,-0.24,-14.57,-4.72,-10.2,0.05
17.53,33.51,17.42,-4.09,-1.14,1.78,23.89,11.51,6.26,-17.26,-7.39,-7.76,11.79
18.42,28.01,13.73,2.3,3.47,7.52,20.11,11.99,3.4,-14.56,-12.99,-11.9,-0.88
18.31,46.02,21.93,-12.7,9.15,10.4,45.96,18.71,24.65,-7.95,10.01,-14.93,3.55
17.96,36.21,21.49,3.63,3.71,4.53,17.76,5.61,2.32,-8.98,2.11,1.42,11.12
18.05,35.62,21.48,-3.75,-3.44,1.6,32.99,22.33,18.65,-10.34,-1.58,-10.73,5.47
18.35,30.49,16.3,3.9,-0.0,0.4,9.03,6.01,3.22,-6.0,-7.02,-8.85,-2.81
17.99,44.71,25.94,-8.53,4.93,13.35,46.45,10.64,7.9,-11.14,10.71,-4.28,12.96
17.52,29.92,19.51,6.1,-1.79,-3.84,10.72,11.58,10.26,-5.62,-8.28,-8.82,3.45
17.79,30.08,16.95,5.15,4.69,7.28,18.79,13.4,10.33,-1.6,0.11,-1.99,4.84
17.57,28.45,14.55,4.56,4.91,8.44,17.11,10.02,5.41,-2.96,0.99,1.89,7.68
17.71,25.28,14.09,10.35,11.95,13.95,16.96,9.87,3.6,-4.81,-7.0,-8.58,-4.65
17.68,25.9,13.81,7.71,6.78,6.3,9.04,3.02,-1.61,-7.06,-4.07,0.54,8.8
17.8,26.04,14.17,7.72,7.14,7.69,11.63,3.64,-3.86,-13.74,-12.64,-8.71,1.54
17.9,34.33,20.58,6.59,5.22,2.03,11.37,2.99,3.94,-7.44,-5.4,-12.06,1.33
17.44,29.83,15.55,2.28,3.86,5.85,16.04,4.26,-3.12,-17.62,-10.59,-5.78,10.07
18.11,36.94,20.41,-3.14,1.04,5.79,25.7,7.23,2.79,-14.43,2.15,-2.34,10.2
17.69,32.51,20.5,9.95,9.7,10.11,15.78,5.35,1.84,-6.19,0.26,0.18,5.28
17.06,36.64,19.43,-0.89,5.58,6.75,21.52,0.84,-4.44,-23.95,-10.55,-12.02,4.93
16.63,33.99,19.08,1.45,1.27,1.89,14.37,1.92,-2.19,-15.16,-6.55,-9.87,-1.04
16.96,23.92,11.6,3.49,0.39,0.97,8.39,7.73,6.32,2.16,5.88,8.29,8.98
17.39,36.54,17.64,-6.23,3.84,10.79,30.99,10.78,11.97,-2.27,14.32,4.96,13.87
18.11,46.43,29.21,-8.51,0.23,8.09,42.01,2.84,-1.52,-23.79,6.02,-4.9,7.9
18.65,27.95,15.59,4.4,2.55,4.11,15.28,7.71,-2.15,-19.74,-16.94,-11.94,1.26
18.68,23.5,11.7,7.17,4.74,3.85,4.83,1.45,-0.8,-2.21,-0.75,0.72,2.22
18.81,25.07,13.9,10.57,12.7,13.36,13.99,5.0,-0.88,-5.98,-4.37,-3.69,-1.03
18.54,35.68,24.36,9.37,9.49,11.73,26.16,16.27,10.68,-1.82,5.25,3.57,8.4
17.73,25.02,12.3,6.8,9.38,9.64,9.28,-2.82,-6.62,-9.21,-4.39,-7.87,-8.82
18.26,27.87,14.27,6.8,5.91,9.81,17.11,14.8,11.38,6.78,8.05,8.63,10.1
17.36,33.37,20.4,3.22,-1.66,-1.68,14.86,7.48,2.22,-14.03,-5.81,-2.81,10.45
18.41,34.87,20.74,6.43,8.4,10.43,20.8,8.03,6.16,-3.6,6.63,4.53,12.38
17.03,32.51,16.2,-0.0,2.37,1.44,8.94,-5.86,-7.48,-18.19,-10.33,-14.16,-5.1
17.35,26.36,13.9,9.05,9.25,7.54,4.56,-5.7,-7.22,-4.08,6.54,11.12,12.8
18.53,55.09,29.07,-17.11,7.78,1.57,45.07,-5.58,-1.12,-24.38,5.19,-24.58,-0.39
17.62,50.06,29.26,-8.7,4.91,0.86,33.06,2.68,10.46,-13.85,8.3,-8.05,12.32
18.0,32.43,19.97,0.52,-5.27,-2.48,18.02,11.09,2.07,-19.46,-13.3,-14.97,-7.04
17.47,39.45,22.1,-1.73,3.34,2.48,14.67,-10.26,-10.01,-20.49,3.04,-2.98,6.19
17.78,29.36,18.67,11.62,9.3,7.51,10.4,2.54,-1.5,-8.15,-5.45,-3.19,5.27
18.43,26.06,15.76,11.91,11.31,11.15,14.59,10.14,5.35,-1.87,-2.29,-0.76,4.37
17.98,29.36,17.81,9.47,8.2,8.13,14.38,6.35,-0.6,-12.78,-11.04,-8.07,1.28
17.74,26.58,15.49,9.95,9.8,9.81,13.5,6.67,2.97,-4.01,-3.17,-5.04,-2.31
18.61,36.26,22.18,6.36,10.75,12.19,23.36,4.12,-2.49,-17.2,-4.55,-6.05,3.62
18.17,28.93,16.6,8.46,10.64,15.1,22.75,11.54,3.7,-8.14,-4.25,-3.57,2.51
18.5,37.99,27.11,11.43,10.5,9.26,19.24,3.17,-1.57,-14.82,-3.71,-6.55,-1.56
17.59,34.66,21.08,7.93,13.51,14.31,21.83,1.62,-5.42,-17.67,-3.71,-1.09,12.74
18.48,28.77,17.96,12.73,13.34,13.32,15.65,6.67,1.95,-3.3,-1.9,-2.19,1.16
16.84,28.9,18.28,11.26,10.91,10.13,13.66,4.33,-0.96,-8.51,-3.28,-0.82,5.87
15.97,23.58,10.78,4.73,3.72,3.22,3.85,-4.67,-8.93,-11.14,-5.67,-2.3,1.38
16.68,47.65,23.66,-17.35,4.61,3.89,34.85,-3.63,-1.99,-27.86,3.21,-12.65,3.9
18.05,32.22,17.9,2.46,6.09,12.22,30.27,19.95,14.81,-1.3,5.25,2.42,9.82
17.97,40.81,26.78,4.34,6.79,9.68,27.33,4.06,0.89,-11.7,5.96,1.38,10.02
17.64,48.12,32.35,-3.83,2.19,4.77,34.59,4.5,0.63,-20.72,10.94,3.75,20.78
17.55,41.73,23.76,-3.55,3.66,2.44,19.79,-8.82,-12.22,-30.82,-9.33,-14.04,4.66
17.55,22.5,11.2,6.91,2.57,-1.71,-3.48,-7.29,-8.78,-10.13,-9.32,-7.16,-3.31
17.24,51.42,27.52,-10.98,11.51,6.82,37.76,-5.81,-0.28,-24.14,3.54,-13.31,4.78
17.82,23.7,10.88,4.84,4.43,4.05,6.49,1.97,2.71,2.73,5.13,1.58,-0.66
18.44,35.37,22.26,6.47,10.15,12.59,25.44,7.74,3.04,-10.42,1.98,0.28,7.62
17.55,25.5,13.98,7.88,5.1,4.05,6.76,1.24,-4.49,-11.19,-9.64,-6.42,-0.83
17.81,29.36,18.84,12.54,12.38,11.49,14.54,4.91,1.36,-4.32,-1.63,-5.51,-5.16
18.05,55.67,29.24,-11.96,18.73,2.95,44.12,1.59,3.39,-21.46,0.34,-20.86,3.77
16.98,44.69,23.58,-9.56,7.35,13.96,37.85,1.08,3.75,-17.43,10.7,-9.1,1.99
18.08,26.47,14.11,6.6,5.63,6.48,10.69,3.25,-1.67,-6.9,-3.72,-3.16,0.3
17.79,28.28,14.66,5.53,8.4,7.62,8.61,-8.03,-12.4,-15.99,-6.17,-9.12,-6.68
17.33,31.2,16.47,4.29,9.63,11.12,16.03,-3.24,-8.87,-14.41,1.47,4.28,13.51
18.13,27.61,15.36,9.8,11.57,11.4,12.19,1.83,-1.5,-2.75,4.96,5.67,5.39
18.52,22.24,10.98,7.25,4.0,0.61,-0.86,-4.9,-7.02,-8.82,-9.44,-9.37,-7.59
18.96,43.0,26.84,2.44,6.46,4.89,22.72,-3.09,-3.03,-16.84,5.62,-5.19,2.36
17.9,52.89,27.32,-11.38,14.09,2.83,30.04,-11.27,-3.64,-29.28,5.32,-4.52,17.98
18.36,42.9,26.92,-0.72,-2.08,-5.19,19.0,4.78,4.83,-20.75,-6.83,-13.21,6.66
17.66,29.8,16.38,5.02,4.85,3.13,7.68,-5.18,-12.62,-24.14,-18.67,-17.34,-5.81
17.92,33.31,18.4,0.43,0.98,2.31,16.51,1.52,-5.19,-20.03,-6.52,-4.73,7.71
18.56,56.81,27.54,-11.84,18.73,-5.55,38.02,-4.17,10.64,-19.79,-0.55,-16.29,5.39
18.39,26.05,14.37,6.75,3.13,1.84,6.78,3.93,1.48,-4.84,-5.19,-5.17,-0.38
18.43,30.45,16.76,6.07,8.88,11.16,18.83,7.46,1.8,-10.05,-7.26,-9.27,-1.3
17.61,23.16,13.52,9.97,7.88,3.48,2.24,-4.27,-5.3,-6.0,-0.41,2.93,7.05
18.99,28.05,17.53,10.87,7.21,5.07,8.94,5.68,3.74,-3.9,-9.01,-15.28,-14.71
18.2,43.7,27.95,4.48,8.21,4.11,18.58,-1.71,-1.35,-15.18,3.46,-6.56,1.51
17.55,46.44,31.14,-0.01,3.84,-3.1,18.87,-2.42,1.17,-20.11,-2.21,-15.54,-1.97
17.77,29.43,16.01,6.8,4.96,2.3,3.81,-4.66,-4.54,-4.7,4.33,3.3,0.98
17.01,27.67,15.18,2.91,0.63,3.4,15.25,7.09,-3.72,-20.23,-13.97,-7.66,4.75
17.97,36.6,20.59,-1.94,-1.44,-2.36,13.68,-3.37,-5.58,-20.01,-2.77,-5.73,5.16
18.44,30.83,18.46,7.43,4.88,2.5,6.88,-3.59,-7.77,-14.56,-6.21,-2.45,4.19
18.39,52.94,29.06,-12.02,2.75,4.2,35.62,-3.75,3.89,-19.61,14.09,-7.99,18.12
17.38,27.44,12.84,3.13,7.98,7.55,9.71,-5.47,-6.34,-8.33,3.69,2.99,4.94
18.5,41.17,22.35,-3.83,2.43,2.86,21.45,-2.3,1.54,-13.24,9.97,0.6,12.7
17.48,38.24,23.65,2.57,1.14,-1.67,13.93,2.09,5.66,-5.06,8.43,3.05,7.02
18.01,34.83,20.63,1.14,-0.26,-3.59,9.55,0.89,4.03,-4.16,7.09,-0.7,-0.28
18.42,32.91,19.02,3.06,0.75,0.5,13.4,5.33,3.88,-6.28,1.67,0.06,5.14
18.23,26.81,17.68,12.38,10.16,6.44,9.19,3.87,1.98,-4.66,-3.87,-6.08,-2.81
18.1,47.14,21.72,-7.02,21.65,12.58,37.87,-3.24,1.35,-17.65,6.35,-6.61,14.18
18.09,35.78,19.76,-5.98,0.23,2.23,24.32,3.21,2.69,-8.49,17.99,16.48,23.66
18.62,30.75,18.26,6.77,7.58,7.19,14.02,-0.55,-8.05,-18.87,-7.28,-1.62,7.44
17.05,26.04,12.12,1.39,-1.48,0.33,8.84,3.47,-4.46,-15.33,-12.27,-6.63,0.46
18.6,27.28,15.07,7.69,10.92,13.12,17.46,2.21,-8.4,-18.46,-10.91,-8.06,-3.8
17.37,23.64,11.45,-0.47,-9.12,-17.69,-13.4,-14.2,-8.29,-7.67,0.55,2.97,9.94
18.34,25.48,13.42,7.18,5.87,5.72,8.81,2.86,-2.33,-8.65,-7.11,-4.61,1.32
18.34,24.67,12.66,7.25,3.57,0.25,-0.07,-2.77,-1.08,1.19,4.8,3.77,0.39
18.78,30.33,16.81,3.72,-0.56,-5.79,0.55,-5.99,-5.81,-15.78,-15.98,-22.64,-17.5
18.54,52.88,33.37,-5.95,1.23,-9.34,21.25,-14.89,-3.53,-21.7,6.56,-14.44,7.66
17.94,44.8,28.73,-0.07,3.16,1.47,25.8,2.7,0.75,-21.16,1.14,-8.89,4.01
17.49,27.42,16.72,7.41,4.44,1.07,8.42,5.9,7.24,1.3,6.62,8.59,16.06
17.88,48.15,29.01,-6.13,3.12,1.17,28.72,-1.3,5.11,-22.64,1.65,-10.92,8.67
17.75,36.58,23.4,1.26,-1.71,-0.18,22.06,14.02,12.39,-4.37,5.68,6.01,16.68
