18.74,3.69,3.74,12.99,-3.44,1.16,-15.31,-10.91,-18.54,-4.57,-1.61,13.21,14.2
18.39,28.67,16.69,2.58,-7.51,-13.95,-5.87,-6.89,-6.25,-13.85,-8.12,-2.1,10.28
17.89,32.95,19.98,3.27,-2.49,-8.19,1.65,-6.67,-5.79,-15.32,-5.91,-4.47,10.65
17.93,46.08,26.89,-9.05,-5.55,-16.94,11.48,-14.88,-7.27,-37.55,-12.87,-18.83,11.33
17.64,37.89,19.76,-6.48,-4.26,-10.35,6.3,-12.66,-11.73,-29.06,-12.03,-13.25,8.53
17.57,44.19,22.52,-6.11,5.21,-4.72,12.91,-13.63,-5.61,-21.79,3.17,-1.33,19.61
18.43,47.05,28.31,-6.17,-1.27,-4.25,20.9,-7.66,-3.67,-27.31,-1.4,-13.63,8.03
17.88,28.9,16.55,4.26,-2.0,-8.54,-5.37,-13.4,-13.96,-18.7,-11.22,-9.27,0.92
17.49,34.4,21.52,4.01,-0.78,-4.95,8.14,-1.94,-6.07,-21.8,-12.46,-7.71,8.74
17.35,37.96,23.75,-2.26,-4.03,-9.64,7.17,-13.57,-11.12,-22.32,7.2,10.39,29.06
18.05,29.87,17.42,4.85,0.18,-5.88,-3.35,-13.97,-13.89,-16.7,-4.63,-0.87,9.06
17.82,37.5,17.94,-7.32,-5.43,-9.93,4.79,-16.22,-11.51,-25.01,-5.06,-7.97,12.91
17.78,22.19,8.58,0.7,-2.76,-7.54,-8.92,-17.16,-18.83,-19.42,-10.93,-3.61,6.41
17.57,35.88,19.86,0.02,0.2,-5.19,3.44,-16.22,-13.75,-24.4,-8.67,-12.72,3.08
17.63,24.77,11.29,2.52,-1.27,-3.61,0.63,-2.53,-3.07,-7.04,-4.82,-3.79,2.64
17.42,59.89,36.79,-24.41,-6.9,-7.44,39.5,-19.29,-13.03,-29.17,10.18,-22.06,12.67
17.86,31.62,18.24,4.7,2.63,0.36,8.06,-0.66,-2.54,-10.92,-2.44,0.24,9.93
18.75,31.22,19.41,6.42,5.13,0.14,5.59,-9.69,-13.97,-26.54,-17.17,-14.28,3.77
17.69,28.0,15.22,4.17,-0.69,-9.42,-9.72,-20.23,-20.81,-25.28,-16.1,-11.24,0.85
17.53,31.31,21.13,10.36,4.7,-5.34,-4.03,-11.73,-9.24,-14.25,-10.19,-11.94,-3.35
17.57,38.61,31.72,9.15,-1.57,-17.76,-2.96,-15.67,-13.25,-34.41,-16.05,-14.37,11.43
18.16,34.45,21.21,5.87,1.84,-5.0,-0.92,-13.14,-12.3,-20.29,-10.06,-11.11,-1.22
18.21,42.01,29.87,4.82,5.21,-3.14,9.32,-16.12,-14.81,-32.16,-8.99,-15.29,1.16
17.66,27.3,15.74,6.83,0.95,-3.51,-1.07,-6.51,-9.33,-15.13,-11.46,-7.21,0.93
18.1,45.21,26.78,-7.18,-2.31,-9.11,15.41,-13.19,-12.86,-36.32,-9.28,-17.69,-0.55
17.6,26.69,14.71,6.67,2.7,0.06,2.11,-4.71,-8.89,-13.12,-6.8,-0.53,6.07
18.13,49.06,26.98,-12.44,-1.46,-7.06,17.04,-22.47,-11.84,-25.85,10.05,-7.2,7.24
18.46,29.69,16.86,5.54,2.16,-0.13,4.55,-5.53,-11.07,-19.75,-11.56,-4.83,6.95
18.68,25.14,12.5,3.2,-2.2,-5.77,-3.26,-10.51,-16.71,-24.71,-20.62,-14.57,-5.93
17.88,26.43,14.94,8.83,5.46,2.71,3.58,-1.88,-5.58,-10.47,-9.16,-7.68,-3.73
16.82,49.92,31.25,-6.8,6.3,2.32,32.97,-4.2,-4.44,-25.96,-1.27,-8.59,12.73
17.12,54.96,33.91,-13.84,6.09,1.63,33.22,-15.25,-10.48,-30.61,4.5,-17.24,5.41
17.75,57.13,36.3,-15.37,0.44,-11.25,34.19,-13.31,-11.73,-29.13,3.58,-20.42,-4.13
17.92,42.4,26.01,-0.52,0.05,-1.81,17.78,-1.31,1.1,-16.58,2.82,-4.28,6.84
17.9,28.54,16.66,8.91,8.91,7.82,10.26,-2.25,-10.66,-20.29,-16.29,-13.58,-4.87
17.58,32.64,20.19,6.97,4.11,-1.13,2.27,-10.79,-14.35,-20.16,-8.6,-6.85,0.6
17.65,22.66,10.16,5.06,4.37,1.12,-2.45,-13.97,-18.6,-19.11,-11.41,-6.65,-3.33
16.91,30.9,10.13,-7.75,-0.69,1.58,10.36,-9.29,-9.52,-16.57,1.03,-4.54,2.84
17.57,26.88,11.38,-1.95,-2.7,-0.58,8.94,0.64,-2.35,-9.22,-1.6,-1.61,2.61
17.44,30.33,13.8,-3.94,-5.09,-1.42,13.08,2.57,-3.5,-16.61,-5.95,-2.5,7.57
18.24,26.54,13.55,4.59,3.88,4.31,9.85,0.86,-6.34,-16.16,-12.51,-10.05,-3.93
18.14,30.61,16.56,6.21,8.52,9.68,14.06,-1.52,-9.91,-20.12,-12.64,-12.35,-4.05
18.51,23.62,10.49,2.69,-1.48,-5.69,-6.91,-14.58,-17.27,-19.62,-15.88,-14.11,-8.82
18.35,27.67,15.41,6.48,3.98,2.68,6.17,-3.52,-12.39,-21.57,-17.38,-12.77,-4.94
18.36,27.0,13.11,3.17,3.19,0.95,2.21,-11.29,-15.69,-19.57,-8.78,-4.85,2.36
18.35,46.7,27.97,-4.17,5.98,0.81,21.81,-10.53,-6.99,-23.34,9.42,-1.0,10.19
17.64,48.14,21.28,-15.7,9.91,4.68,27.67,-17.11,-6.97,-27.35,5.04,-11.1,8.22
17.97,35.2,18.24,-2.58,-0.68,-4.75,5.61,-15.59,-19.77,-36.37,-18.58,-16.9,-0.99
17.9,29.79,19.52,11.29,7.29,5.45,9.87,1.87,-5.08,-13.8,-11.11,-8.47,-1.17
18.21,25.05,13.16,8.02,5.13,1.45,-0.46,-6.4,-7.77,-8.49,-6.63,-7.35,-5.1
18.27,42.78,29.72,3.19,3.66,-0.29,15.31,-14.3,-15.69,-30.24,-6.56,-12.58,2.62
18.56,24.63,14.01,9.89,5.7,0.84,-1.68,-7.23,-9.57,-11.21,-9.26,-6.63,-1.73
18.47,37.49,24.52,7.41,5.68,-0.47,8.54,-6.46,-8.3,-20.85,-8.31,-10.27,1.49
18.14,21.75,8.95,4.1,0.33,-2.71,-4.95,-10.69,-15.95,-19.5,-19.92,-17.92,-14.15
17.98,37.63,24.59,3.57,4.51,6.19,23.75,1.85,-8.49,-30.19,-13.52,-13.63,2.18
17.84,24.7,12.83,6.65,3.54,1.51,2.43,-4.48,-11.37,-18.91,-17.8,-12.64,-2.98
18.25,34.05,22.35,8.09,4.2,0.11,7.07,-5.18,-9.85,-19.94,-10.75,-8.58,2.36
18.02,26.22,12.69,4.1,-0.83,-3.85,-3.49,-10.52,-15.69,-19.96,-15.97,-11.75,-5.63
17.24,24.22,11.14,1.96,-3.27,-7.38,-4.93,-10.48,-12.61,-16.15,-8.8,-0.07,11.12
17.7,33.72,17.3,-2.75,1.2,0.39,9.93,-16.62,-22.61,-35.67,-13.46,-11.5,5.62
17.76,28.2,16.65,8.12,6.25,4.35,6.04,-5.95,-11.36,-14.18,-1.28,4.79,8.92
17.33,22.75,9.3,4.08,0.88,-1.9,-4.73,-9.49,-10.59,-7.41,-3.5,-1.43,-0.31
17.38,40.79,26.14,3.7,4.86,2.72,15.7,-3.74,-4.34,-16.27,0.2,-5.89,6.7
16.94,30.0,19.95,9.82,2.12,-1.14,6.39,4.13,-1.14,-12.78,-11.56,-6.0,4.31
17.78,25.2,12.66,5.37,1.75,-2.11,-1.75,-7.78,-9.5,-11.94,-9.48,-8.41,-4.61
18.14,33.2,21.11,8.05,3.65,-3.14,-0.61,-12.99,-18.02,-24.51,-11.15,-3.5,6.52
17.88,23.18,10.77,2.47,-4.87,-10.34,-9.73,-14.71,-19.24,-25.59,-22.53,-15.83,-5.67
17.39,43.34,27.8,-5.38,-0.89,-0.63,20.92,-11.48,-13.87,-30.59,-0.53,-6.44,6.08
16.99,26.17,13.46,5.47,3.03,-0.06,0.36,-6.95,-6.47,-5.41,1.02,0.92,2.09
17.41,36.89,22.04,1.82,6.28,6.39,17.07,-5.73,-9.0,-22.68,-6.62,-11.83,0.48
17.41,33.26,20.49,8.45,10.05,10.96,17.85,2.33,-5.4,-15.11,-5.67,-4.23,4.59
17.86,30.89,18.83,8.91,5.5,2.68,5.32,-3.94,-8.12,-16.79,-15.07,-18.39,-14.28
18.01,32.4,23.98,15.41,10.4,4.78,10.29,4.73,1.06,-10.35,-9.73,-9.58,-2.86
17.68,35.22,22.46,8.39,8.76,4.68,8.49,-11.96,-18.86,-26.88,-9.61,-7.98,-0.8
18.28,31.42,19.71,9.34,6.65,0.92,1.16,-11.21,-11.79,-12.94,-1.56,-0.03,3.98
18.02,38.0,24.92,5.39,3.93,-0.22,10.0,-9.57,-13.22,-25.37,-8.39,-8.62,3.72
17.89,25.43,13.57,6.16,0.75,-6.09,-8.48,-15.13,-15.22,-14.52,-8.43,-6.15,-3.81
17.59,53.6,36.1,-9.51,-2.53,-11.18,23.11,-9.76,-6.33,-24.72,14.38,-4.48,12.63
18.19,37.32,23.65,7.58,8.91,3.13,8.4,-7.81,-5.58,-10.2,6.67,4.54,11.25
18.36,28.1,15.49,5.18,0.95,-1.91,1.54,-3.46,-3.71,-4.42,5.44,12.49,21.07
18.2,33.24,20.37,7.26,10.06,8.76,15.65,-1.92,-6.64,-15.33,0.34,8.35,22.83
18.18,34.34,22.43,8.99,11.48,10.88,19.17,3.62,-0.8,-7.65,7.41,8.99,13.71
16.58,30.14,16.81,5.95,3.94,1.68,7.04,1.42,2.4,-2.59,0.41,-4.82,-3.59
17.61,33.81,20.89,5.32,1.27,-0.58,11.44,4.45,1.02,-12.16,-6.7,-7.08,1.37
18.26,24.13,12.19,7.28,6.3,5.65,6.88,0.85,-3.13,-7.16,-5.14,-2.99,1.4
18.56,30.78,17.6,7.07,4.46,4.02,10.54,4.18,-0.77,-10.42,-8.04,-5.88,3.17
17.97,25.28,13.87,7.77,3.03,-1.14,-0.35,-2.7,-2.8,-6.42,-8.35,-10.09,-5.87
18.27,44.71,29.0,2.26,5.96,-0.49,19.59,-2.53,-2.73,-25.45,-7.46,-14.62,8.92
17.24,23.63,11.88,6.69,3.68,1.5,3.02,-0.75,-3.64,-8.51,-9.23,-7.67,-1.32
17.9,24.92,12.67,6.73,1.89,-1.94,-2.78,-5.75,-5.49,-4.64,-2.17,-0.47,1.99
18.39,23.93,11.94,4.87,-0.78,-5.76,-5.85,-10.57,-13.19,-18.57,-20.5,-20.71,-14.75
18.28,23.82,12.41,8.46,5.28,2.38,0.7,-4.01,-7.2,-8.83,-6.89,-3.48,0.38
18.4,25.77,14.61,10.01,12.16,13.5,16.42,6.03,-3.28,-14.38,-14.71,-14.34,-8.45
17.44,46.54,34.12,1.8,4.0,3.1,27.26,-5.38,-9.71,-24.64,5.28,0.65,9.94
17.23,38.38,24.07,4.73,6.82,4.18,12.97,-10.45,-14.01,-26.09,-5.74,-5.46,8.81
17.21,21.22,9.03,5.5,2.77,0.9,1.15,-0.49,-1.03,-1.86,-2.85,-3.06,-1.17
17.9,26.43,16.03,9.92,4.33,-3.22,-5.12,-9.08,-6.16,-4.93,-2.58,-3.54,-0.49
18.1,31.19,19.17,11.21,7.68,4.4,5.18,-2.86,-7.14,-12.5,-10.2,-9.87,-6.39
17.66,28.14,16.2,7.93,4.0,-0.44,1.43,-3.95,-3.66,-7.2,-5.0,-6.31,-1.49
17.01,27.87,16.52,10.58,7.3,2.37,-0.51,-9.94,-13.43,-15.21,-8.11,-2.82,4.24
16.64,30.98,22.43,14.27,6.84,-2.04,-1.18,-8.16,-10.3,-16.0,-10.86,-6.1,4.71
17.02,44.34,23.04,-2.89,12.47,5.95,20.16,-12.8,-11.78,-23.01,3.23,-4.31,16.97
18.55,26.51,15.33,8.49,4.92,-1.29,-4.28,-15.43,-20.04,-24.62,-21.23,-19.78,-12.11
17.97,49.42,30.43,2.7,15.12,-8.52,11.48,-18.41,-4.8,-26.11,-3.51,-16.54,9.11
17.82,26.67,15.86,10.46,8.63,6.28,5.91,-3.04,-9.14,-14.44,-10.95,-6.33,1.49
17.64,31.97,21.85,12.59,8.23,0.94,0.04,-10.88,-11.77,-12.8,-1.35,2.16,6.85
17.37,29.28,17.85,10.31,8.35,3.36,2.31,-9.15,-11.93,-14.13,-5.54,-1.91,5.07
17.19,27.77,16.64,9.71,4.12,-0.1,0.28,-3.32,-6.16,-9.32,-7.25,-4.47,-0.6
17.69,29.77,19.47,12.52,9.83,5.92,6.34,-2.5,-6.99,-12.41,-7.65,-5.45,0.88
18.14,29.78,19.32,12.25,7.15,3.28,3.71,-3.24,-9.23,-17.29,-15.15,-9.93,-1.7
17.63,50.95,37.08,-2.01,0.88,1.97,32.19,-5.79,-10.11,-37.55,-1.31,-11.59,14.51
17.83,29.9,18.87,9.65,5.74,2.28,5.62,-3.05,-7.22,-16.1,-13.47,-12.43,-1.66
17.74,45.4,29.86,-0.82,4.4,-1.22,24.21,-3.91,-9.02,-34.38,-9.73,-16.36,3.49
18.16,26.12,13.84,6.34,4.78,2.61,3.68,-8.5,-18.2,-26.79,-19.99,-13.25,-4.73
17.96,22.76,10.33,4.76,1.4,-1.3,-0.77,-4.65,-6.36,-8.54,-7.29,-5.97,-2.97
18.1,35.49,24.13,8.97,11.67,5.91,12.2,-11.73,-22.14,-37.75,-20.45,-14.09,7.08
18.17,27.31,16.57,9.72,7.5,3.69,4.16,-6.28,-13.43,-22.08,-18.74,-14.79,-4.2
17.74,36.72,23.27,6.92,8.85,2.28,6.29,-15.42,-19.3,-29.1,-10.29,-8.9,3.56
17.11,37.51,23.2,5.85,4.99,-3.82,5.22,-7.47,-3.06,-11.08,-0.98,-7.03,1.98
17.44,32.07,20.62,7.67,3.63,-2.53,2.59,-8.01,-11.54,-20.49,-9.95,-3.94,8.27
18.54,32.19,17.65,-0.07,0.76,-1.1,10.17,-9.19,-17.0,-34.63,-20.05,-11.71,11.98
17.8,23.44,9.21,-0.89,-7.41,-10.24,-6.29,-8.02,-10.78,-17.18,-17.55,-13.96,-3.86
17.72,37.68,21.56,-2.31,0.54,-2.02,15.09,-6.98,-12.65,-35.06,-18.21,-17.71,5.43
16.97,38.23,22.28,-10.98,-8.54,-12.14,8.74,-22.52,-29.22,-50.64,-19.52,-14.65,13.25
17.19,39.65,24.8,-4.49,-5.96,-9.83,12.92,-9.76,-14.54,-40.72,-15.87,-11.05,13.45
18.1,27.1,13.6,1.31,-0.34,-2.34,1.57,-14.06,-23.52,-38.39,-33.27,-30.07,-15.96
17.81,43.34,24.26,-5.94,4.5,1.23,26.57,-5.88,-8.36,-35.45,-10.12,-12.68,15.35
18.36,30.19,16.83,5.49,2.61,0.57,5.02,-5.15,-11.34,-21.87,-17.57,-13.93,-2.68
18.25,30.19,16.36,2.45,3.67,5.66,16.84,3.46,-4.86,-18.98,-7.1,0.87,19.0
18.14,26.47,13.02,5.08,2.96,2.05,4.08,-4.07,-10.67,-17.04,-13.09,-6.7,4.26
18.12,27.96,17.81,10.73,6.94,3.88,5.46,-3.27,-8.78,-15.25,-10.0,-4.72,4.96
18.03,47.86,29.33,-6.75,4.3,7.24,38.54,-2.49,-4.66,-37.85,-5.15,-15.19,11.55
17.81,36.41,22.28,1.46,-0.07,-0.6,14.81,-1.75,-8.51,-26.26,-10.67,-8.36,7.94
18.19,33.77,20.88,9.11,11.06,6.76,7.95,-12.03,-18.08,-25.32,-10.7,-6.58,4.2
17.57,28.11,15.11,4.95,2.69,0.19,4.03,-5.32,-9.96,-16.49,-9.21,-4.06,5.36
17.67,25.98,15.75,10.84,7.2,2.16,-0.49,-9.48,-14.4,-18.52,-15.75,-12.71,-5.21
17.8,28.72,15.4,5.71,4.23,-1.64,-2.56,-14.93,-15.21,-16.59,-6.28,-4.26,3.53
17.92,38.08,23.92,-3.39,-5.71,-11.87,4.88,-16.52,-18.19,-33.35,-7.2,-0.86,19.0
18.18,27.69,16.0,8.44,4.91,0.22,0.56,-5.77,-6.63,-7.93,-1.86,1.28,6.63
18.31,27.19,14.57,4.19,-0.45,-4.02,-0.32,-7.38,-10.24,-15.56,-7.16,-0.05,10.17
18.51,32.34,20.66,9.77,8.53,4.19,6.34,-8.11,-12.03,-17.13,-3.14,1.84,9.46
17.8,33.58,22.47,7.47,5.63,-0.84,4.7,-12.69,-15.49,-21.2,-1.59,0.37,8.76
18.12,32.68,19.51,2.6,-1.48,-8.31,-0.43,-14.56,-18.04,-30.58,-16.39,-8.46,10.85
18.19,41.17,25.73,1.02,0.35,-5.73,11.77,-8.74,-7.91,-29.54,-10.93,-14.4,6.86
18.6,27.99,16.8,6.44,-0.51,-8.44,-6.56,-12.85,-12.45,-15.87,-6.72,0.64,13.5
17.7,23.98,11.41,5.6,1.06,-2.25,-2.43,-6.26,-8.52,-11.69,-11.84,-11.36,-9.06
17.79,53.03,29.22,-10.69,10.96,-16.25,23.5,-22.19,-12.52,-38.19,-11.65,-17.74,19.81
18.42,34.49,23.46,7.17,4.06,-5.7,-0.03,-17.29,-18.28,-29.39,-11.77,-7.2,12.88
16.86,33.97,21.54,5.73,5.0,-3.57,1.74,-16.7,-16.61,-24.53,-5.4,0.07,17.66
17.81,25.27,11.24,-0.29,-7.44,-15.42,-15.35,-21.63,-19.36,-20.72,-13.98,-12.43,-4.54
18.27,35.9,22.44,-2.17,-3.86,-14.72,0.44,-18.02,-11.0,-21.34,10.0,15.36,37.47
17.96,35.2,21.76,1.83,-5.33,-12.35,0.39,-9.07,-6.15,-17.69,-3.01,0.12,15.59
18.41,35.08,24.57,7.29,1.88,-10.67,-4.18,-20.2,-15.73,-20.11,1.62,6.42,21.04
18.16,25.81,12.89,3.21,-4.2,-10.42,-9.03,-11.77,-11.51,-14.31,-12.19,-10.64,-5.24
16.99,28.5,14.49,-0.45,-8.04,-17.16,-13.46,-20.05,-13.41,-14.1,-1.98,-0.92,6.18
18.02,33.58,19.28,0.9,-3.86,-9.5,0.76,-8.0,-5.12,-14.21,-1.14,1.64,17.93
17.96,20.8,6.79,-2.89,-9.38,-13.15,-6.71,-2.44,6.05,9.71,16.79,20.41,24.87
18.43,33.48,20.13,3.99,0.67,-5.45,2.37,-9.77,-6.91,-12.2,5.67,10.37,24.63
17.6,59.14,40.34,-16.81,-8.7,-17.06,29.1,-19.15,-9.5,-28.12,16.7,-11.6,13.48
18.1,30.67,17.87,7.4,4.96,3.62,6.73,-4.36,-9.55,-13.86,-2.05,6.0,15.13
18.34,53.83,36.79,-5.26,1.45,-4.56,31.58,-7.13,-4.06,-29.95,9.56,-1.5,22.69
18.59,34.85,20.86,7.17,9.0,10.02,18.48,2.38,-5.42,-19.77,-10.16,-7.62,6.55
18.47,52.36,33.43,-8.67,4.41,1.48,38.66,-8.15,-5.72,-30.12,-0.35,-10.47,27.26
18.66,36.8,24.23,6.2,6.32,5.99,21.26,7.47,3.43,-11.92,1.72,3.75,19.62
18.51,31.65,20.17,11.54,11.52,9.29,12.86,1.96,0.79,-1.27,8.34,11.46,16.62
18.37,52.21,33.06,-4.31,6.15,3.76,32.66,-7.02,-4.3,-20.55,15.37,0.4,19.57
18.04,34.9,21.26,6.29,7.18,4.61,10.86,-4.57,-6.31,-12.54,4.62,8.04,17.4
18.48,55.95,40.29,-4.64,1.95,-4.04,37.61,-10.25,-7.82,-29.74,12.64,-3.13,26.26
18.33,30.47,19.51,8.51,2.05,-0.07,8.89,6.93,4.04,-5.84,-3.74,-0.47,9.41
18.58,38.53,24.58,6.5,8.77,8.59,23.2,3.39,-0.0,-15.36,0.45,5.8,26.58
18.78,39.45,25.24,3.14,7.1,4.95,35.07,9.39,2.52,-16.46,-2.05,6.4,28.0
18.27,22.68,10.35,7.06,6.44,5.93,5.26,0.3,0.52,4.6,11.94,16.3,16.22
18.19,42.18,28.74,3.26,4.11,0.94,18.83,-5.62,-7.61,-26.01,1.62,4.74,25.97
17.8,49.22,29.56,-7.65,4.71,4.51,33.08,-4.99,-3.3,-30.78,1.45,-8.06,18.48
17.71,38.75,24.07,3.34,8.76,4.65,15.01,-11.41,-17.78,-31.72,-8.53,-4.6,14.21
18.23,31.49,17.47,6.14,3.94,2.96,6.17,-4.55,-10.29,-17.14,-9.67,-6.16,1.99
18.34,30.07,19.4,7.32,-0.22,-7.04,-0.55,-4.84,-3.95,-11.12,-3.83,2.45,19.37
18.43,28.36,16.57,6.75,2.13,-4.26,-0.83,-4.43,1.35,1.13,10.06,11.65,19.23
17.94,29.81,17.27,4.94,-1.24,-8.51,-3.75,-8.62,-4.72,-5.74,4.89,7.42,15.97
18.11,34.97,23.7,11.05,6.99,-1.3,1.29,-9.72,-5.85,-7.77,6.1,6.46,13.81
17.78,43.93,32.13,6.14,8.12,-6.64,4.01,-19.65,-7.41,-18.35,13.49,5.41,22.57
17.83,24.98,14.12,9.62,6.0,1.72,1.04,-2.15,-0.54,-0.02,1.92,2.1,5.61
18.21,29.55,19.0,10.73,6.16,3.01,6.83,0.94,-3.83,-11.41,-7.49,-1.95,7.28
17.84,25.88,14.61,9.43,5.23,-0.81,-4.38,-11.53,-11.62,-9.17,-1.83,3.31,9.53
18.71,31.43,20.73,8.7,1.99,-6.19,-3.07,-11.36,-11.37,-16.62,-8.13,-4.75,5.74
18.6,38.31,30.62,13.11,8.03,-3.27,7.56,-7.55,-8.47,-24.3,-9.91,-7.27,12.02
18.11,28.52,18.34,10.31,6.31,-0.81,-0.54,-8.85,-9.0,-13.6,-6.1,-1.65,10.8
18.01,28.18,16.39,6.36,-0.63,-8.27,-7.41,-12.82,-11.15,-12.26,-4.04,0.49,8.29
18.18,42.2,28.86,-1.66,-2.63,-20.33,-5.02,-32.35,-21.53,-35.32,-7.52,-17.92,3.2
18.0,38.64,22.77,1.46,6.26,0.99,10.95,-12.18,-10.11,-17.23,8.56,8.29,21.98
18.79,40.62,28.66,5.32,0.85,-5.27,10.7,-7.37,-5.3,-18.1,3.36,3.6,21.09
18.32,44.34,29.62,2.71,6.75,-3.75,13.19,-12.41,-4.19,-11.76,17.68,12.22,25.56
17.89,27.5,16.53,7.71,2.33,-6.04,-7.81,-18.06,-18.31,-19.06,-8.21,-1.49,9.36
18.03,27.27,16.02,7.88,3.35,-1.33,-0.89,-9.05,-12.16,-16.36,-8.36,-0.51,10.59
18.58,34.31,23.93,11.8,8.12,1.02,3.38,-11.25,-13.27,-19.41,-7.49,-3.76,6.94
18.12,25.38,11.05,4.28,0.37,-2.36,-5.17,-10.86,-12.04,-8.33,-1.25,3.17,5.0
18.46,46.96,29.32,-2.27,8.11,5.4,23.32,-15.22,-12.97,-27.86,11.13,6.51,18.62
18.61,36.5,26.2,8.85,4.45,-0.02,12.01,-4.24,-9.02,-23.86,-6.16,2.91,22.28
18.84,37.04,27.57,10.42,3.96,-2.24,9.8,-3.14,-7.36,-21.78,-7.73,-1.13,17.44
18.58,29.51,18.74,11.77,7.03,2.84,3.34,-1.86,-3.59,-6.04,-0.69,4.2,11.02
18.74,57.74,39.56,-13.52,-1.62,-11.33,46.17,-25.5,-20.52,-25.29,19.96,-0.35,30.87
18.89,36.73,23.54,7.99,7.86,-2.23,4.96,-8.65,1.72,2.7,21.99,17.71,23.87
17.94,40.38,28.41,5.97,3.21,-7.99,4.23,-9.09,2.63,-3.26,18.9,11.46,21.67
17.88,26.38,12.46,2.95,-2.54,-5.42,-2.48,-4.46,-1.31,1.93,9.95,14.85,20.85
17.68,31.53,17.51,1.16,-2.19,-6.84,3.45,-4.69,-1.05,-6.79,7.63,12.02,27.01
17.67,50.6,28.97,-15.79,-5.27,-27.11,5.49,-34.59,-14.36,-35.99,5.12,-16.3,11.39
17.56,33.99,17.55,-12.84,-16.13,-31.61,-19.98,-44.02,-33.14,-41.9,-8.92,-11.12,10.26
17.51,27.33,15.46,5.76,-1.92,-11.53,-11.21,-13.88,-7.08,-5.01,1.51,0.97,6.18
17.84,33.42,20.49,3.3,-1.89,-11.01,-3.01,-10.65,-2.98,-6.92,7.66,7.7,17.11
17.79,50.72,29.36,-7.93,2.97,-13.82,17.04,-29.71,-9.83,-20.31,19.87,12.26,31.91
17.89,28.27,16.26,5.74,-0.84,-5.39,-0.5,-2.25,0.67,0.72,8.47,10.35,14.81
19.0,35.04,19.67,3.44,4.63,-4.17,17.62,7.2,14.6,-4.75,2.22,20.29,12.43
18.61,25.7,13.57,6.14,2.35,-1.64,3.35,1.39,0.17,-6.77,-3.42,3.26,10.97
18.26,43.03,33.55,8.55,6.0,-2.63,11.68,-11.01,-9.98,-22.47,3.02,8.42,21.12
18.64,28.16,18.36,13.37,9.3,4.81,4.22,-0.27,-0.43,-1.12,1.18,1.95,4.77
18.6,38.27,27.34,11.11,10.05,1.2,6.15,-13.38,-13.24,-18.14,5.2,6.84,17.64
17.43,27.4,16.4,9.47,3.93,-2.15,-1.01,-1.33,4.16,5.05,5.4,0.91,1.11
17.83,51.62,34.32,-3.16,4.9,1.54,30.65,-8.73,-8.39,-22.73,12.3,-3.94,10.87
18.02,38.56,25.81,4.81,3.16,-7.18,6.88,-5.22,5.22,-2.13,18.21,16.13,30.08
18.28,36.61,24.73,10.46,9.75,2.49,8.12,-7.61,-6.09,-12.99,4.32,8.96,23.26
17.9,35.27,26.42,12.42,8.53,-1.31,3.0,-14.73,-16.17,-26.03,-8.33,-1.29,16.52
17.69,33.03,21.72,10.95,7.51,2.15,4.52,-5.91,-8.38,-16.59,-12.39,-14.31,-4.84
17.53,30.2,19.45,8.98,4.12,-4.18,-3.72,-13.64,-14.34,-18.41,-7.1,0.13,12.58
17.93,37.13,27.08,9.5,4.9,-5.93,-0.33,-19.72,-17.38,-24.34,-3.05,-0.54,11.79
17.82,24.99,12.85,5.01,-1.16,-6.91,-5.78,-6.94,-4.24,-4.41,-2.33,-2.01,1.35
17.96,27.19,14.12,5.07,-1.16,-7.32,-7.75,-11.4,-7.88,-5.29,1.83,3.57,6.54
17.64,30.26,23.41,14.17,5.53,-9.09,-9.85,-17.39,-12.22,-16.66,-7.07,-4.77,9.92
17.83,49.86,31.71,-5.33,-0.68,-13.77,9.52,-22.0,-12.45,-28.04,1.9,-14.91,3.09
17.28,58.04,31.5,-20.84,-1.81,-17.63,26.08,-18.46,-0.79,-20.56,24.07,-0.44,18.06
18.29,36.38,24.95,8.72,2.99,-2.72,7.54,-1.01,-1.82,-14.19,-6.47,-6.42,3.32
17.98,33.19,22.72,11.42,7.16,0.9,6.22,-0.6,0.26,-5.74,3.98,6.97,16.11
18.69,31.52,23.44,14.33,6.78,-2.93,-0.35,-4.68,-3.38,-8.05,-2.13,1.21,11.38
18.88,31.07,19.37,10.09,7.52,3.58,7.12,0.38,1.49,0.43,8.26,9.03,13.33
18.43,29.74,19.57,14.21,12.56,10.34,10.67,3.41,-0.6,-4.76,-1.78,-0.57,3.39
17.54,38.68,26.46,6.46,5.87,1.38,14.08,-5.25,-7.83,-17.7,0.75,0.26,11.63
18.38,29.05,19.66,14.8,12.97,11.19,13.23,6.48,2.31,-3.27,-1.63,-1.57,1.03
17.78,45.01,26.82,-0.34,11.28,2.69,18.31,-16.13,-10.31,-22.55,6.33,-1.61,17.39
17.71,31.49,19.92,10.98,5.58,0.08,1.15,-4.01,-2.21,-2.18,4.77,7.38,12.78
17.67,54.67,36.27,-4.55,10.3,-5.04,22.97,-17.98,-5.66,-19.84,13.48,3.26,20.51
18.06,42.81,26.69,5.75,11.72,4.79,14.03,-11.61,-8.48,-15.23,6.93,3.64,16.77
18.5,32.48,22.05,7.83,3.19,-5.03,0.31,-12.42,-10.86,-15.78,3.24,11.29,25.74
17.34,36.33,19.64,-1.28,-5.18,-12.18,-1.29,-12.72,-6.85,-13.8,2.87,1.33,14.67
18.42,38.8,25.3,3.61,3.57,-1.99,11.06,-6.07,0.42,-6.53,13.63,11.3,25.69
18.44,41.54,24.33,3.22,12.1,9.22,21.92,-0.93,2.89,-3.48,21.21,13.54,16.52
18.2,47.68,31.66,-3.36,3.4,-1.63,25.09,-13.6,-10.53,-23.13,18.1,12.46,35.58
18.1,52.02,33.28,-5.79,5.72,-4.16,27.63,-11.57,1.93,-16.99,23.86,13.25,30.65
18.52,37.56,25.56,1.54,-0.66,-9.97,3.12,-18.03,-11.28,-16.24,16.95,19.49,34.4
17.53,54.24,40.0,-13.71,-6.69,-6.33,30.72,-28.56,-25.25,-26.51,18.88,-3.58,15.25
17.46,27.25,15.71,7.75,3.24,-1.77,-2.06,-9.8,-13.16,-17.2,-12.72,-8.63,-0.39
18.52,47.7,28.93,-1.31,5.8,-2.85,14.01,-20.17,-11.92,-27.01,4.71,-6.37,13.13
18.41,39.45,29.1,7.28,4.79,-6.57,5.29,-16.0,-16.77,-30.87,-3.76,4.02,25.48
17.79,45.07,28.52,1.23,8.79,-8.13,3.81,-22.58,-11.72,-20.34,10.86,0.85,15.57
18.16,29.46,17.16,7.71,5.3,3.27,7.04,-0.86,-1.75,-3.36,4.85,7.67,12.34
18.58,27.33,16.82,8.81,4.73,1.91,8.42,7.48,8.59,3.81,6.93,7.26,11.36
18.27,37.2,25.47,7.33,4.5,-3.43,4.6,-10.2,-6.61,-12.79,6.57,7.07,17.25
17.51,38.4,25.01,4.77,5.59,-1.73,7.68,-15.25,-13.75,-22.3,2.76,4.89,19.61
18.12,34.94,25.2,10.92,5.77,-0.43,7.47,-3.42,-7.28,-18.11,-5.16,2.61,18.23
18.16,37.96,25.88,6.45,4.34,-1.15,10.45,-6.46,-5.97,-17.92,2.09,6.83,25.07
18.06,26.89,16.06,9.27,3.87,0.45,3.94,3.73,4.64,2.29,3.4,4.08,6.69
17.67,42.08,27.51,4.93,5.84,-2.05,13.55,-6.14,-3.94,-18.61,2.35,3.2,20.6
18.59,29.41,18.36,11.18,9.81,9.71,14.41,7.8,4.7,0.66,5.62,7.49,11.32
18.71,45.93,36.06,2.18,1.46,-8.26,19.47,-11.72,-9.19,-30.03,7.86,12.11,39.2
18.71,55.1,26.57,-7.63,16.85,-9.55,30.75,-9.9,11.45,-10.94,18.4,9.08,23.39
18.71,29.62,17.7,9.0,6.17,3.15,5.83,-1.27,2.54,4.85,17.13,20.28,23.99
19.09,43.2,20.55,0.71,15.42,-9.91,30.75,-5.75,5.76,-2.74,14.16,37.68,6.82
18.82,42.46,29.67,9.9,11.62,3.26,12.85,-14.42,-0.99,-23.37,7.75,14.63,33.77
18.61,28.42,15.47,3.81,0.17,-3.94,2.54,-0.74,5.41,5.71,16.87,20.38,26.68
18.74,31.65,20.0,8.25,4.35,-1.31,3.6,-3.05,-0.45,-1.12,13.71,18.47,27.14
17.73,23.91,11.75,5.3,1.2,-2.83,-1.95,-5.63,-4.74,-3.48,2.81,8.23,14.62
17.08,48.3,32.03,0.42,7.84,-7.42,11.46,-13.97,0.6,-13.66,6.44,-4.2,15.64
18.1,38.17,25.13,6.78,7.42,4.93,16.44,-1.54,-3.21,-12.33,5.33,8.58,20.42
17.72,32.09,21.73,10.75,5.72,-1.86,0.83,-7.39,-5.8,-7.75,4.77,8.49,14.12
18.03,38.78,25.59,6.41,6.62,-2.09,3.75,-13.73,-6.16,-8.65,12.41,8.17,16.78
18.61,34.26,23.42,9.54,4.55,1.81,11.66,6.04,6.0,-1.25,7.65,9.36,15.49
18.96,32.61,21.53,8.94,3.86,-1.76,5.56,0.54,2.91,-1.46,11.03,15.51,24.21
18.24,29.06,18.98,12.07,6.1,-0.85,-1.25,-5.24,-0.93,2.49,10.09,12.12,14.62
18.24,41.09,26.19,3.47,5.14,2.71,21.45,8.46,11.19,-4.98,12.25,8.31,16.69
17.87,28.3,16.98,9.33,5.07,4.1,9.61,6.94,2.77,-1.8,2.67,9.88,15.22
17.77,51.79,25.77,-11.92,8.11,-3.73,23.08,-13.85,1.82,-16.33,14.13,-4.23,19.51
17.69,45.45,30.76,3.55,8.82,0.03,12.81,-15.64,-8.28,-14.32,14.53,4.47,19.34
17.91,34.55,21.22,5.86,3.81,-0.64,6.59,-4.68,-3.17,-8.97,3.05,3.51,13.64
18.65,32.62,20.78,10.89,9.9,4.01,5.42,-7.02,-7.77,-10.22,2.61,5.76,13.58
17.88,27.08,16.98,9.01,2.68,-7.59,-8.45,-13.32,-5.68,-1.48,7.76,8.56,14.47
18.52,53.53,33.37,-7.1,5.74,-14.49,21.62,-22.64,-12.11,-28.85,12.54,1.92,22.78
18.38,23.83,11.41,4.43,0.25,-2.97,-1.09,-3.0,-0.56,1.27,8.08,11.9,15.12
18.14,56.71,32.64,-17.96,-2.09,-13.83,25.77,-22.57,-6.95,-25.79,22.04,1.76,25.74
17.82,33.43,21.5,5.15,-2.82,-8.73,1.63,-2.42,0.6,-6.92,3.63,4.46,12.27
18.22,27.11,13.81,5.2,0.62,-1.24,1.91,-0.53,0.54,-0.03,4.35,6.21,9.91
18.04,41.41,24.61,-9.0,-5.24,-15.0,2.5,-30.65,-23.13,-36.11,5.72,4.72,27.99
18.2,26.12,13.09,2.85,-0.01,-7.59,-11.35,-28.25,-30.27,-28.6,-9.31,0.26,10.21
18.07,27.33,14.54,6.63,5.22,2.51,3.56,-4.17,-4.9,-6.64,-1.47,-1.2,2.65
18.43,28.05,18.78,10.56,3.37,-4.39,-1.98,-3.96,0.2,-0.88,4.63,5.85,11.59
18.37,33.56,19.99,5.3,4.46,0.81,5.54,-9.88,-9.69,-12.32,1.94,2.49,11.63
18.57,36.88,21.78,0.56,2.26,-1.49,9.46,-12.42,-6.31,-7.59,20.73,18.71,22.95
18.78,46.04,19.01,0.13,26.61,-13.38,28.92,-14.41,-11.35,-28.51,4.65,21.12,15.66
18.96,22.34,10.2,4.57,0.07,-3.74,-2.54,-2.41,2.52,6.85,12.1,14.21,17.05
18.49,38.33,22.28,0.84,4.93,-7.22,1.09,-20.81,-12.38,-16.65,11.28,11.05,23.44
18.28,25.28,14.43,9.43,5.35,1.82,3.0,3.11,6.75,8.31,9.03,6.72,7.47
18.32,53.23,34.68,-3.9,12.23,-2.36,20.0,-19.99,-3.44,-17.82,15.73,4.73,22.51
18.19,38.26,25.57,4.41,6.81,-3.77,5.35,-18.8,-14.89,-23.87,3.86,7.21,30.13
18.41,38.28,25.74,7.6,6.44,1.54,10.47,-7.67,-6.25,-12.6,8.74,9.76,20.15
18.45,32.4,22.2,13.63,11.33,5.55,5.75,-4.32,-5.03,-6.15,4.95,8.38,14.08
18.51,26.88,15.73,9.51,7.49,2.57,1.88,-5.14,-3.45,-0.99,10.51,15.75,20.81
17.31,50.34,28.26,-4.86,8.54,-8.56,16.15,-10.55,4.54,-13.09,12.93,-2.75,19.48
18.23,27.45,17.1,11.33,8.44,5.01,5.4,-2.91,-7.58,-11.72,-5.48,3.03,14.1
18.57,42.65,27.84,0.51,5.86,3.65,23.23,-6.82,-8.97,-24.18,2.2,3.97,29.48
17.98,54.49,39.14,-9.01,0.14,4.39,39.44,-22.66,-19.46,-20.24,27.25,1.16,21.21
17.85,44.28,28.19,-1.26,4.32,2.41,22.46,-8.21,-9.91,-22.15,10.04,7.58,25.47
18.47,32.94,19.49,3.95,3.44,1.14,9.46,-3.59,-3.32,-8.99,9.29,13.73,25.07
17.86,47.89,33.83,0.1,6.61,-9.53,12.52,-19.52,-8.68,-27.82,10.55,6.37,29.02
17.51,32.07,19.54,6.28,2.13,-1.84,5.02,-3.3,-3.19,-9.49,0.07,3.14,10.58
17.76,23.37,9.81,2.21,-2.61,-6.19,-6.27,-11.58,-13.42,-15.08,-10.83,-6.76,-0.66
18.58,43.71,32.75,7.05,3.53,-8.08,12.18,-6.32,-2.9,-19.46,5.01,4.52,22.01
18.26,36.52,26.84,11.54,6.27,-5.08,1.5,-6.4,1.91,1.76,19.77,16.49,22.03
18.49,37.24,26.04,7.4,4.46,-4.05,6.6,-10.33,-9.04,-16.22,8.41,14.77,27.53
18.87,49.27,28.86,2.05,16.74,-1.47,18.0,-11.42,1.57,-11.92,13.96,3.7,22.47
18.24,33.95,23.76,10.92,4.07,-1.15,8.59,3.47,2.48,-5.57,3.37,8.07,19.02
18.52,50.84,34.46,-3.42,10.48,8.41,34.89,-17.89,-14.82,-28.6,18.05,14.66,29.86
18.29,30.24,16.71,7.54,10.63,5.4,4.72,-8.01,-4.79,-3.8,11.31,13.31,18.73
17.89,45.7,32.92,0.57,6.07,2.16,23.63,-13.51,-11.37,-22.79,17.74,16.62,32.54
17.83,25.09,12.95,6.16,2.86,-0.83,0.78,-3.26,-1.81,-0.28,8.11,13.12,17.51
18.05,26.59,14.7,5.42,-1.96,-8.72,-6.15,-7.23,-2.62,-1.11,6.45,9.93,14.12
17.9,40.55,26.68,-0.02,-3.02,-10.57,7.91,-11.02,-2.4,-8.98,19.39,16.01,27.36
17.69,54.96,32.95,-10.27,11.01,-5.29,21.93,-26.01,-11.33,-19.94,19.97,6.03,23.46
17.2,44.48,27.53,-3.21,-1.45,-8.79,10.82,-14.0,-2.14,-16.2,13.12,3.58,20.8
18.26,48.61,33.07,2.38,10.55,-4.41,15.98,-13.05,-4.8,-20.12,12.84,5.13,24.1
18.12,35.46,25.64,13.45,11.02,2.44,5.81,-8.56,-7.16,-11.1,4.03,8.37,19.67
18.02,38.42,24.73,5.72,8.3,5.3,16.4,-4.32,-7.65,-17.75,3.26,3.78,14.27
18.43,35.27,24.95,8.25,1.56,-6.88,4.33,-2.3,1.57,-7.15,6.7,10.28,25.26
18.27,26.18,14.57,6.05,-1.5,-9.88,-9.3,-9.8,-2.96,0.5,7.82,10.48,16.61
18.22,26.9,14.32,5.25,1.03,-2.92,-0.97,-7.6,-8.35,-9.74,-2.24,2.05,8.06
18.25,31.79,22.02,14.59,10.51,2.82,1.17,-6.47,-3.06,-2.37,3.51,1.14,3.33
17.8,28.35,17.97,10.12,3.4,-5.2,-6.11,-10.59,-7.68,-7.82,-3.67,-4.15,0.77
18.12,25.66,13.51,6.45,-0.18,-7.27,-10.1,-13.77,-11.69,-9.64,-5.95,-4.99,-2.68
17.84,28.46,15.6,1.51,-5.13,-16.05,-13.04,-19.21,-9.6,-6.38,9.91,11.7,19.02
17.81,36.25,23.84,6.48,4.5,-4.6,1.63,-15.55,-6.47,-9.18,14.58,15.75,27.86
18.15,33.05,22.24,12.16,8.67,3.8,6.19,-2.65,-1.89,-4.34,3.81,3.91,8.12
17.89,31.78,20.55,2.92,-5.15,-18.48,-11.6,-23.66,-18.43,-26.51,-6.53,1.32,19.48
18.42,39.45,28.11,5.8,3.36,-3.72,9.82,-10.85,-10.51,-24.93,-0.4,0.25,19.65
17.95,29.83,18.58,8.29,1.79,-4.21,-1.86,-7.5,-7.21,-9.14,1.38,8.51,17.03
18.38,58.54,32.06,-16.38,9.2,-15.61,28.61,-27.38,-9.8,-23.37,15.38,-7.67,22.48
18.09,27.39,15.56,7.85,3.31,-1.72,-1.17,-5.84,-4.87,-4.45,3.61,8.81,15.84
18.04,25.05,14.66,10.78,7.63,3.13,1.31,-2.72,-1.25,0.9,4.45,5.7,8.76
19.01,48.07,32.83,-0.43,1.53,-9.59,15.22,-11.48,-3.26,-17.32,13.9,5.42,24.61
18.4,27.66,16.37,8.95,4.43,-2.16,-2.41,-6.5,-2.09,0.47,7.84,9.78,13.34
18.14,30.8,18.73,8.55,2.45,-3.78,-2.07,-6.83,-3.58,-4.08,2.37,3.59,10.42
18.38,54.76,35.13,-5.78,6.71,-8.35,23.28,-18.24,-6.67,-26.39,12.57,2.24,26.28
18.27,27.84,15.48,8.6,4.19,-0.83,-3.66,-10.73,-9.15,-4.39,5.23,8.53,10.14
18.63,35.49,26.49,12.14,5.35,-4.41,2.4,-6.67,-5.41,-13.36,2.67,9.47,24.07
18.29,30.53,21.28,13.96,11.78,7.06,7.98,-2.51,-7.32,-13.24,-5.11,-0.09,8.86
18.14,26.71,16.03,10.91,8.4,2.47,-0.74,-9.06,-8.35,-5.73,2.83,6.55,9.73
18.15,36.02,27.3,15.38,11.99,3.81,6.41,-7.76,-9.47,-16.4,-5.5,-7.52,1.47
17.89,36.62,23.42,5.62,5.18,-6.21,-2.4,-22.84,-19.05,-23.91,-1.47,-3.64,6.38
18.65,33.14,24.4,14.75,7.78,-1.9,0.02,-6.04,-3.78,-8.87,-5.13,-6.61,1.36
18.53,33.26,23.47,12.36,8.55,0.24,4.04,-4.2,-1.22,-5.04,4.62,5.64,14.83
18.91,40.99,30.04,7.68,5.5,-3.11,10.84,-8.8,-2.78,-10.31,16.71,13.74,26.32
18.5,22.88,10.87,5.83,3.17,1.12,3.06,1.74,3.26,4.33,8.43,11.45,15.32
18.0,32.75,24.76,17.11,14.31,10.63,13.27,2.77,-3.49,-10.99,-4.89,1.3,11.76
18.09,29.14,17.63,8.6,3.73,-1.01,2.34,0.41,4.3,4.15,10.21,10.85,15.94
18.4,48.97,32.73,-1.38,8.77,-0.81,18.95,-15.69,-14.54,-27.14,15.77,11.32,32.2
18.65,31.03,19.65,9.41,7.29,1.64,2.83,-10.33,-10.43,-10.07,4.58,9.42,18.3
18.19,37.36,22.72,9.25,10.76,4.7,9.11,-2.42,0.01,-3.57,7.05,3.13,8.71
17.85,41.63,27.68,1.97,3.89,-2.12,8.83,-17.02,-13.48,-18.06,13.68,7.63,17.6
18.55,37.21,25.05,8.29,5.44,0.61,9.71,-4.79,-2.28,-6.65,11.75,11.92,20.32
18.1,30.86,20.83,10.43,6.31,0.14,1.95,-11.58,-13.43,-14.2,3.42,14.01,25.8
17.96,31.45,19.84,10.24,7.15,3.62,5.94,-3.77,-7.96,-11.32,-1.19,5.7,14.47
18.17,37.88,26.05,7.33,4.83,-4.08,3.24,-15.54,-12.63,-18.66,4.8,7.4,18.89
18.08,33.42,21.38,9.19,5.05,3.25,11.44,3.32,1.56,-4.92,4.73,8.53,18.27
18.11,58.84,29.94,-14.29,18.1,-12.42,31.77,-16.52,-9.79,-31.53,13.05,-0.76,28.57
18.36,34.66,22.2,8.28,7.23,0.19,2.9,-14.38,-13.57,-16.91,6.22,13.9,27.56
18.67,35.39,24.28,5.33,-1.15,-14.8,-4.97,-12.84,-1.71,-9.41,6.7,5.31,20.92
18.24,26.97,14.23,4.22,-1.55,-6.92,-2.18,-2.8,3.45,4.01,11.14,11.92,17.06
18.05,42.12,31.52,6.19,3.47,-1.93,14.39,-10.91,-15.42,-32.34,-0.85,1.64,19.05
18.02,40.71,27.42,4.81,6.41,-2.46,8.04,-16.92,-15.47,-24.55,5.44,5.3,18.82
17.75,29.03,16.39,3.32,-2.89,-9.63,-3.63,-8.74,-5.29,-9.17,0.11,3.71,13.83
