16.81,6.79,4.16,11.2,1.21,13.27,3.21,3.77,-10.01,-4.78,-4.89,6.42,6.14
16.93,35.21,15.09,-5.18,11.8,15.81,24.34,-13.64,-14.44,-21.6,8.01,-4.1,0.42
17.2,29.18,14.97,1.58,2.29,6.05,16.91,3.87,-4.35,-15.12,-5.02,-2.54,3.57
17.0,23.06,9.01,1.73,4.7,6.58,10.41,-1.11,-6.24,-12.01,-6.0,-6.68,-3.35
16.9,35.46,15.86,-12.2,0.22,9.82,37.32,8.94,2.89,-22.14,0.06,-6.96,9.88
16.69,30.22,13.04,-5.36,1.65,10.19,28.9,12.71,3.59,-16.46,-8.91,-11.35,1.57
16.13,51.15,17.01,-31.71,6.84,1.32,35.88,-14.7,-0.87,-27.36,4.83,-23.9,-2.2
16.85,22.56,2.82,-12.52,-6.66,-1.19,8.23,-9.96,-17.12,-27.34,-14.6,-15.84,-9.3
17.15,43.75,14.89,-23.27,6.32,8.13,38.77,-2.62,5.36,-18.55,14.29,-7.89,5.25
17.27,32.02,8.55,-18.66,-3.92,5.27,27.82,-0.06,1.16,-12.41,13.06,-0.04,10.7
17.19,27.63,5.65,-19.87,-16.13,-13.33,5.32,-9.72,-5.7,-15.9,-1.13,-12.21,-7.86
17.37,45.81,14.08,-26.45,1.83,-1.68,33.7,-5.4,11.31,-8.15,26.32,-5.51,3.39
16.13,25.1,5.41,-8.81,6.43,9.31,15.47,-9.49,-6.57,-10.03,7.72,-3.3,-1.81
16.52,41.42,17.58,-19.84,-5.57,3.23,33.16,1.89,9.16,-9.72,17.53,-6.91,2.56
16.24,51.2,10.74,-39.26,4.78,-8.62,31.29,-22.3,7.13,-18.73,27.62,-3.6,14.29
16.44,34.02,11.95,-17.03,-6.71,0.46,24.23,-3.2,0.04,-9.61,23.47,13.53,18.22
16.51,51.47,16.06,-35.64,3.09,1.41,31.43,-22.6,2.95,-19.09,22.49,-9.37,8.8
16.92,31.59,13.14,-8.21,-1.45,3.72,19.62,-1.35,-5.1,-16.93,2.49,-0.51,8.34
16.47,30.2,13.03,-5.44,-0.07,7.19,23.17,6.21,-0.2,-13.72,0.01,-3.72,4.15
17.02,32.69,16.08,-4.55,-0.3,4.58,24.05,6.76,1.33,-17.04,-0.25,-1.13,9.8
17.38,30.35,14.35,-1.72,1.21,2.98,14.54,-1.74,-9.32,-23.94,-14.19,-13.81,-3.02
17.12,20.73,5.38,-5.0,-8.56,-8.98,-3.82,-10.02,-15.13,-22.38,-17.47,-12.67,-4.15
17.33,39.94,18.66,-12.95,3.53,10.2,35.81,0.21,-1.56,-24.29,4.12,-7.23,6.84
16.88,35.05,16.18,-8.17,2.63,9.15,30.58,5.41,-1.18,-23.09,-4.27,-9.86,2.45
16.81,36.69,17.83,-11.06,-1.19,2.46,24.96,-4.89,-10.68,-35.7,-12.4,-15.37,4.28
17.45,35.91,15.06,-5.2,6.06,9.09,22.56,-3.01,-7.82,-26.59,-11.61,-18.67,-3.77
17.47,35.1,18.22,-3.18,5.99,12.02,34.27,15.31,9.18,-15.63,-6.54,-15.55,-4.53
16.29,33.69,19.84,-4.82,-3.83,-1.03,18.5,-2.62,-13.77,-29.88,-8.05,-5.86,6.6
17.0,28.23,11.85,-3.84,-3.51,-5.06,-0.1,-16.87,-22.41,-29.85,-17.7,-16.37,-7.33
17.27,32.4,17.25,-1.19,0.04,2.17,15.69,-2.12,-12.9,-29.31,-15.23,-11.57,0.45
17.32,27.18,12.19,0.95,2.07,3.56,11.07,2.13,-0.7,-7.82,-0.88,-0.57,3.78
17.13,58.85,38.97,-30.26,-9.88,3.63,49.7,-15.32,-14.53,-24.74,24.72,-22.27,0.75
17.07,37.6,19.85,-5.36,-0.98,1.74,19.12,-3.29,-5.65,-20.23,0.52,-5.58,5.2
16.8,24.0,9.26,1.23,-1.83,-1.61,1.08,-2.38,-4.51,-5.77,-1.92,0.8,3.01
16.91,35.21,18.55,-8.37,-7.47,-3.09,21.59,4.07,-1.65,-25.11,-7.26,-9.41,4.18
16.26,46.01,17.59,-37.19,-14.93,-15.73,19.63,-23.97,-7.64,-25.66,9.53,-12.08,10.74
16.33,44.11,14.49,-27.48,-3.61,-4.43,23.65,-14.07,1.43,-17.88,15.89,-4.15,11.54
16.86,45.29,16.63,-23.45,-1.83,-7.13,22.81,-17.59,-6.94,-25.64,13.57,-1.42,13.76
16.83,49.71,26.65,-25.64,-11.8,-0.37,32.91,-23.95,-19.68,-32.87,18.51,-11.3,2.11
17.25,31.66,14.19,-5.24,-2.35,0.4,14.61,-0.91,-3.83,-15.71,-0.79,-3.67,5.79
17.61,26.53,11.34,-1.32,-1.45,-0.83,7.22,-3.91,-10.81,-24.07,-20.96,-22.65,-14.67
17.62,48.95,25.64,-21.47,-5.24,0.81,33.08,-14.97,-10.38,-28.68,12.23,-10.01,4.97
17.72,28.6,12.8,-2.91,-4.53,-3.62,9.9,4.45,2.66,-11.69,-9.93,-12.45,-2.97
17.52,35.18,18.98,-1.56,-1.97,-0.84,17.3,4.69,4.46,-13.1,-5.49,-13.58,-0.89
18.45,26.4,13.36,1.94,0.35,1.18,13.87,12.21,12.19,-1.98,-6.4,-12.51,-1.27
17.62,30.56,13.75,-5.46,-1.62,5.79,28.56,18.81,16.61,-3.15,0.81,-9.62,-1.42
17.21,37.01,18.91,-11.73,-8.52,-6.52,27.03,16.67,20.38,-11.5,-0.58,-9.67,13.36
17.87,36.39,16.03,-14.79,-3.35,5.44,41.73,24.44,25.31,-6.69,5.27,-10.64,6.69
18.13,37.47,17.82,-18.24,-9.22,-1.4,40.33,19.3,20.24,-17.87,-1.31,-16.73,10.5
18.35,41.06,17.18,-24.13,-6.84,2.13,47.33,15.49,16.9,-22.85,2.22,-17.09,8.03
18.62,37.76,18.46,-18.59,-9.94,0.09,42.0,16.63,12.66,-23.9,-1.79,-12.76,11.11
18.86,33.38,12.73,-16.79,-4.73,2.46,36.05,14.21,9.29,-28.21,-18.37,-32.29,-8.39
19.22,32.23,10.04,-25.96,-17.24,-14.72,25.63,9.06,14.63,-23.77,-12.91,-31.1,-3.77
19.64,40.57,14.45,-33.05,-17.45,-18.75,34.64,10.0,24.02,-23.85,-2.81,-29.77,4.94
18.66,28.73,7.99,-20.3,-16.65,-13.12,15.33,3.03,4.42,-19.1,-3.86,-9.01,10.01
19.08,24.45,2.55,-15.29,-5.67,4.38,24.88,10.18,2.79,-22.26,-19.24,-26.68,-8.68
18.9,28.06,6.32,-21.06,-11.04,-4.77,26.26,11.29,12.62,-17.11,-9.38,-22.35,-2.24
19.36,49.06,18.26,-36.69,-14.87,-18.32,37.44,-3.15,21.05,-23.0,9.85,-26.89,5.0
19.9,43.06,19.11,-29.25,-12.22,-17.9,31.28,-1.39,17.49,-25.75,-2.74,-38.32,-7.94
19.77,48.14,20.36,-38.93,-19.21,-19.68,35.54,-5.88,10.95,-32.25,4.49,-26.59,5.72
19.62,38.67,9.26,-40.35,-23.55,-24.98,18.2,-14.84,-0.33,-37.53,-10.72,-37.97,-10.87
19.07,34.86,7.2,-24.93,-14.79,-15.66,11.65,-7.99,0.64,-22.86,-3.73,-18.71,-0.72
18.86,40.97,19.1,-28.1,-25.77,-21.51,23.53,-2.54,1.47,-28.62,6.8,-6.33,16.12
18.96,29.04,9.03,-17.5,-18.11,-14.15,10.15,1.39,4.61,-7.44,8.98,3.53,10.79
19.05,47.23,22.49,-30.61,-19.27,-10.62,28.37,-10.1,6.95,-12.65,24.58,-6.01,13.91
19.06,35.15,11.59,-21.63,-15.19,-13.26,16.0,-2.78,5.0,-12.84,10.55,-2.06,9.67
19.04,35.86,9.64,-29.62,-16.84,-14.83,19.62,-9.46,-2.83,-25.75,6.62,-5.58,13.55
18.78,18.67,-1.49,-13.52,-11.78,-6.03,5.02,1.48,-0.69,-10.58,-11.58,-15.98,-9.59
18.45,28.87,8.09,-17.71,-14.93,-14.41,8.95,-0.35,6.1,-10.46,2.02,-4.21,10.72
18.47,44.17,11.88,-32.02,-11.4,-24.36,14.36,-16.63,1.38,-22.53,10.35,-5.69,15.04
18.53,33.53,9.59,-27.3,-21.8,-21.91,13.56,-0.6,9.35,-16.27,5.98,-3.78,14.8
18.72,26.48,4.39,-20.5,-21.17,-20.06,1.13,-5.04,3.41,-7.14,6.25,-0.7,8.7
18.7,32.47,9.32,-25.85,-21.69,-22.38,7.81,-9.96,-2.06,-23.33,-1.6,-13.47,1.18
18.8,36.2,11.82,-25.1,-19.44,-22.0,8.98,-8.1,6.52,-12.49,10.4,-6.68,6.97
18.24,64.67,28.64,-49.66,-20.64,-23.58,47.0,-29.28,-5.86,-23.73,29.93,-29.63,6.76
18.15,30.47,9.31,-14.15,-13.09,-13.09,4.46,-5.67,2.43,-8.01,5.6,-4.32,2.74
18.18,51.68,21.67,-33.52,-10.14,-8.65,41.25,-3.62,9.95,-25.86,10.8,-19.64,9.63
17.86,24.32,7.04,-7.53,-8.17,-7.42,5.82,4.04,9.54,1.27,2.66,-6.64,-2.27
17.45,34.68,16.27,-13.2,-8.51,-3.03,24.54,1.21,-3.26,-25.73,-3.11,-4.84,15.85
17.33,44.81,12.07,-32.29,-6.3,-14.34,25.01,-12.78,4.08,-27.8,9.39,-3.36,24.16
17.45,38.97,6.24,-33.79,-5.54,-10.08,26.48,-10.16,0.94,-30.22,1.88,-11.54,15.09
17.35,28.63,4.28,-19.86,-5.94,2.78,27.25,4.27,2.61,-20.6,-0.36,-6.71,12.79
17.31,24.64,5.14,-14.85,-6.56,1.4,25.06,11.33,7.21,-12.73,-0.38,-2.61,9.7
16.87,45.1,20.17,-29.12,-13.42,-8.44,32.76,-2.27,6.6,-24.14,11.67,-10.51,10.51
16.52,34.24,13.79,-17.74,-14.02,-10.72,19.25,4.38,7.63,-15.42,1.12,-8.48,7.6
16.93,23.78,4.63,-13.73,-8.25,-3.41,10.84,-9.37,-19.25,-37.37,-20.27,-14.17,3.07
16.84,34.99,14.28,-12.46,-3.63,0.42,24.73,5.47,9.83,-4.9,13.72,0.66,5.38
17.68,43.33,25.08,-15.17,-9.06,-6.44,28.88,-0.27,1.95,-22.12,7.25,-8.27,6.44
17.97,33.19,17.81,-5.7,-10.36,-10.39,9.9,-2.11,-6.18,-23.96,-10.14,-10.25,1.13
18.31,32.08,15.61,-4.45,-6.93,-7.28,7.5,-1.17,0.36,-10.58,-0.57,-5.53,1.47
17.97,31.52,15.56,-8.06,-11.98,-14.18,4.42,-6.3,-5.52,-20.4,-6.37,-9.41,1.59
17.92,41.55,21.68,-12.61,-11.06,-23.07,2.45,-12.52,3.64,-14.19,8.28,-5.61,9.34
18.85,50.26,20.32,-31.66,-16.04,-24.5,13.08,-27.79,-9.21,-34.72,9.86,-12.77,10.13
18.01,42.82,16.68,-21.99,-9.61,-17.69,13.32,-13.74,-3.73,-26.24,0.52,-13.91,-0.24
19.41,38.7,16.95,-17.76,-12.79,-14.4,9.77,-16.34,-12.13,-28.3,3.09,-1.6,16.42
19.19,38.56,17.5,-15.47,-16.44,-21.61,2.13,-14.03,-4.41,-21.68,0.27,-10.09,3.39
19.08,25.19,9.1,-4.44,-8.66,-12.29,-6.44,-10.25,-6.21,-8.05,-2.71,-5.75,-3.46
19.66,42.55,19.77,-21.82,-19.98,-30.88,1.34,-17.36,1.4,-19.9,5.33,-12.31,6.89
19.72,32.81,13.63,-13.19,-15.91,-22.2,-5.91,-18.47,-9.19,-17.56,-0.53,-9.29,-1.82
19.53,28.93,12.29,-5.36,-9.45,-13.99,-4.6,-10.87,-4.43,-6.82,5.4,0.99,3.29
19.65,29.74,11.66,-11.87,-14.73,-18.41,-2.84,-12.57,-3.78,-7.98,9.58,3.14,8.13
18.68,30.02,12.98,-6.05,-9.46,-13.89,-4.79,-12.56,-2.34,-0.52,14.76,8.02,8.7
18.77,29.81,12.47,-4.94,-4.85,-7.3,0.27,-12.97,-11.15,-15.21,-1.01,-2.48,3.17
19.01,43.22,25.03,-18.1,-17.91,-21.82,13.81,-6.4,7.38,-11.62,17.66,0.87,12.18
18.44,28.85,9.32,-11.77,-10.3,-9.5,2.56,-13.21,-13.72,-21.55,-4.69,-5.45,2.86
18.39,43.42,17.52,-19.61,-4.42,-2.04,23.5,-11.58,-2.18,-18.07,16.71,-0.22,16.4
18.26,39.38,19.39,-17.06,-16.98,-17.62,11.12,-11.52,-8.59,-24.9,6.69,0.56,13.48
18.76,43.77,21.36,-13.26,-2.32,0.2,22.26,-13.39,-9.84,-26.0,6.34,-6.39,9.6
18.47,59.77,21.12,-29.73,9.88,-15.59,33.13,-20.94,0.16,-24.19,14.98,-17.9,11.39
17.32,36.15,13.66,-18.47,-5.48,1.99,24.83,-9.5,-9.55,-22.18,13.65,5.91,16.79
18.05,32.26,11.63,-8.09,4.54,5.01,12.43,-15.12,-13.2,-18.23,4.58,-0.97,6.24
18.06,27.22,8.84,-3.16,1.02,0.19,-1.19,-20.29,-18.43,-12.57,7.79,5.36,3.06
17.92,29.68,11.14,-12.55,-11.68,-8.41,7.78,-13.31,-21.03,-34.22,-12.4,-10.55,-0.73
17.51,52.1,23.74,-20.92,-0.76,-1.78,21.41,-33.57,-15.13,-28.0,20.29,-4.48,13.13
18.09,44.28,19.98,-26.43,-16.48,-13.39,18.1,-24.65,-20.82,-41.07,1.13,-13.92,4.04
18.0,35.93,15.72,-8.6,-0.1,0.07,20.35,-0.19,-0.76,-21.11,-5.85,-12.4,2.54
17.66,28.2,12.01,-2.55,-3.51,-3.73,4.98,-3.46,-4.41,-12.1,-5.94,-7.02,1.08
17.76,34.44,15.93,-10.21,-8.46,-7.37,12.29,-6.45,-7.27,-21.13,0.64,-0.28,12.95
17.22,39.57,14.68,-12.76,5.28,-0.15,18.01,-14.55,-8.69,-22.41,5.32,-3.71,8.9
16.78,34.67,20.32,-10.27,-15.44,-14.79,8.97,-5.44,-4.96,-16.81,6.4,1.24,4.59
16.9,34.76,16.32,-9.37,-7.75,-5.76,12.46,-5.05,-4.85,-18.08,1.7,-1.58,10.71
17.3,47.04,24.86,-20.89,-9.19,-5.62,27.28,-12.72,-3.28,-23.01,17.88,2.13,22.38
17.14,39.89,17.3,-19.37,-13.55,-14.88,10.49,-18.9,-16.46,-35.44,-5.0,-13.07,4.25
17.27,31.33,15.26,-7.13,-10.62,-12.43,2.68,-8.17,-5.94,-12.66,5.73,5.19,11.48
16.64,60.14,37.33,-39.96,-18.3,-0.31,55.99,-33.03,-23.32,-2.22,52.75,-6.89,4.5
17.95,35.69,12.64,-15.57,-15.51,-20.66,-5.5,-20.71,-8.85,-17.6,4.12,-5.2,8.59
18.55,25.83,6.74,-15.83,-19.26,-23.21,-6.2,-8.67,5.61,3.16,17.14,9.56,13.49
18.52,51.5,22.87,-24.19,-2.42,-17.65,26.25,-6.69,18.8,-3.66,32.28,1.54,13.06
19.0,30.79,16.26,-7.12,-11.94,-20.4,-1.09,-4.01,14.37,7.82,18.27,-1.92,-2.25
19.07,30.74,11.59,-12.48,-13.22,-16.09,7.26,6.21,22.36,10.34,15.58,-4.06,1.71
18.91,45.23,17.5,-24.77,-8.79,-26.36,17.21,-1.92,25.44,-4.28,15.89,-13.96,7.22
18.6,32.92,15.4,-13.96,-16.16,-17.57,9.47,2.12,12.94,-1.13,12.7,-2.85,3.58
18.03,47.17,27.58,-24.02,-21.08,-19.98,26.34,-6.63,6.17,-20.09,18.26,-15.2,-1.52
17.92,27.35,8.86,-7.6,-8.06,-5.6,8.81,4.98,8.59,-0.35,3.64,-3.93,2.53
18.36,30.86,12.64,-11.37,-13.76,-17.71,0.38,-6.61,2.2,-8.69,0.86,-9.81,-2.7
18.56,29.95,11.58,-9.87,-13.64,-16.08,0.16,-4.69,-0.4,-13.73,-8.41,-16.74,-8.3
18.02,54.56,21.1,-33.08,-5.75,-14.04,28.09,-18.11,6.23,-19.08,19.95,-13.18,12.67
18.46,43.36,17.98,-21.73,-14.7,-18.65,12.61,-10.87,-0.01,-26.55,-2.61,-20.94,2.52
18.48,28.94,11.28,-10.48,-15.86,-18.91,-3.29,-9.21,-5.96,-17.96,-10.88,-15.16,-5.42
17.78,28.58,11.54,-10.84,-13.65,-11.0,10.33,3.11,0.3,-16.64,-7.64,-9.35,2.81
18.23,33.88,17.13,-7.87,-10.4,-12.26,9.42,0.06,4.78,-11.29,-2.61,-13.21,-2.91
18.51,45.54,20.43,-19.77,-8.71,-14.56,16.41,-13.4,1.23,-23.81,2.2,-19.57,2.46
18.44,26.49,8.95,-11.14,-14.38,-14.18,2.56,-5.46,-9.04,-24.96,-15.22,-11.52,4.69
18.76,30.94,10.51,-10.65,-6.78,-5.59,10.27,-3.18,0.54,-13.88,-4.67,-18.21,-7.83
19.22,34.45,11.35,-21.62,-15.89,-19.25,9.07,-5.06,9.71,-8.18,6.56,-13.11,-0.41
18.87,40.88,15.42,-27.73,-20.3,-26.34,9.44,-11.24,6.46,-16.8,10.68,-13.1,4.46
18.49,42.32,18.62,-27.39,-22.42,-22.87,15.5,-12.0,-1.46,-28.13,2.65,-16.75,3.07
18.36,32.74,11.74,-15.53,-14.05,-15.18,6.41,-4.92,4.89,-9.26,3.87,-12.92,-5.29
18.56,54.68,21.77,-41.03,-14.18,-17.54,38.32,-8.26,22.13,-8.03,28.76,-9.79,15.26
18.42,27.37,6.54,-17.89,-19.99,-24.8,-6.93,-13.87,-1.47,-10.3,2.89,-10.92,-5.65
18.46,57.61,14.0,-43.22,0.8,-31.19,29.63,-21.69,8.34,-27.26,4.54,-20.79,9.46
18.41,19.86,-0.81,-18.67,-21.73,-20.59,-6.89,-10.8,-11.73,-24.37,-20.66,-20.48,-7.12
18.84,37.15,16.93,-24.77,-24.08,-22.29,17.3,-0.45,7.53,-17.91,9.72,-6.6,6.0
18.45,42.19,16.04,-25.83,-17.78,-20.75,15.72,-9.06,7.51,-19.9,10.8,-13.35,5.34
18.5,44.51,21.09,-24.48,-18.06,-28.66,9.6,-14.92,5.94,-19.77,11.19,-11.37,8.19
18.26,30.92,11.95,-15.86,-20.31,-23.47,-0.91,-8.42,-2.37,-18.05,-3.46,-9.23,3.15
18.44,32.8,14.17,-9.02,-7.84,-11.66,5.11,-6.52,0.69,-9.77,4.75,-1.41,8.07
18.94,27.09,8.38,-12.44,-17.69,-22.42,-8.46,-10.56,0.87,-4.14,5.33,-3.34,2.34
18.43,45.03,20.53,-23.29,-17.16,-22.63,8.7,-18.57,-3.45,-23.06,5.27,-13.41,6.7
18.67,27.08,8.01,-6.58,-8.5,-7.88,1.25,-2.01,2.46,-0.44,5.31,1.61,5.88
18.76,29.24,11.82,-9.28,-13.76,-17.73,-3.94,-11.45,-7.39,-15.11,-0.96,-0.44,9.57
18.49,24.86,8.6,-2.71,-6.87,-8.82,-5.06,-9.74,-9.55,-10.69,-2.99,0.41,5.77
18.7,36.19,15.77,-20.9,-21.89,-24.89,3.51,-17.07,-12.03,-29.32,1.17,-2.45,14.49
18.99,34.22,14.69,-14.01,-17.2,-22.54,-2.01,-12.73,-2.04,-13.32,8.3,2.43,15.12
18.59,31.02,15.69,-9.41,-16.65,-17.62,3.85,-5.64,-6.17,-17.9,4.16,8.4,18.88
18.99,37.59,14.3,-17.31,-12.26,-16.49,6.8,-15.49,-2.98,-16.72,18.54,14.19,33.92
19.36,35.18,16.52,-16.04,-14.48,-16.69,10.13,-10.06,-5.39,-22.95,11.12,13.18,31.08
18.86,30.99,12.54,-13.61,-8.91,-6.73,17.02,-3.22,-4.95,-25.67,-1.9,-1.31,18.57
19.02,33.66,12.72,-21.98,-15.67,-17.32,10.07,-17.45,-13.5,-32.98,5.37,6.98,28.54
19.33,42.89,15.16,-28.62,-12.64,-22.72,12.59,-22.94,-7.12,-31.23,14.12,6.26,33.22
19.23,40.39,14.49,-21.28,-4.52,-15.78,13.38,-18.3,-5.12,-23.08,15.3,7.49,24.39
19.48,27.56,8.33,-13.56,-16.07,-21.34,-8.43,-18.22,-7.79,-11.07,9.43,6.67,14.29
19.53,30.5,12.01,-13.61,-15.51,-20.43,-2.01,-12.82,-3.79,-11.62,9.55,7.48,18.71
18.88,26.89,10.86,-19.04,-29.64,-37.68,-14.24,-22.34,-19.99,-38.03,-16.96,-10.55,9.19
18.19,28.19,9.88,-12.12,-14.55,-17.57,-4.87,-17.0,-13.74,-19.05,1.54,4.17,13.58
18.41,41.56,17.62,-21.62,-11.96,-15.41,14.75,-14.58,-2.9,-21.99,13.88,2.68,25.71
18.89,38.48,15.21,-28.29,-18.22,-17.99,17.29,-17.12,-9.14,-33.99,6.82,-2.27,22.29
18.52,26.44,6.74,-16.43,-16.48,-15.38,2.49,-9.56,-9.27,-19.58,2.12,7.71,22.19
18.03,52.86,16.83,-40.03,-7.13,-23.6,27.22,-33.25,-16.93,-40.79,14.06,-7.32,22.52
17.64,32.82,7.66,-21.34,-8.62,-9.17,9.95,-16.87,-9.04,-19.53,8.64,-1.52,6.32
17.94,37.62,12.85,-23.44,-8.49,-3.85,22.87,-11.53,-2.6,-17.17,16.95,1.92,14.38
18.16,30.34,10.26,-19.02,-16.22,-13.27,6.54,-17.01,-18.2,-26.14,3.37,-1.37,3.33
17.5,34.78,15.45,-12.47,-8.08,-4.8,15.42,-6.33,-5.61,-17.47,8.17,5.12,15.4
17.84,26.47,5.72,-14.01,-3.44,1.36,13.24,-11.84,-11.32,-14.46,14.94,12.71,17.84
18.06,34.65,8.95,-24.66,-2.58,3.34,22.61,-21.23,-13.66,-19.62,23.11,7.71,15.83
18.09,35.19,11.45,-14.55,-0.78,0.33,17.32,-14.02,-6.59,-16.81,18.54,11.55,24.69
17.65,19.89,-0.56,-14.19,-1.58,0.74,4.66,-19.41,-18.0,-17.26,5.36,2.78,5.67
18.06,22.17,0.57,-14.74,-8.4,-6.72,-3.58,-24.53,-22.32,-18.42,4.85,1.37,0.56
18.76,44.25,14.78,-27.98,-2.86,-5.28,19.21,-28.29,-12.98,-30.08,14.52,-3.95,16.88
18.87,35.26,15.86,-22.64,-13.48,-3.67,20.71,-19.73,-22.85,-29.18,10.69,1.56,12.29
17.91,37.22,12.47,-23.08,-3.36,-1.63,14.45,-35.71,-31.03,-39.97,8.75,-2.59,11.1
17.73,27.14,7.79,-10.32,-3.01,-0.19,8.38,-13.54,-13.31,-15.58,8.94,6.67,11.12
17.75,34.94,14.58,-12.91,-1.61,3.63,20.55,-13.89,-15.53,-25.15,7.98,-0.46,5.61
17.25,22.63,1.48,-9.73,2.19,5.76,6.15,-18.53,-17.67,-15.15,6.15,1.64,4.02
17.94,51.83,14.37,-29.09,20.02,1.0,38.43,-23.26,-3.84,-25.79,19.6,-0.02,19.78
17.03,32.07,13.14,-21.62,-5.6,7.63,30.7,-14.5,-19.58,-26.15,11.8,-5.76,-2.44
17.06,26.28,4.16,-14.96,4.06,8.01,16.68,-17.13,-14.82,-17.98,10.45,0.09,3.73
16.7,21.35,1.5,-10.38,6.28,13.09,19.03,-9.77,-10.36,-10.92,15.26,7.08,5.75
17.64,27.28,5.36,-15.67,5.27,11.68,23.18,-13.14,-9.42,-12.86,18.95,6.42,9.65
17.27,21.46,2.11,-13.04,4.66,13.5,25.54,-4.82,-9.14,-16.17,10.39,3.14,3.84
18.19,31.6,0.06,-35.87,11.58,16.64,37.75,-31.29,-17.62,-29.91,28.49,3.63,21.08
17.83,32.93,-0.05,-34.02,6.63,10.69,35.12,-24.63,-8.0,-20.81,34.06,4.26,12.73
17.99,8.68,-14.7,-24.63,3.87,11.81,15.65,-21.17,-20.02,-18.4,13.15,8.48,13.95
18.57,24.22,-2.73,-26.98,12.54,22.04,37.69,-22.43,-16.56,-26.8,24.83,7.47,23.2
17.53,22.8,1.57,-16.53,9.5,16.31,28.61,-10.4,-9.9,-18.67,15.07,7.02,14.99
16.8,37.13,1.39,-28.26,11.61,5.14,26.07,-25.37,-8.86,-24.88,16.14,-3.72,12.64
17.25,28.97,3.04,-23.17,10.74,15.09,28.46,-23.1,-14.66,-22.51,20.69,2.71,12.02
16.27,30.89,4.58,-20.16,8.32,15.77,30.15,-16.56,-13.45,-28.87,9.64,-3.75,13.53
16.96,34.08,8.19,-22.09,11.1,15.94,33.65,-18.71,-8.07,-18.62,23.06,-0.64,8.8
16.58,29.38,2.66,-26.39,-5.38,1.2,18.06,-21.46,-19.41,-31.42,2.11,-13.32,-4.74
15.82,26.68,3.91,-16.17,3.03,10.15,23.77,-4.62,-3.66,-12.68,8.64,-2.05,5.32
16.25,41.38,9.68,-43.05,-2.96,7.36,42.02,-7.17,8.95,-6.89,34.99,6.96,27.14
16.74,31.06,10.89,-12.5,0.45,8.55,26.83,-1.69,-4.95,-18.37,6.53,-0.88,7.21
16.69,32.89,14.31,-8.3,1.57,11.14,31.62,9.24,4.73,-10.24,8.34,-2.02,0.94
16.75,23.28,7.41,-1.63,4.58,11.02,19.74,8.49,3.15,-4.54,1.97,0.52,3.46
16.52,37.03,18.66,-11.28,5.18,13.89,33.75,-1.54,-3.13,-15.37,14.25,3.8,10.8
15.6,33.19,10.97,-14.7,-2.33,-0.33,16.12,-9.16,-7.14,-18.3,2.86,-7.29,1.77
15.39,40.02,12.82,-24.39,-4.89,2.05,26.32,-14.65,-5.0,-17.15,23.58,3.86,18.25
16.51,36.19,13.83,-18.73,-3.66,3.14,25.55,-14.26,-14.6,-28.6,6.27,-5.88,6.53
17.14,48.79,17.58,-19.89,13.58,8.47,40.19,-5.14,7.33,-22.14,7.11,-17.07,5.05
16.92,33.92,14.61,-10.32,-0.16,6.26,22.68,-6.4,-9.95,-21.24,4.09,-3.63,3.48
16.25,43.84,9.48,-26.07,16.61,14.46,48.12,-3.31,7.96,-18.6,12.37,-16.93,2.28
15.72,47.65,27.03,-24.58,-11.5,4.89,43.73,-12.32,-15.36,-26.81,21.91,-2.62,9.57
16.59,36.21,16.92,-8.69,0.49,5.34,22.35,-7.14,-9.46,-20.6,6.09,-2.22,3.2
15.67,31.53,8.35,-17.12,0.03,1.16,14.14,-21.12,-18.01,-24.39,10.14,3.25,11.32
16.65,38.55,13.97,-18.3,9.4,12.25,33.79,-8.47,-3.15,-16.21,21.64,9.73,23.13
16.99,44.5,19.92,-25.17,-4.34,12.52,44.08,-1.88,7.03,-4.76,32.91,1.68,13.01
16.67,31.56,14.27,-5.29,-0.23,5.77,22.08,5.06,0.49,-12.34,1.96,-4.49,-0.08
17.26,34.78,9.59,-21.81,0.03,9.21,33.14,-4.52,0.64,-15.29,16.13,-2.04,11.4
15.99,36.4,9.8,-16.43,-1.75,1.78,15.36,-14.88,-7.05,-15.58,14.27,-3.72,4.75
15.86,33.25,9.95,-19.33,-8.1,-2.69,17.58,-10.05,-4.74,-12.56,16.64,5.14,10.65
16.79,45.38,12.13,-29.75,7.21,1.93,33.12,-11.85,3.5,-15.98,24.4,-1.94,14.14
16.34,34.28,8.17,-19.49,3.16,3.81,16.7,-19.88,-11.49,-20.89,9.71,-3.37,8.25
16.57,24.35,3.5,-14.0,-6.05,0.7,12.28,-8.83,-13.7,-22.2,-4.82,-9.44,-4.15
17.09,45.7,24.19,-21.75,-14.72,-5.77,28.54,-9.84,-2.36,-15.27,24.62,-1.29,4.2
16.96,28.45,11.12,-6.91,-7.51,-9.85,0.51,-10.0,-3.48,-5.67,11.08,7.82,11.17
16.76,45.59,15.47,-26.74,-2.36,-4.43,26.83,-9.6,5.4,-14.08,21.74,1.88,20.17
16.92,41.45,16.85,-19.64,-7.85,-6.2,21.31,-7.22,2.38,-14.0,14.56,-1.75,8.37
16.88,35.02,9.72,-19.21,-3.35,0.49,21.67,-2.4,7.82,-5.72,14.84,-5.67,-1.26
17.49,39.03,6.63,-31.55,-4.69,-7.82,27.15,-1.79,16.9,-4.35,24.23,-0.11,12.08
17.79,29.32,6.89,-21.63,-11.53,-3.44,26.61,10.31,15.23,-5.24,10.12,-7.61,-3.78
17.89,39.73,14.42,-28.25,-9.44,2.16,39.11,1.64,9.1,-12.57,18.32,-9.45,1.7
17.97,46.99,11.27,-31.13,1.67,-15.99,29.48,-4.89,20.43,-5.82,23.55,-4.33,7.16
17.45,25.34,4.48,-16.96,-13.07,-8.55,10.3,0.39,5.46,-3.33,9.55,-2.91,-3.12
17.05,50.89,14.04,-30.22,8.59,-10.97,27.66,-15.2,6.97,-16.38,15.94,-8.93,10.97
16.77,33.08,10.7,-17.0,-2.4,6.58,29.43,0.91,4.11,-6.22,23.1,7.95,11.0
16.32,30.18,11.44,-9.04,-0.53,3.41,17.69,-2.76,-0.08,-4.31,18.05,9.3,6.56
16.63,29.79,8.18,-15.05,-10.46,-7.05,9.55,-4.74,1.23,-4.44,12.78,2.08,4.42
17.03,34.76,17.74,-6.71,-5.44,-2.47,18.39,3.67,2.46,-13.05,2.87,-4.28,0.65
16.37,47.63,23.12,-21.94,-4.91,4.58,34.73,-7.6,1.78,-20.08,21.22,-10.02,1.89
16.27,31.12,13.37,-11.64,-8.71,0.67,27.01,11.23,7.74,-8.65,9.63,2.15,5.83
16.32,27.51,9.42,-6.15,-1.25,5.7,17.73,3.65,-1.9,-10.77,1.09,-0.63,3.07
15.96,26.69,10.34,-7.84,-6.34,-1.26,18.04,8.74,2.98,-14.3,-2.83,0.92,13.15
16.33,41.68,15.73,-22.39,3.71,12.28,36.55,-10.68,-5.38,-22.74,15.17,-9.28,4.5
15.93,39.29,13.46,-23.47,-6.35,1.13,36.72,10.67,20.41,-6.98,15.18,-5.23,10.67
16.69,30.33,13.3,-8.25,-2.51,5.13,26.29,7.81,3.33,-14.02,2.95,2.38,15.82
16.19,22.18,8.24,2.26,5.6,6.45,7.32,-3.59,-4.46,-2.17,10.25,13.56,13.95
15.45,38.46,16.82,-17.53,-3.94,3.88,29.06,-6.56,-7.02,-23.63,7.79,-5.81,6.98
15.67,26.72,8.41,-11.53,-8.88,-2.63,12.36,-4.05,-9.23,-17.71,1.83,2.26,9.84
16.15,47.29,21.5,-30.77,2.75,11.86,37.01,-20.75,-13.74,-34.23,7.45,-15.62,8.21
16.82,42.22,21.81,-20.32,-7.9,6.62,33.06,-17.51,-21.87,-29.87,18.85,-5.3,1.13
16.7,30.52,13.14,-4.64,2.5,6.67,18.57,-3.71,-10.53,-23.19,-4.54,-6.41,1.69
16.59,30.91,11.41,-7.4,3.24,9.96,25.52,6.36,5.3,-6.61,5.8,-4.43,-0.48
16.38,29.98,7.16,-11.32,1.77,9.25,22.6,1.02,1.71,-8.93,4.68,-9.39,-4.49
16.38,31.73,13.08,-13.6,-10.54,-1.81,23.23,5.55,2.62,-10.77,11.77,5.3,9.84
17.27,34.2,15.55,-11.8,-6.67,-0.8,21.97,1.23,-1.07,-19.59,-3.54,-13.45,-4.81
16.24,30.03,12.66,-6.98,-2.79,2.71,18.01,-0.27,-4.2,-13.65,5.12,-1.21,0.14
16.56,38.5,15.22,-14.47,-5.72,-5.93,19.06,-2.64,9.09,-7.36,12.03,-10.51,-1.91
17.31,33.12,13.56,-13.51,-11.88,-11.59,8.72,-5.33,0.29,-11.15,8.35,-0.4,6.43
16.87,44.36,22.26,-20.62,-9.43,-2.98,29.25,-4.54,4.75,-12.94,18.06,-4.31,5.63
16.93,51.44,21.7,-31.58,-8.67,-9.42,30.18,-13.31,5.24,-19.53,19.64,-6.69,12.13
17.01,38.79,20.26,-10.6,-9.22,-7.49,20.74,6.29,8.42,-12.57,7.51,-1.16,11.48
16.68,39.6,13.66,-23.62,-11.7,-12.41,10.03,-18.46,-8.14,-22.06,8.28,-8.65,3.59
16.63,33.43,14.35,-15.04,-6.16,3.64,28.68,1.35,0.04,-14.44,8.7,-6.64,-1.79
16.83,36.05,11.84,-19.17,-6.99,-3.93,19.05,-4.88,2.05,-12.41,10.51,-2.72,7.98
16.7,31.13,14.22,-4.64,0.95,5.33,18.0,-3.82,-10.94,-21.71,-1.48,-1.16,8.87
15.72,24.69,5.12,-14.04,-14.21,-12.22,2.62,-5.86,-4.41,-10.91,3.7,7.73,19.19
15.95,33.21,12.38,-13.67,-4.06,4.23,27.22,3.54,-0.15,-18.75,2.67,-5.13,4.09
16.22,33.18,8.61,-20.03,-6.45,-2.48,16.46,-13.56,-10.95,-24.94,-0.89,-9.65,4.0
15.58,38.44,12.27,-24.8,-7.46,1.02,30.74,-10.34,-7.87,-28.54,6.57,-7.28,8.57
15.76,34.23,9.04,-20.39,-3.81,-0.46,20.9,-7.89,-4.6,-21.15,2.09,-8.06,8.2
15.9,38.77,13.55,-17.59,-2.22,4.69,27.65,-1.06,-0.33,-23.2,-0.08,-16.66,2.46
15.29,39.32,15.76,-22.28,-8.74,-2.04,28.35,-6.32,-4.73,-28.56,5.49,-4.1,14.58
16.04,44.41,16.17,-22.59,1.08,-3.38,27.29,-8.74,-0.78,-20.06,11.83,-2.55,13.41
16.7,22.52,4.61,-6.25,2.0,6.83,14.47,1.94,3.11,0.88,12.28,8.86,9.69
16.61,30.03,9.61,-9.61,-1.71,3.06,16.71,-1.39,-1.33,-10.07,9.15,6.55,14.97
16.07,49.74,13.14,-29.23,9.25,-17.96,34.84,3.88,23.78,-12.85,1.34,-20.86,3.13
16.39,33.7,11.84,-18.57,-10.18,-1.75,23.33,1.68,2.43,-12.32,8.47,-4.73,4.41
16.13,37.36,10.79,-22.61,1.25,9.12,32.76,-7.35,-2.84,-18.79,12.09,-5.24,9.45
15.77,29.67,6.46,-16.52,-5.71,2.78,21.0,-0.34,1.21,-10.78,8.17,-3.42,5.0
15.95,34.71,11.75,-16.35,-5.23,-3.15,20.89,2.89,7.4,-11.78,-1.63,-17.46,-7.52
16.02,26.49,5.75,-17.82,-12.67,-7.11,9.69,-10.4,-14.0,-26.27,-9.56,-19.13,-14.92
15.39,42.2,17.5,-21.18,-1.24,6.39,32.07,-10.31,-7.12,-26.55,8.71,-8.81,6.42
15.77,32.43,12.45,-10.47,-2.63,3.4,21.56,2.14,1.41,-11.12,7.77,-1.97,4.3
16.13,45.8,14.56,-28.15,1.37,3.83,39.26,0.13,13.88,-8.79,23.61,-2.74,18.18
15.92,50.56,22.08,-23.7,-1.86,-1.67,32.78,0.62,12.92,-15.73,13.21,-12.76,15.51
15.85,31.97,14.1,-9.8,-6.28,-1.16,23.05,9.45,6.28,-16.68,-7.08,-11.52,4.73
15.6,25.51,6.8,-8.95,-4.12,1.51,15.95,4.46,0.33,-12.76,-4.6,-5.42,6.41
16.25,30.78,11.24,-12.73,-9.5,-4.95,14.11,-0.68,0.79,-9.14,5.92,-1.45,4.61
15.95,45.45,8.53,-34.16,-4.95,-9.52,23.83,-15.55,6.25,-19.07,11.51,-11.65,15.24
15.88,34.06,11.06,-20.21,-8.89,-1.57,19.5,-10.48,-10.7,-23.32,6.32,-3.86,8.34
16.36,23.0,3.61,-10.44,-1.6,7.29,20.41,5.32,4.72,1.87,20.4,17.28,17.38
16.7,40.7,14.16,-25.2,-2.14,9.54,38.78,-3.47,6.8,-7.89,30.87,9.83,21.63
16.01,30.95,10.07,-5.82,5.24,12.05,20.12,-4.31,-5.53,-10.03,9.24,1.27,4.63
16.49,26.0,10.98,-0.41,1.79,5.87,13.41,1.15,-3.66,-6.42,6.52,8.33,11.92
17.34,23.46,10.8,4.97,7.68,10.35,15.15,6.63,2.77,-2.21,2.8,2.29,5.03
17.43,41.81,15.52,-19.17,3.75,10.08,38.76,1.57,10.88,-5.74,22.73,-2.36,6.67
16.36,35.39,17.94,-7.03,-6.44,-3.97,18.68,5.98,6.44,-12.13,0.88,-6.34,2.34
16.57,43.72,21.22,-19.9,-8.26,-0.84,33.23,-0.92,4.48,-14.84,16.67,-5.65,0.46
17.54,30.06,13.73,-1.63,-2.31,1.25,13.73,6.42,3.24,-6.81,-1.75,-4.99,-1.56
17.45,42.32,16.73,-18.53,0.7,3.88,35.89,4.17,15.42,-9.71,8.89,-18.89,-10.91
18.06,25.65,9.34,-7.0,-9.2,-6.27,12.32,12.8,15.37,2.19,0.8,-10.2,-8.84
18.15,28.51,11.86,-8.17,-9.9,-10.81,7.34,2.59,7.81,-4.11,2.46,-7.3,-3.5
18.25,37.54,13.85,-23.51,-13.66,-10.89,18.92,-5.18,11.53,-1.17,25.5,-5.25,-2.07
17.45,35.4,17.86,-12.99,-13.69,-10.74,20.9,9.15,10.91,-13.91,-0.71,-12.57,-1.45
18.17,30.95,14.01,-3.65,-0.48,3.93,19.21,5.17,-0.14,-15.96,-5.54,-6.24,5.81
18.52,44.51,23.73,-7.51,4.93,5.35,30.21,-1.02,0.07,-22.07,-1.7,-16.93,-2.0
18.04,38.02,21.07,-4.41,-0.13,4.41,29.73,11.15,9.31,-12.68,-0.42,-14.64,-6.88
17.9,34.56,16.41,-4.46,2.51,6.75,27.34,14.06,12.98,-9.58,-3.99,-14.21,-3.14
17.67,51.71,23.36,-25.05,-2.13,-2.98,44.83,-3.15,5.3,-31.61,-1.54,-23.63,10.05
17.44,33.81,19.37,-0.14,-3.0,-2.23,13.69,3.73,1.22,-11.28,0.1,-3.57,1.9
17.6,45.49,19.08,-19.18,-0.15,-1.0,32.67,3.5,13.15,-12.15,13.47,-10.76,4.87
18.29,28.41,12.73,0.23,3.26,3.81,10.37,-2.33,-4.29,-11.07,-2.83,-6.6,-4.69
18.23,40.6,19.8,-12.81,-1.62,4.01,26.32,-4.18,-2.03,-16.94,8.87,-8.28,-1.54
17.89,38.42,14.44,-11.17,6.01,6.69,21.58,-6.83,0.09,-15.28,0.78,-18.68,-11.06
17.83,31.04,12.55,-3.08,4.4,8.38,17.73,-1.66,-3.46,-12.74,-0.42,-10.39,-7.83
18.14,28.56,14.11,1.21,1.62,5.01,16.97,8.93,3.76,-9.73,-8.57,-14.8,-10.44
18.48,28.89,13.43,0.46,5.33,10.76,22.43,8.69,2.11,-10.72,-3.3,-6.7,-0.91
17.01,27.2,10.48,-5.9,-7.57,-6.89,7.2,0.65,-1.27,-15.26,-12.92,-18.08,-11.18
16.82,36.3,18.3,-8.28,-2.71,5.25,30.37,13.06,8.95,-13.5,1.65,-9.66,-3.08
16.7,32.73,11.57,-12.79,-5.83,-1.87,16.15,-2.26,-0.56,-13.0,0.73,-9.59,-1.94
16.98,36.14,16.58,-10.52,-5.92,-0.41,24.78,10.37,11.58,-6.75,6.23,-6.84,1.56
16.69,20.3,4.13,-3.4,3.01,8.66,15.42,5.62,0.64,-7.48,-5.86,-9.53,-6.15
17.91,36.99,23.6,-4.74,-5.6,-2.3,24.1,6.3,-0.77,-21.12,-1.0,-4.9,2.53
17.83,31.33,16.21,0.81,4.8,10.64,26.39,14.92,8.73,-10.59,-7.32,-13.07,-5.06
17.53,46.49,14.4,-23.67,10.82,9.13,47.49,2.04,12.73,-16.53,16.08,-8.62,8.03
18.19,31.65,14.57,-3.9,3.81,11.97,29.88,10.89,3.09,-15.26,-7.88,-19.13,-13.81
18.36,26.01,11.62,2.82,-0.23,-0.09,3.65,-0.15,-2.8,-7.77,-9.49,-14.0,-15.33
18.24,26.9,14.19,3.24,1.3,3.12,10.81,-0.41,-9.74,-19.05,-9.16,-3.78,0.87
19.02,26.5,11.8,2.55,7.12,10.49,14.45,-2.74,-12.47,-21.96,-15.58,-17.24,-12.92
18.87,29.36,15.47,-0.37,0.75,5.53,24.06,12.94,0.62,-25.67,-22.37,-20.35,-4.78
18.14,28.93,10.06,-14.69,-3.3,7.7,30.65,4.89,-1.13,-19.34,-0.67,-13.13,-8.69
17.84,32.8,7.41,-24.06,-2.94,5.64,31.04,-2.63,3.54,-14.74,11.67,-8.12,0.38
17.96,29.74,7.07,-18.46,-5.77,3.68,27.47,4.27,2.93,-16.54,1.34,-8.84,2.92
18.25,42.68,17.42,-21.13,-3.01,1.46,32.57,0.73,11.06,-11.74,14.85,-10.31,1.15
18.0,33.26,14.13,-10.0,-4.78,-1.58,17.65,-0.9,-0.12,-12.81,7.51,0.61,6.44
17.41,28.62,11.17,-11.4,-8.15,-2.31,18.65,1.18,-4.13,-19.89,0.72,1.91,12.85
17.51,28.98,9.98,-7.84,-0.87,4.75,17.43,-3.06,-7.37,-15.68,5.18,7.34,16.39
17.99,27.15,8.28,-10.77,-1.44,4.1,18.97,-4.39,-12.62,-29.8,-12.08,-10.23,4.19
17.83,48.92,17.9,-24.34,-4.06,-3.4,28.6,-10.33,1.75,-27.84,9.45,-15.09,14.58
17.41,26.24,9.05,-7.1,-5.05,-0.96,11.29,-1.64,-5.36,-13.73,-1.21,-2.49,1.44
17.37,32.41,11.24,-13.25,-3.58,2.74,21.38,-4.04,-4.96,-17.13,6.14,-2.64,4.62
17.06,35.83,14.52,-14.26,-8.25,-6.13,15.57,-4.91,0.8,-11.98,8.63,-2.09,5.24
17.29,56.69,22.18,-42.2,-4.58,-2.8,45.73,-20.64,-0.03,-11.84,35.75,-6.8,13.49
16.66,51.37,21.83,-30.92,-2.77,4.14,37.8,-12.4,-1.78,-21.79,20.54,-11.99,10.29
17.6,24.81,5.01,-14.18,-9.9,-6.17,5.4,-15.04,-22.09,-34.9,-20.8,-23.98,-17.61
17.07,39.1,17.54,-14.97,0.48,10.45,37.1,2.68,-0.53,-23.14,3.73,-10.1,4.16
16.31,23.86,5.09,-6.52,-0.13,7.28,18.31,7.86,4.07,-5.26,0.97,-2.86,0.72
16.65,26.6,8.82,-5.44,1.12,7.49,21.71,10.26,7.11,-6.04,-1.79,-8.11,-0.72
16.99,32.16,12.83,-8.87,-2.35,3.66,22.61,4.39,-0.78,-19.57,-6.23,-11.49,0.76
16.83,25.4,9.52,-6.17,-1.68,6.76,24.58,8.49,-5.77,-27.98,-20.17,-18.18,-5.15
17.02,52.2,10.39,-43.18,-0.95,-7.86,28.64,-37.0,-16.16,-42.6,-5.28,-34.53,-8.52
15.9,36.41,15.7,-17.84,-9.39,0.25,24.48,-10.25,-14.93,-28.73,2.88,-8.47,0.24
17.29,32.06,15.1,-5.37,-0.13,5.5,23.43,4.77,-3.46,-22.43,-8.53,-8.4,4.89
17.48,26.88,8.52,-8.74,-1.0,4.31,15.62,-5.62,-9.63,-17.28,-0.9,-7.18,-3.8
17.24,42.43,18.27,-21.27,-3.1,5.3,33.52,-7.84,-7.7,-28.06,3.65,-19.24,-5.79
16.99,41.91,11.83,-27.26,-4.96,-13.29,22.97,-5.18,8.44,-21.38,-3.07,-24.88,-7.81
17.04,37.37,15.78,-20.83,-12.2,-7.59,31.29,10.1,14.05,-16.78,3.25,-15.37,1.24
16.91,30.24,11.64,-13.48,-10.42,-5.24,20.27,8.76,9.32,-10.11,1.48,-7.97,2.56
17.13,39.28,12.44,-25.72,-9.94,-6.25,22.21,-10.54,-2.72,-24.51,1.06,-19.47,-2.41
