18.22,4.94,1.97,7.61,-6.69,2.28,-10.31,-8.34,-19.24,-9.1,-6.77,5.16,2.99
18.24,32.22,12.35,-4.24,10.56,16.6,29.35,3.79,4.06,-5.96,13.48,4.69,10.45
17.83,36.0,21.27,-2.17,3.14,6.53,22.25,-9.38,-15.61,-23.52,14.88,20.13,30.06
18.02,33.07,14.61,-2.31,2.71,4.04,12.23,-5.47,-4.95,-10.14,7.32,5.76,13.44
18.2,36.46,20.9,-5.63,-4.66,-1.09,18.97,-4.02,-8.86,-22.54,4.18,1.67,10.6
18.76,22.63,7.52,-4.13,-7.23,-7.68,-1.12,-7.76,-9.97,-12.02,0.32,6.68,10.97
19.23,28.56,14.42,-0.43,-4.16,-12.19,-8.07,-16.88,-7.86,-4.62,12.7,13.15,18.45
18.37,24.96,8.61,-5.71,-7.97,-7.35,3.5,-1.43,-0.08,-2.51,11.29,16.36,22.91
18.56,55.24,28.77,-23.21,-5.56,-6.47,34.52,-17.73,-1.69,-18.77,28.13,6.56,28.84
18.42,48.9,27.11,-24.63,-7.49,-2.33,30.48,-18.01,-11.06,-25.45,14.35,-9.0,7.11
18.47,50.11,27.4,-17.25,-3.65,-4.95,33.77,-9.54,-3.96,-23.87,20.45,8.74,23.14
18.57,37.93,22.61,-3.13,1.7,8.55,32.99,10.88,4.42,-14.47,5.17,0.27,9.34
18.23,22.99,11.54,8.16,8.03,6.21,4.6,-2.84,-5.37,-4.89,0.85,4.46,7.08
18.39,28.5,17.05,8.16,6.6,7.45,13.49,5.22,-2.17,-10.36,-1.48,9.21,20.48
18.26,24.39,14.75,12.33,12.47,12.29,12.6,4.15,-2.24,-4.63,3.58,11.39,13.87
18.7,33.75,20.51,-1.12,0.11,2.5,21.15,3.8,-0.2,-10.64,16.97,27.51,41.88
17.31,44.57,23.41,-10.73,-0.93,-3.01,18.84,-12.12,-1.87,-17.62,17.34,7.44,21.46
17.79,37.57,21.69,-0.87,1.45,1.53,15.59,-6.38,-7.09,-14.63,10.24,9.49,17.86
18.3,27.16,13.88,6.69,8.71,8.24,10.15,0.95,-0.21,-1.52,4.64,3.52,6.89
17.92,27.56,15.36,7.79,6.73,5.42,7.42,-2.05,-5.41,-7.91,0.46,4.99,11.81
18.1,30.05,16.36,5.02,4.41,4.73,12.23,3.94,1.52,-5.42,1.25,2.38,8.54
18.08,30.76,19.1,10.73,8.61,5.38,6.13,-4.47,-8.15,-11.73,-4.34,-1.32,5.59
18.81,38.19,24.17,3.19,5.91,6.48,22.48,1.68,-3.92,-21.8,-4.46,-1.46,17.89
17.99,29.89,15.92,3.88,0.9,-2.64,1.12,-8.99,-12.04,-16.0,-2.11,5.95,15.16
16.96,30.47,17.45,1.01,-5.75,-8.61,4.85,1.69,2.82,-9.54,-5.01,-3.21,11.19
18.48,42.18,25.82,-4.63,-2.67,-2.23,25.86,5.55,3.51,-20.93,0.03,-3.28,16.98
17.76,32.42,16.84,-1.01,-2.63,-3.3,10.61,3.52,4.98,-7.51,-4.06,-10.57,-1.88
18.23,51.01,31.71,-15.81,-0.86,0.6,32.24,-12.2,-8.22,-28.6,10.71,-4.82,11.55
18.15,43.02,24.0,-6.0,1.16,-0.55,25.53,2.08,7.11,-12.83,8.38,-0.21,19.89
17.96,32.12,19.0,3.28,4.39,6.67,21.34,8.44,0.66,-18.12,-9.49,-5.38,10.33
17.41,20.12,7.41,1.27,-4.55,-9.11,-10.07,-13.09,-12.85,-10.1,-2.17,7.19,16.03
17.94,34.35,21.75,6.34,2.47,-0.02,11.1,3.17,1.87,-7.37,2.88,5.54,14.32
18.0,35.89,20.67,2.81,8.67,9.8,21.08,-0.44,-5.12,-17.48,1.42,4.76,19.4
17.88,33.49,22.86,9.25,4.91,3.35,12.84,4.07,-3.3,-15.39,-6.37,-0.72,10.24
17.67,37.68,23.34,3.36,7.88,5.81,15.24,-9.95,-15.67,-25.46,-3.79,-1.24,14.82
17.49,34.05,17.48,5.95,17.95,22.99,30.67,6.05,-1.8,-14.83,0.36,-0.06,8.02
18.3,29.33,16.91,7.39,6.75,7.68,14.27,5.19,-1.26,-10.1,-3.5,0.15,7.54
18.18,26.44,15.45,11.08,9.45,9.06,10.32,5.39,-0.17,-5.27,-5.56,-3.06,0.59
18.25,55.82,30.21,-15.87,8.26,0.66,43.06,-1.13,12.4,-13.53,6.7,-11.32,19.34
18.25,39.63,25.67,-0.95,-1.0,1.32,24.44,10.45,8.01,-12.87,0.82,-2.59,9.1
17.89,44.61,24.46,-13.27,-1.76,-1.14,29.99,-0.22,4.21,-21.14,11.14,1.05,25.95
17.79,27.76,14.42,4.43,2.04,2.22,9.45,3.78,0.41,-7.63,-2.47,1.33,10.55
17.91,26.62,14.41,6.75,7.65,9.7,17.19,10.37,4.67,-4.36,0.49,3.96,10.29
18.16,28.27,16.17,6.75,0.87,-2.11,1.8,-1.18,-3.17,-6.67,-1.3,4.25,10.56
18.2,26.38,14.67,8.64,8.85,8.86,11.88,4.08,-1.45,-8.38,-3.69,1.04,9.55
17.97,26.57,15.44,8.99,4.78,1.13,2.02,-2.77,-3.58,-5.25,-0.29,2.69,6.85
17.73,35.4,21.7,4.03,0.21,-1.55,11.13,3.12,5.13,-2.61,7.09,2.49,6.52
17.91,45.18,27.55,-5.67,-3.88,-9.57,16.49,-6.93,-1.59,-21.48,6.4,-0.33,17.85
17.19,27.92,13.04,-2.01,-6.61,-8.05,4.68,2.39,2.65,-8.1,-4.43,-4.62,2.0
18.21,30.86,17.38,6.47,2.39,1.17,7.5,4.82,5.92,2.85,7.15,6.99,10.39
18.17,24.21,13.08,6.34,-0.97,-5.5,-2.12,-0.26,0.43,-2.65,-2.81,-0.11,5.52
17.85,36.68,20.52,-3.09,-0.57,-2.82,11.53,-6.95,-2.29,-9.56,14.11,13.44,26.55
18.03,33.69,20.39,2.14,-0.75,-4.4,7.1,-4.98,-3.55,-11.92,4.73,6.07,18.14
18.45,28.17,16.86,8.54,3.02,0.1,5.92,7.13,8.51,4.65,4.72,4.17,7.74
18.41,49.63,34.23,-6.46,-3.53,2.96,38.69,5.02,6.1,-13.52,20.5,4.95,18.69
17.46,42.41,27.56,-1.13,3.01,-0.41,21.47,-7.95,-6.6,-12.86,10.83,2.63,10.94
18.1,27.46,18.0,12.96,8.99,7.26,10.45,6.92,3.0,-1.09,2.22,8.31,15.09
18.14,30.26,19.23,9.68,6.68,5.49,12.25,5.89,1.74,-5.0,3.0,9.6,17.38
17.65,24.89,12.86,6.69,5.06,5.55,10.74,8.31,6.82,4.03,7.37,9.34,11.16
17.68,56.77,32.34,-15.98,3.6,3.98,40.66,-9.22,0.9,-18.91,22.7,-0.09,23.27
18.06,35.9,23.23,6.17,2.94,0.67,13.25,4.18,1.2,-14.75,-5.85,-4.06,9.08
18.19,37.43,21.05,-1.08,0.47,0.25,14.61,-3.43,-5.06,-20.41,-1.22,0.95,17.07
18.45,29.4,16.35,5.51,2.53,0.34,5.6,-1.89,-4.14,-9.89,-4.42,-3.35,3.03
18.6,44.11,28.74,-2.49,0.72,-1.18,22.11,-3.73,-4.92,-23.98,1.48,-1.76,16.22
18.46,38.04,23.86,2.39,1.4,-0.36,18.62,9.17,10.63,-7.42,3.48,2.05,19.25
18.5,28.98,19.46,12.52,7.02,1.33,1.94,-2.68,-3.51,-6.53,-3.54,-2.75,1.2
17.51,33.17,17.25,1.85,4.18,0.1,4.15,-12.8,-10.75,-12.7,3.3,-0.52,3.73
18.45,33.69,20.15,3.7,2.06,2.75,15.97,5.87,1.82,-11.8,-2.15,-0.41,11.57
18.28,36.29,22.17,3.69,2.72,1.84,16.56,5.06,4.35,-7.2,7.75,8.03,16.5
18.25,27.55,13.61,5.47,2.18,1.37,5.32,2.37,2.92,1.92,5.14,5.96,9.24
17.66,31.71,18.15,4.28,1.3,-2.13,3.96,-4.26,-0.7,-2.03,7.84,4.17,4.01
17.49,31.65,16.97,0.22,-4.58,-9.18,0.02,-7.71,-4.63,-11.15,-1.09,-0.3,11.43
17.44,32.4,17.82,-0.9,-4.68,-5.72,8.64,0.39,-0.3,-13.21,-2.41,2.21,17.19
18.36,32.2,17.92,2.94,0.79,-2.38,5.59,-3.88,-1.98,-8.1,4.57,6.8,18.16
18.15,27.55,15.0,5.37,0.54,-1.91,3.08,0.52,0.2,-6.07,-6.15,-7.25,-2.36
18.37,34.47,21.84,4.52,-0.09,-3.39,10.56,4.37,3.36,-9.75,0.23,2.83,17.93
17.46,42.28,23.69,-5.89,-0.97,-6.96,16.44,-3.13,4.99,-9.71,18.06,13.03,32.61
17.09,36.79,22.19,5.92,2.08,-2.91,6.0,-6.53,-2.5,-10.85,1.69,-0.05,13.94
18.02,40.82,27.13,3.31,0.68,-3.01,13.88,-1.24,2.81,-7.53,9.68,4.39,17.08
18.35,26.92,16.07,10.92,7.98,5.95,6.55,1.37,-2.0,-5.2,-1.78,3.56,10.6
18.2,29.55,19.92,12.78,8.35,5.81,10.31,5.72,-0.01,-10.53,-9.37,-4.18,6.99
18.36,24.64,12.52,4.92,-1.69,-6.41,-5.63,-8.62,-10.92,-14.28,-13.12,-10.26,-5.33
18.55,37.62,23.69,4.9,3.41,0.81,14.2,4.39,6.47,-4.6,7.19,3.92,12.13
18.21,47.79,31.68,-3.14,2.84,-1.97,24.26,-5.61,3.37,-13.91,14.76,9.08,27.59
17.27,33.49,21.89,4.6,-3.23,-11.81,-1.42,-4.89,4.34,0.15,12.7,10.76,17.56
17.82,32.34,21.44,7.14,2.53,-0.35,11.56,4.55,2.16,-10.45,-2.93,1.34,13.89
18.56,30.63,19.42,9.31,7.8,6.1,11.93,1.99,-3.89,-14.13,-5.52,0.85,13.94
18.26,27.17,17.64,12.18,8.44,2.99,2.29,-4.65,-6.51,-8.29,0.17,7.89,16.29
17.82,28.58,17.37,7.61,3.5,3.47,13.69,10.58,4.6,-9.25,-9.77,-4.54,9.66
18.52,25.04,9.56,-3.58,-11.02,-18.49,-17.02,-23.8,-21.56,-21.7,-12.46,-10.16,-3.44
18.63,32.15,20.5,5.13,-2.04,-10.8,-3.32,-10.25,-6.15,-10.68,2.71,6.13,17.4
18.82,48.16,29.05,3.08,9.2,-1.29,16.17,-10.97,3.38,-7.06,21.83,5.95,20.18
18.27,27.21,17.31,10.95,3.62,-3.14,-2.73,-2.49,0.36,-1.25,-2.57,-5.07,-2.75
18.5,30.32,18.93,7.95,2.51,-0.92,6.32,4.25,5.39,-0.85,1.65,0.58,5.08
17.62,28.34,16.69,7.67,2.17,-2.57,-0.06,-3.63,-4.0,-7.61,-5.17,-6.55,-4.69
18.15,28.97,14.54,4.65,2.35,3.85,10.37,7.73,6.08,0.92,3.55,4.41,9.35
18.58,28.88,15.64,4.37,0.45,-3.79,2.28,0.24,7.29,7.29,12.6,9.05,11.43
18.34,30.29,16.93,3.94,-2.54,-8.33,-1.69,-1.36,6.3,5.53,11.32,8.77,12.58
17.55,30.02,16.52,3.49,0.2,0.34,11.05,7.47,6.86,-1.81,1.41,-0.07,6.06
18.55,29.73,16.74,9.29,9.11,8.5,9.46,-0.94,-5.11,-7.64,1.14,4.07,7.41
18.04,53.57,32.98,-14.37,-1.95,0.58,34.05,-11.79,-8.18,-27.65,12.77,-11.5,7.07
18.18,42.53,25.87,-2.85,-0.87,-1.98,21.02,-0.67,-0.24,-18.42,4.07,1.81,18.45
18.05,33.94,21.15,5.76,2.12,0.58,13.19,5.3,1.44,-11.22,-3.59,-3.52,4.84
17.96,25.06,12.48,5.83,1.24,-3.08,-2.53,-3.19,0.66,3.59,5.69,2.64,2.41
18.15,58.49,30.39,-20.5,1.93,-5.68,35.91,-13.65,7.37,-13.88,23.14,-0.73,19.43
18.1,33.51,20.65,1.36,-1.46,-2.87,14.77,6.95,8.48,-5.78,6.74,7.41,18.98
18.65,35.76,22.68,5.45,2.57,-0.56,9.79,-1.58,-1.02,-7.6,7.64,7.63,15.98
16.8,26.56,12.82,5.33,4.96,5.04,7.89,0.99,-0.49,-5.46,-4.45,-7.2,-3.53
17.54,28.79,14.74,1.68,-2.87,-8.36,-4.69,-12.97,-11.67,-14.23,-4.99,-2.05,7.84
17.77,28.38,15.36,7.83,4.34,1.95,1.76,-5.97,-10.52,-13.25,-7.06,-0.29,7.32
17.42,44.23,29.8,1.39,4.38,0.82,18.42,-9.89,-10.59,-24.16,2.18,-3.08,12.45
18.02,27.04,15.73,10.0,7.25,4.18,3.04,-4.59,-7.72,-8.66,-1.54,3.41,6.95
17.69,24.44,12.0,5.42,3.1,3.42,9.0,6.91,5.17,1.22,4.08,5.96,8.5
18.61,25.97,14.68,8.73,6.58,5.55,8.62,5.33,5.72,6.78,14.91,18.84,19.86
18.5,30.91,21.57,13.88,9.78,5.46,8.17,1.5,-0.65,-5.46,3.89,11.13,20.82
18.03,37.88,24.14,0.46,-0.22,-3.4,12.84,-4.88,-2.0,-11.18,9.86,11.52,26.46
18.42,40.65,28.87,2.35,-1.67,-0.71,25.39,10.18,6.25,-15.76,5.77,9.94,26.65
18.43,28.9,14.3,0.81,-0.78,-0.32,8.71,2.55,3.49,0.78,12.63,14.37,18.51
17.85,22.86,10.36,4.45,1.24,-1.5,0.42,-1.27,1.18,2.7,5.66,4.88,4.52
18.47,31.1,19.17,7.46,3.43,-1.73,2.39,-4.68,-0.26,1.13,12.05,10.12,12.09
18.11,30.09,17.97,9.07,7.76,5.77,10.77,6.55,7.91,3.53,4.68,-0.92,1.33
18.09,46.1,29.45,-0.86,3.84,1.3,21.56,-0.81,2.55,-12.96,10.2,-2.19,7.22
18.0,46.35,31.06,-4.29,-5.17,-4.26,25.68,-1.55,-1.45,-22.95,7.86,-0.32,20.6
17.66,41.81,24.82,-2.42,3.58,0.5,23.15,4.82,8.57,-7.61,8.3,2.5,17.51
17.77,25.04,15.76,14.12,13.1,9.74,6.73,0.08,-2.55,-2.84,-1.58,-2.5,-3.01
17.51,32.9,17.03,-11.01,-13.33,-10.48,12.95,-1.11,-1.78,-7.82,18.1,19.25,27.38
18.62,27.1,16.73,11.74,9.33,8.15,11.03,6.99,2.86,-1.96,0.28,3.61,8.06
17.74,26.35,15.04,8.56,7.55,8.27,12.61,5.74,-0.62,-8.84,-5.58,1.12,12.07
16.77,30.95,16.85,3.35,0.02,-4.36,0.43,-7.9,-5.99,-8.59,3.28,3.91,10.33
17.44,57.27,33.45,-16.59,-0.75,-5.88,32.42,-9.89,6.43,-13.89,13.23,-3.48,25.27
18.05,40.86,25.56,3.63,6.65,3.75,18.51,-0.13,-0.89,-17.05,-1.01,-3.34,10.49
18.17,57.62,43.02,-16.12,-6.35,-3.79,50.56,-9.11,-12.4,-17.77,30.32,0.03,22.17
18.47,37.04,21.82,2.7,7.15,5.92,19.12,0.58,-1.03,-14.79,0.05,-0.5,17.64
18.18,33.91,18.22,2.71,5.38,6.26,17.4,3.33,-1.66,-16.49,-8.21,-8.11,6.39
18.12,27.71,14.95,4.81,0.49,-3.14,0.5,-4.34,-3.65,-5.95,0.84,3.1,7.69
18.04,53.13,24.43,-13.24,11.08,-6.3,22.55,-17.84,-1.44,-26.41,4.45,-7.48,16.94
18.6,48.69,31.88,-8.51,-3.23,-2.45,28.23,-8.69,-8.14,-32.38,7.23,1.76,26.83
18.55,24.02,12.73,8.87,6.64,5.67,7.47,6.76,7.72,7.86,7.13,4.9,4.63
18.15,24.22,13.81,11.59,11.46,9.39,8.13,2.46,-0.22,-3.2,-4.59,-7.32,-5.14
17.77,38.32,26.85,8.75,7.81,5.57,18.48,1.16,-4.23,-23.09,-10.27,-6.63,11.64
16.93,32.93,18.16,0.63,-0.09,-2.72,7.25,-7.81,-8.32,-15.73,1.72,5.73,19.47
17.0,24.83,9.5,-1.46,-8.6,-11.79,-8.83,-11.71,-12.38,-14.31,-8.67,-3.38,3.99
18.36,34.87,22.77,8.37,5.72,5.07,15.02,6.73,6.33,-0.78,9.13,7.8,12.88
18.22,25.12,14.14,10.62,8.34,6.82,6.16,1.97,-1.54,-3.59,-3.25,-0.63,3.78
17.96,24.24,14.32,12.79,13.11,12.19,10.58,4.85,2.56,1.43,2.51,1.47,0.62
17.92,26.98,14.88,8.17,4.89,3.59,6.2,3.19,2.0,-0.76,0.52,0.74,4.34
17.0,25.09,11.92,2.78,-0.69,-0.67,5.91,3.46,1.04,-8.39,-10.66,-12.33,-6.92
18.07,49.54,26.64,-10.92,-1.11,-0.17,32.55,-0.51,7.47,-20.06,9.47,-6.98,25.34
18.35,34.84,24.26,7.33,-0.83,-4.92,11.3,8.01,5.76,-10.33,-6.58,-4.89,9.71
17.93,40.36,18.99,-5.13,2.92,-5.18,14.19,-5.08,1.02,-14.79,4.43,0.26,21.63
18.44,38.39,25.61,6.28,6.89,4.69,20.87,2.53,-3.47,-22.16,-6.26,-1.81,17.7
17.99,21.5,9.4,5.26,2.24,0.54,0.32,-3.5,-8.33,-12.87,-14.38,-12.35,-9.07
18.01,28.05,16.1,9.29,11.34,12.77,16.8,8.08,4.54,1.35,8.41,7.72,7.04
17.88,34.46,19.24,6.2,8.74,11.83,23.26,10.81,9.78,2.25,10.25,5.32,12.17
17.58,26.81,15.91,10.42,7.92,4.91,4.69,-2.39,-4.05,-3.17,2.22,2.13,2.85
17.6,49.64,30.8,-8.27,2.96,8.84,32.51,-5.96,4.86,-14.23,17.51,-1.65,7.27
16.61,24.88,11.71,3.92,2.33,1.51,4.96,0.02,-0.83,-4.45,-1.58,-1.44,3.5
18.48,26.96,13.94,8.42,10.08,8.58,7.48,-0.54,3.19,8.2,16.45,13.85,12.85
18.13,21.19,6.65,-0.72,0.36,4.86,13.47,11.52,11.46,9.59,13.31,12.08,12.68
17.13,30.01,14.09,1.36,3.95,5.74,12.38,0.1,-1.09,-6.3,2.01,-2.5,-1.03
16.86,27.27,13.87,4.36,4.59,6.6,14.98,8.61,4.62,-3.34,1.95,4.73,11.24
17.48,23.5,11.63,8.13,7.33,7.84,10.43,9.0,8.81,6.58,3.16,-1.98,-3.7
18.19,27.22,16.85,11.64,8.14,5.26,7.93,6.91,7.82,5.23,5.01,2.72,4.0
18.17,32.72,22.93,10.96,9.29,5.19,12.17,3.97,2.92,-4.67,2.13,4.1,14.27
18.1,33.13,20.15,6.14,4.25,2.52,12.57,2.32,0.4,-5.76,6.68,9.02,16.03
18.13,32.02,20.18,8.08,6.5,3.32,9.16,-3.64,-5.46,-9.09,7.43,10.24,18.41
17.85,29.93,16.79,8.2,10.68,10.12,12.88,1.03,-2.38,-6.24,2.17,3.84,9.71
18.18,27.82,16.23,9.29,6.66,5.89,9.87,6.12,4.0,1.98,6.63,9.5,13.21
18.23,31.05,19.49,7.82,3.51,2.28,12.41,10.91,10.99,3.09,6.4,7.01,14.51
17.48,33.22,18.78,-1.27,-2.41,-1.53,14.17,2.54,1.74,-11.88,1.79,3.38,17.57
16.82,30.35,16.26,2.96,-0.04,-2.9,4.41,-2.6,-2.25,-8.65,-0.18,1.84,9.42
17.27,33.01,17.21,1.55,2.82,3.02,13.33,-0.54,-5.61,-19.34,-10.32,-9.65,4.11
17.16,32.8,15.49,-6.62,-7.99,-10.37,3.19,-8.86,-2.72,-8.26,8.88,7.7,19.2
18.41,28.67,14.72,1.41,-0.95,-1.12,9.5,6.4,8.38,2.42,9.06,11.23,22.53
17.92,23.09,11.28,6.32,3.41,2.11,5.19,4.48,4.53,2.61,2.77,3.15,5.05
18.34,39.57,27.89,4.47,0.33,-2.06,17.21,4.72,2.76,-15.69,0.99,3.3,19.85
17.92,23.57,11.33,5.75,3.65,-2.18,-5.33,-12.08,-8.05,-2.53,5.89,6.88,7.98
18.4,28.56,14.62,4.58,0.25,-2.41,1.76,-1.67,0.17,0.61,8.48,10.13,12.96
18.48,46.05,28.13,-5.37,0.98,-5.31,17.67,-10.85,-0.58,-14.22,15.78,5.68,22.09
18.49,29.28,17.59,7.8,2.17,-2.54,1.15,-2.08,-0.27,-1.91,3.57,5.35,11.6
17.89,36.81,24.16,4.44,2.89,-8.39,0.16,-14.38,-4.06,-7.34,13.46,8.96,15.25
18.32,28.66,16.46,9.93,6.38,5.07,7.66,2.93,-0.71,-4.4,-2.13,-0.1,4.36
18.32,36.45,22.71,3.93,3.08,-2.63,4.8,-10.47,-8.87,-18.3,-4.72,-6.85,6.69
18.44,24.71,11.9,6.56,4.01,4.52,8.23,7.23,6.36,4.43,5.41,6.46,8.42
18.49,25.07,13.86,9.62,8.7,8.3,12.08,12.1,14.51,13.87,13.53,8.84,5.94
17.16,26.46,14.98,6.81,1.7,-0.63,5.48,6.91,8.6,4.88,4.83,5.69,12.17
16.59,24.06,13.38,10.57,10.68,6.79,0.45,-11.56,-13.97,-12.19,-2.86,2.55,7.27
17.81,30.32,17.73,8.18,7.4,7.22,11.26,0.4,-5.05,-10.9,-3.7,-0.13,7.81
18.38,38.22,26.14,6.51,5.63,4.91,20.52,5.76,2.04,-10.65,9.35,13.58,25.26
17.51,46.23,32.61,1.78,5.22,-0.57,22.83,-1.62,-4.94,-24.96,-6.41,-9.42,11.0
17.02,38.61,24.12,4.27,7.12,2.56,9.92,-13.47,-13.78,-20.05,3.07,3.16,12.81
17.27,33.25,21.13,8.57,5.17,1.83,6.61,-3.49,-3.12,-6.39,5.02,5.33,9.1
18.4,33.57,22.04,8.0,5.26,-2.82,3.53,-7.33,-2.06,-5.09,8.86,7.43,14.8
18.46,50.14,31.33,-3.24,8.2,2.02,23.8,-16.75,-9.61,-27.31,15.14,3.88,24.28
18.28,34.84,24.3,9.68,4.34,-1.93,5.9,-4.38,-5.38,-14.73,-1.47,3.39,16.14
18.26,25.13,10.8,1.51,-2.97,-5.54,-1.36,-1.2,4.75,9.67,17.55,20.21,24.52
18.39,42.48,30.36,5.57,3.51,-8.68,7.19,-9.88,-1.26,-13.63,9.69,2.53,16.47
18.06,35.04,23.09,4.05,-0.74,-5.31,8.16,-1.99,-0.11,-9.61,3.57,0.77,9.9
18.47,26.2,15.48,11.93,12.97,10.92,9.26,-0.57,-3.26,-3.27,4.32,8.79,12.82
18.66,39.13,26.69,6.16,8.73,9.88,22.46,-1.65,-6.16,-15.31,9.27,11.02,18.76
17.28,39.6,25.68,-2.32,-5.96,-3.65,21.53,4.57,1.26,-16.87,2.55,-3.21,7.16
17.93,27.86,17.4,11.44,7.97,4.18,4.62,-0.83,-3.15,-5.82,-2.33,-0.1,3.83
17.97,34.66,24.6,8.79,-0.47,-6.28,7.31,2.97,-0.02,-18.41,-13.66,-9.57,6.23
18.72,39.36,27.77,10.37,8.25,2.41,11.64,-5.74,-4.79,-9.37,12.5,11.34,16.12
18.14,54.27,31.11,-9.04,5.78,-8.17,31.01,-5.93,12.54,-5.9,21.26,7.27,20.96
17.8,27.42,15.53,6.11,0.78,-2.2,6.3,9.56,15.67,14.03,16.97,14.29,15.98
18.2,27.05,15.15,8.27,5.76,2.59,4.13,-0.31,1.23,1.19,5.75,4.63,3.95
17.78,29.1,17.4,10.36,7.59,5.6,9.75,6.17,5.12,2.16,7.26,10.1,14.04
18.22,26.48,14.9,9.31,9.71,9.45,11.28,3.16,-1.07,-3.61,3.11,7.18,11.27
17.71,28.49,18.81,11.4,7.68,4.23,7.84,3.67,2.97,-0.87,2.86,4.2,8.3
17.09,31.53,17.41,6.02,7.95,4.88,8.63,-3.65,-3.02,-4.67,7.2,6.06,9.4
17.27,58.98,38.82,-28.04,-4.28,3.25,36.91,-35.92,-26.1,-26.17,19.95,-12.53,17.1
17.98,53.97,30.33,-14.0,1.36,-7.5,31.16,-9.6,1.56,-16.81,16.42,5.89,25.21
18.37,30.94,19.7,9.56,5.88,0.97,3.71,-4.26,-3.62,-5.45,5.32,10.63,19.85
18.04,22.79,11.02,6.25,3.53,2.8,6.57,8.31,11.46,11.17,9.01,4.55,2.83
18.14,29.85,16.98,2.36,-0.7,0.89,16.18,14.69,14.65,3.97,7.81,7.23,13.4
17.91,26.14,13.15,6.38,9.14,11.42,15.79,5.99,1.23,-3.78,3.02,6.81,11.82
18.19,48.97,29.09,-9.6,0.98,3.03,33.25,-2.54,-1.13,-19.23,14.98,7.2,23.54
18.49,37.93,24.62,5.48,4.03,1.39,17.56,5.76,3.92,-11.82,-1.3,-3.39,8.29
18.56,33.17,24.37,13.78,9.3,5.24,13.22,8.05,5.28,-5.84,-1.61,2.35,14.39
17.82,24.51,13.7,9.51,6.66,4.17,4.26,0.02,-1.62,-2.36,0.82,3.78,7.1
18.04,32.21,19.0,8.83,13.24,15.42,20.78,2.52,-6.44,-16.92,-4.78,-2.36,6.82
18.06,30.9,17.22,5.8,11.9,16.36,26.6,9.81,1.21,-13.36,-3.35,-0.72,8.36
18.45,23.75,11.58,6.86,4.78,3.71,4.27,0.59,-0.9,-0.54,3.63,7.67,11.74
18.68,26.69,15.22,9.58,8.91,9.43,13.1,7.16,2.42,-3.16,-0.56,1.67,5.6
18.08,25.96,15.26,8.8,4.93,2.31,4.77,-0.61,-5.13,-11.96,-11.54,-8.98,-1.5
18.51,40.68,27.15,4.89,4.09,0.68,16.33,-0.3,0.56,-13.85,4.73,2.02,16.73
17.98,30.64,18.92,4.71,1.77,-1.37,10.35,1.59,-2.46,-17.19,-13.27,-12.59,-0.74
18.26,29.59,18.07,8.73,6.34,5.2,11.7,5.18,0.29,-8.35,-1.09,5.64,15.4
18.63,46.28,30.44,-2.12,5.05,5.04,31.72,0.24,2.02,-23.61,8.46,0.8,22.7
18.36,36.03,22.78,6.57,5.01,3.1,12.8,1.59,0.72,-8.79,2.72,2.47,13.36
17.64,25.41,11.0,-2.72,-8.59,-13.32,-8.73,-15.97,-18.65,-25.62,-19.63,-17.24,-6.31
17.06,22.95,7.53,-2.02,-1.2,1.45,10.14,6.7,6.81,2.24,6.0,6.33,10.81
17.88,43.76,27.67,-6.3,-0.86,0.02,22.95,-11.57,-15.07,-32.47,2.9,-0.09,18.17
18.56,26.4,12.84,4.22,4.65,4.16,8.29,0.34,1.13,1.8,13.33,17.73,23.54
18.17,21.58,10.55,8.36,10.28,10.71,12.81,7.75,6.5,3.94,5.89,5.51,7.47
18.22,31.43,19.45,7.61,5.38,2.47,9.4,1.39,0.73,-4.83,8.57,14.17,22.81
18.45,31.36,20.2,8.25,2.47,-0.62,6.95,1.51,0.11,-4.89,3.32,5.84,10.95
18.39,36.28,22.18,4.55,3.77,0.99,14.32,6.07,7.94,-3.93,5.57,2.87,15.92
18.39,37.41,26.6,6.4,1.14,-1.15,19.24,16.85,18.46,-0.76,3.56,0.06,11.97
18.22,42.05,26.05,1.57,5.33,2.64,19.9,0.84,3.83,-9.74,9.68,6.37,21.86
17.99,32.64,20.34,7.61,5.18,2.15,8.42,-1.12,-0.79,-6.66,3.33,3.66,10.32
17.99,50.47,32.45,-5.64,1.87,-4.32,24.76,-11.21,-1.74,-16.76,13.63,-1.79,20.76
18.48,30.89,17.5,5.11,2.31,0.34,4.6,-7.5,-14.13,-23.59,-12.95,-4.43,7.35
18.34,35.92,24.01,10.08,8.6,5.88,14.35,5.21,6.23,-0.31,12.05,13.4,18.89
18.31,25.77,15.87,12.14,8.29,4.81,5.08,3.08,2.1,-0.35,-1.37,-1.49,1.59
18.31,28.66,18.51,12.86,9.64,6.6,7.99,3.38,2.41,0.09,2.91,4.17,6.65
17.13,20.12,7.64,1.74,-2.62,-6.67,-7.02,-12.41,-15.95,-21.45,-23.28,-23.06,-16.18
18.51,26.47,14.5,7.64,6.32,5.78,10.09,6.48,5.71,1.62,2.9,3.34,10.07
18.38,26.46,12.68,5.39,6.33,8.83,14.19,9.7,9.44,7.64,13.13,14.16,17.48
17.46,55.34,23.34,-15.63,16.05,-4.73,38.05,-10.48,4.8,-20.14,13.75,2.21,18.19
17.63,42.55,27.4,-3.75,-0.67,1.21,29.24,4.73,-0.7,-25.16,-2.59,-6.4,13.19
17.75,31.81,18.94,0.09,-7.47,-8.74,9.58,7.44,6.65,-9.79,-3.19,-1.03,12.42
18.78,35.94,22.49,0.37,-2.48,-6.0,11.29,-1.16,2.31,-6.71,9.14,7.12,16.68
17.84,44.0,27.97,-6.39,-7.46,-11.43,17.07,-3.87,2.03,-22.28,2.29,1.22,22.75
17.95,47.96,25.0,-11.1,0.38,-10.87,19.26,-9.2,6.13,-18.76,11.28,1.38,32.02
18.17,42.05,27.78,-3.78,-6.29,-8.03,19.01,5.91,12.24,-11.69,6.06,1.39,24.12
18.55,38.75,26.7,2.5,-0.13,-0.41,20.96,7.5,5.68,-12.74,3.67,4.75,19.22
17.89,48.83,28.78,-9.38,-0.61,-4.07,26.61,-5.67,-0.9,-24.22,7.64,-2.81,21.06
18.3,36.73,22.91,2.68,4.22,3.05,18.48,2.68,3.1,-11.13,6.86,6.56,20.29
18.14,30.67,18.16,5.51,3.12,5.3,20.2,16.61,14.9,4.16,9.27,9.31,15.6
16.69,42.77,23.95,-7.98,-1.28,-8.1,13.78,-13.43,-2.63,-19.37,15.43,7.05,29.43
16.87,44.0,24.71,-10.92,-1.49,-4.69,21.28,-12.11,-6.38,-31.01,3.77,1.18,25.86
17.19,34.24,16.83,-4.2,-4.05,-7.53,3.6,-12.21,-8.91,-17.3,1.91,2.35,15.91
18.13,54.39,32.05,-14.57,2.54,-3.28,35.03,-9.1,2.64,-20.01,24.01,8.93,31.99
17.89,32.0,19.87,2.97,-0.56,-3.02,10.19,0.67,-1.7,-13.12,0.32,7.14,22.02
17.95,28.1,14.2,1.74,-2.32,-3.94,3.16,-2.3,-1.33,-4.54,5.51,10.01,19.22
18.31,30.39,17.28,5.56,5.21,3.59,9.36,-3.21,-7.82,-15.8,-4.31,0.99,13.61
18.49,28.66,18.5,10.35,3.34,-0.48,3.18,1.82,1.48,-1.62,2.85,7.5,14.52
18.55,25.16,14.56,11.37,9.68,7.49,6.78,2.23,0.67,0.59,4.66,9.14,14.19
17.69,43.42,30.17,1.55,1.1,1.02,20.94,-2.77,-5.65,-23.06,2.53,1.93,18.11
16.63,24.89,13.44,8.34,3.64,-2.47,-5.02,-8.57,-4.08,1.04,6.07,4.7,3.5
17.17,34.82,22.6,3.07,-2.6,-6.55,5.95,-6.46,-10.47,-22.81,-4.41,2.69,18.74
18.58,28.81,16.52,10.02,10.49,5.33,2.42,-11.85,-12.28,-1.6,12.65,8.89,14.1
18.55,44.9,25.37,-3.69,3.69,-7.51,24.14,-14.75,-12.04,-15.56,13.44,9.01,17.91
17.89,28.9,14.39,-0.44,-3.97,-4.31,6.75,2.5,5.28,1.41,12.58,17.32,27.0
18.22,36.68,23.6,0.94,-3.48,-7.57,11.73,0.0,2.14,-10.35,7.82,10.77,30.62
18.11,41.08,25.11,-2.19,0.44,-7.15,13.15,-5.56,-0.78,-20.14,1.88,1.23,25.31
18.12,32.48,21.29,6.53,0.5,-3.0,8.78,5.49,6.14,-5.71,1.86,5.68,21.25
18.36,24.78,13.63,8.88,5.6,2.21,2.22,-0.97,-0.82,-0.26,3.88,6.47,9.29
18.35,34.62,23.43,9.44,6.13,3.75,14.47,5.38,-0.55,-16.77,-9.81,-4.55,10.18
17.76,33.73,22.1,9.68,6.66,3.67,10.61,1.71,-1.52,-9.62,-0.43,2.93,8.78
17.71,32.32,18.46,2.86,1.0,-2.11,6.11,-7.14,-10.01,-19.67,-9.27,-8.15,1.99
18.52,32.7,17.67,2.52,1.13,0.43,9.97,2.3,3.62,-0.99,11.14,13.01,20.01
17.96,23.16,10.85,5.57,6.15,8.29,14.02,9.49,5.28,0.4,4.33,8.57,11.33
18.08,47.26,26.81,-8.08,3.12,4.04,30.18,-6.43,-2.11,-23.12,12.26,1.39,20.64
17.95,26.05,15.02,8.65,6.13,7.13,13.25,9.62,4.04,-3.84,-1.68,2.63,9.08
18.69,32.76,19.12,5.83,5.87,3.75,11.5,-1.07,-3.21,-9.63,6.07,11.36,21.84
18.23,30.31,18.06,6.91,6.15,7.93,18.17,10.22,5.95,-1.28,9.62,15.42,23.85
18.55,26.05,17.05,13.28,10.56,8.36,10.82,7.89,4.31,-3.39,-5.15,-3.28,4.6
17.89,27.62,17.9,14.16,13.0,10.99,11.26,4.97,0.67,-2.63,0.63,4.52,9.16
17.06,38.53,27.53,5.19,1.03,-2.57,15.07,2.57,0.24,-15.41,0.3,4.23,19.14
17.15,29.31,15.44,1.86,-2.35,-5.22,2.03,-4.96,-5.59,-10.32,0.02,3.86,12.73
17.78,51.48,26.17,-9.93,8.71,-7.34,22.66,-12.46,-2.64,-25.17,6.9,-3.52,14.36
17.05,36.69,23.6,2.95,0.66,-4.65,7.96,-10.0,-11.75,-26.69,-5.84,2.73,24.79
17.43,26.51,13.48,5.03,3.04,2.1,6.27,-0.66,-3.6,-7.71,-0.24,3.32,8.1
18.29,30.45,19.11,6.92,6.08,7.47,20.6,13.87,9.84,-2.61,5.97,12.63,24.18
18.54,42.81,28.08,5.41,10.38,9.09,27.27,4.59,2.69,-11.15,11.16,9.84,26.96
17.11,38.95,21.73,-1.86,3.14,2.19,13.91,-10.03,-3.77,-5.3,17.2,6.53,7.99
17.49,54.67,31.68,-14.46,7.28,1.69,33.64,-10.73,-3.98,-15.16,21.56,0.28,19.28
18.0,29.23,16.63,6.97,5.48,4.67,9.47,0.72,-3.35,-9.24,-1.97,0.88,6.55
18.25,31.48,16.95,7.89,6.91,7.1,8.4,0.22,-1.51,-1.22,7.52,8.16,7.94
17.71,28.93,17.84,9.37,4.5,0.99,2.59,-4.32,-6.59,-8.81,-3.65,-4.15,-3.26
18.44,28.82,15.18,6.58,6.83,8.98,14.76,6.54,0.51,-6.74,-0.74,4.44,12.92
18.05,40.46,28.78,4.03,4.17,11.74,32.68,12.45,3.03,-18.34,5.16,5.5,17.38
17.89,32.13,18.32,9.78,14.69,15.14,17.14,-1.73,-7.32,-14.47,-3.03,-0.71,7.71
18.04,42.43,27.1,0.82,6.51,7.07,28.15,-0.54,-4.87,-22.62,5.18,2.41,16.92
18.2,32.91,20.88,9.04,7.98,8.1,17.78,8.23,1.87,-9.29,-1.31,0.69,7.19
17.26,33.62,20.08,4.7,4.46,5.63,17.65,4.79,-0.22,-13.63,-8.02,-11.33,-3.68
18.31,28.95,14.42,3.29,6.3,9.78,18.13,5.96,0.06,-6.72,6.11,12.85,22.94
17.91,25.98,13.4,6.93,7.07,4.93,5.37,-2.38,-1.26,0.52,8.6,9.17,9.0
16.89,37.22,23.55,-0.81,-1.49,-2.04,22.32,11.08,11.31,-8.47,6.8,8.28,26.27
17.26,43.77,24.84,-11.61,-7.85,-9.21,22.19,3.74,8.4,-13.5,9.48,-1.76,16.37
18.75,51.31,33.51,-7.62,-1.95,-10.49,23.35,-6.05,3.42,-18.37,12.91,-1.74,22.05
18.49,32.39,21.0,7.49,0.86,-4.77,6.55,6.62,11.73,4.24,7.16,2.58,8.88
18.29,45.21,31.42,1.17,3.11,-5.35,17.33,-11.53,-9.36,-28.02,4.35,2.59,28.39
18.5,35.76,21.79,4.62,4.6,0.77,9.11,-5.46,-3.12,-7.36,10.42,10.48,18.36
18.66,28.4,17.45,10.41,7.64,4.82,8.76,4.55,3.96,0.52,5.7,8.71,15.01
18.9,52.79,29.04,-6.41,8.91,-11.16,22.61,-7.46,10.51,-11.23,9.98,-4.27,18.98
18.6,41.77,27.37,0.58,4.84,2.75,18.4,-6.87,-3.49,-10.83,20.28,14.88,18.36
19.03,50.81,32.14,-4.81,5.35,2.34,27.17,-16.66,-13.76,-30.67,11.22,-1.44,20.11
17.87,24.64,12.66,7.92,4.92,2.84,2.27,-1.99,-3.69,-3.92,-0.58,1.69,2.22
17.66,26.79,13.12,4.07,2.91,2.17,6.53,0.85,1.49,-0.09,5.14,3.77,4.4
18.65,41.82,22.81,-2.73,3.61,2.99,21.11,-3.21,-3.36,-22.33,-1.3,-6.58,18.71
18.17,35.46,14.41,-16.5,-10.99,-9.09,19.91,-1.08,0.63,-19.19,6.92,8.25,33.45
18.24,25.48,12.77,3.9,-0.62,-5.04,-2.53,-5.03,-0.27,2.65,10.15,11.09,14.15
18.09,25.15,12.64,5.72,3.77,3.66,8.43,5.52,3.99,-0.95,-0.13,0.95,6.32
18.1,26.4,14.64,9.01,6.33,4.53,6.17,2.35,1.48,-0.23,3.29,6.35,11.41
17.55,34.66,24.95,11.96,8.94,5.69,15.29,4.86,0.97,-13.31,-2.34,4.96,24.81
18.4,25.43,14.77,9.86,7.11,4.19,5.06,1.2,1.41,0.65,3.78,4.93,9.4
18.35,51.33,34.12,-3.26,6.27,1.4,34.02,-1.79,0.38,-24.12,6.36,-4.56,24.85
18.32,33.21,20.87,12.66,13.93,12.72,13.89,-0.32,-5.27,-9.49,-1.78,-0.58,7.09
17.96,29.93,19.34,11.38,8.85,5.8,7.82,-2.77,-8.56,-16.05,-11.15,-7.08,0.35
18.4,30.8,18.21,6.95,6.65,9.81,21.49,16.03,11.27,0.42,3.57,2.97,5.52
17.76,51.59,31.95,-9.55,7.48,4.29,35.52,-13.15,-7.66,-26.98,10.08,8.6,31.02
17.77,24.28,13.0,7.91,4.65,2.95,5.38,3.66,3.58,2.98,6.4,9.21,11.61
18.33,37.39,24.55,4.92,1.5,0.48,17.56,9.43,11.59,-0.47,9.69,7.19,16.33
18.05,38.61,24.81,4.17,6.53,3.37,14.18,-9.76,-8.92,-14.96,12.79,14.37,27.45
18.45,27.81,15.67,6.16,2.85,-1.8,0.68,-8.02,-9.08,-11.87,-2.05,4.56,14.79
17.65,30.33,15.78,4.5,3.02,-1.07,0.13,-12.42,-14.95,-17.74,-6.08,-2.18,5.99
18.51,59.0,39.72,-13.02,4.66,1.38,51.85,-8.69,-8.47,-27.8,3.05,-18.09,18.88
18.31,33.29,22.0,9.41,5.17,1.84,9.15,1.24,-2.18,-11.58,-3.56,0.8,10.39
17.38,40.13,27.02,0.17,-4.62,-5.65,18.14,4.72,1.63,-19.55,-0.92,-0.5,17.24
17.27,33.53,22.88,9.13,1.9,-6.25,0.86,-4.57,-0.33,-7.21,-0.96,-2.17,7.16
16.98,26.5,12.52,2.45,2.02,-0.18,1.88,-10.48,-13.57,-16.09,-4.72,2.36,12.01
18.4,39.0,24.37,3.36,5.19,7.69,27.39,12.22,8.53,-8.84,1.97,-3.56,8.49
17.68,23.79,12.3,7.75,6.29,6.04,7.67,2.41,-2.26,-7.29,-4.86,0.02,6.85
