19.54,-2.11,-1.93,11.23,0.46,12.05,0.66,7.35,-3.84,2.43,-5.2,1.31,-2.61
18.62,31.46,17.47,6.42,9.86,13.69,20.88,6.23,-0.0,-6.4,5.67,8.63,15.58
17.96,44.24,30.03,0.63,11.83,14.66,40.73,5.96,-2.78,-29.93,-7.96,-13.17,8.48
17.04,27.17,14.51,5.07,5.94,7.62,14.93,5.41,-0.32,-7.7,-0.13,3.88,12.12
17.27,30.31,18.31,6.73,4.58,6.42,17.95,11.28,4.82,-8.46,-2.91,1.55,11.08
16.52,40.26,27.19,-5.14,-6.37,-2.39,30.07,9.84,5.27,-20.6,2.32,0.34,17.13
16.86,28.23,16.5,9.93,10.49,10.0,12.51,3.07,-1.91,-8.06,-3.46,-0.31,4.18
17.18,25.42,12.87,6.4,4.09,3.93,7.32,4.39,4.95,4.02,6.61,7.06,8.79
18.26,47.96,26.62,-4.1,13.85,11.36,39.75,7.32,9.36,-10.87,9.02,-8.15,12.77
18.18,30.38,18.1,10.98,12.3,11.22,11.99,-1.17,-3.46,-5.37,4.06,4.74,10.38
18.6,25.92,14.89,10.92,12.12,11.7,12.12,2.95,-1.51,-3.31,2.79,6.24,9.06
17.42,30.1,16.77,2.84,5.49,7.24,17.11,0.2,-5.05,-12.04,4.19,8.03,17.34
16.66,30.3,18.3,9.49,9.61,9.45,13.64,3.15,-2.37,-9.03,-2.27,0.32,7.17
17.06,52.99,34.0,-14.66,-2.44,6.57,44.02,-14.01,-12.04,-23.16,19.02,2.3,18.49
18.13,36.66,17.25,-8.34,1.52,0.94,19.15,-6.95,-5.65,-18.52,15.51,19.1,40.47
18.16,22.21,11.16,7.47,4.43,1.6,1.22,-1.21,-1.06,-1.06,-0.36,0.06,1.32
18.63,38.46,24.64,6.3,12.87,15.0,26.61,1.68,-5.08,-17.48,1.57,0.97,11.4
17.01,41.46,27.39,5.22,10.73,7.68,20.13,-3.07,-4.03,-16.99,4.08,2.42,15.62
17.22,26.78,14.6,9.09,13.03,13.57,12.83,-2.58,-7.9,-10.01,-1.05,-0.46,1.92
18.13,39.92,22.14,3.4,14.19,15.06,27.64,0.31,-2.29,-14.97,6.64,4.65,19.97
17.77,30.04,15.97,3.32,5.75,7.01,15.12,0.74,-4.86,-13.3,1.73,9.3,21.7
17.02,24.58,11.7,6.48,7.13,7.17,5.68,-5.41,-11.56,-11.79,-2.39,3.41,6.34
17.18,39.25,25.27,-0.67,0.13,2.34,26.6,5.22,-0.74,-26.19,-4.97,-2.03,19.16
17.83,38.46,22.27,-3.37,3.34,8.96,31.01,6.19,0.28,-19.6,5.85,6.71,25.73
17.08,42.99,26.35,-8.77,-6.23,1.65,29.37,-5.17,-11.78,-32.54,-1.74,-12.27,4.15
17.51,28.02,13.8,3.23,3.26,5.41,11.63,2.89,-0.79,-5.94,2.85,7.33,15.09
16.87,30.08,15.78,-1.18,-3.77,-2.16,14.19,6.92,1.17,-14.73,-7.65,-5.2,6.8
16.67,38.66,23.44,-5.46,-4.52,0.33,26.11,6.07,0.22,-14.21,8.77,7.26,18.05
17.73,30.91,18.82,6.77,6.38,11.14,23.63,13.67,4.62,-8.97,-3.41,-2.63,3.26
18.01,27.86,16.8,7.94,6.85,8.07,16.52,8.85,-0.47,-14.58,-12.07,-7.65,2.74
18.65,26.8,12.63,3.05,6.44,9.42,16.56,5.72,0.22,-7.1,2.52,7.58,16.88
17.83,28.76,15.21,6.78,9.82,12.28,19.42,10.04,6.06,-3.35,1.94,2.25,10.86
17.78,30.97,19.35,8.82,9.23,11.36,20.4,8.6,-2.21,-19.23,-15.75,-11.85,1.44
17.83,33.61,20.07,4.46,6.76,8.9,21.39,2.79,-5.2,-22.67,-9.12,-5.67,9.12
17.81,26.55,15.96,10.66,7.17,5.92,10.4,10.2,11.63,9.41,6.25,1.97,1.76
17.71,40.04,22.26,-2.98,5.62,6.35,23.71,-7.64,-14.7,-35.19,-10.29,-10.05,7.82
18.04,53.12,31.94,-9.96,6.8,10.6,40.38,-7.78,0.4,-17.17,14.81,-7.67,14.92
17.53,40.14,19.99,-5.81,9.5,9.48,29.33,-4.26,-10.9,-33.15,-8.45,-13.06,4.13
17.21,39.1,20.32,-3.28,11.63,14.03,32.1,0.48,-3.07,-24.52,-1.1,-3.39,15.13
17.34,34.3,20.61,6.08,7.7,6.11,12.58,-3.93,-7.68,-14.39,2.9,6.35,15.28
17.59,32.61,20.98,10.18,11.25,9.81,14.17,-3.62,-11.1,-20.08,-8.56,-2.44,11.86
18.12,35.42,23.87,9.36,5.39,3.94,13.78,3.44,-1.19,-12.4,-3.2,-0.88,9.3
17.14,28.38,15.54,5.48,5.02,2.73,5.46,-9.11,-17.31,-26.11,-17.32,-11.43,1.43
17.17,29.08,15.89,6.42,4.14,1.87,3.28,-6.41,-10.29,-13.5,-4.23,-0.38,4.96
15.85,22.45,7.53,-1.98,-3.54,-3.11,2.36,-1.89,-2.74,-4.92,1.05,5.04,10.56
17.12,38.39,22.08,-0.56,6.88,7.67,23.46,-3.22,-6.46,-24.22,2.14,4.6,24.19
17.37,38.9,19.32,-11.61,1.96,4.97,26.14,-15.66,-21.84,-43.12,-6.29,-6.22,18.45
17.49,28.75,15.99,8.17,12.33,13.67,16.03,-1.37,-8.82,-14.26,0.93,6.61,13.89
17.06,24.2,11.12,5.82,10.31,13.06,15.21,2.48,-5.39,-12.99,-8.81,-7.62,-3.64
17.57,29.72,16.78,7.67,10.18,14.22,20.47,6.59,-4.53,-15.15,-7.28,-0.5,9.56
17.86,24.69,11.43,4.49,6.13,7.75,10.09,-1.97,-9.79,-15.86,-9.28,-5.54,0.08
17.99,23.63,10.0,5.43,6.95,7.93,7.04,-2.8,-8.94,-12.18,-9.16,-6.86,-2.46
18.25,48.94,21.37,-20.93,6.65,3.73,31.1,-16.47,-8.7,-29.84,6.77,-9.0,14.42
18.31,25.12,8.48,-1.88,1.69,4.03,8.79,-2.46,-3.98,-3.34,10.58,15.6,24.53
16.46,25.97,5.11,-12.23,0.99,6.18,16.66,-9.4,-11.44,-16.62,4.88,1.74,9.07
17.42,27.65,10.38,-4.64,4.49,11.46,23.45,3.21,-0.75,-8.2,9.88,4.67,7.01
17.39,30.8,14.4,-1.87,3.57,8.65,21.53,4.19,-3.18,-18.04,-7.01,-7.56,3.02
17.26,38.9,16.55,-13.85,1.97,7.48,33.59,5.37,5.97,-15.95,8.73,-3.49,11.72
18.03,28.75,15.29,4.87,5.81,7.42,14.15,2.22,-4.18,-11.6,-2.36,2.03,10.65
16.8,22.02,7.12,-1.36,-3.55,-2.02,2.56,-2.49,-8.01,-13.06,-8.82,-3.13,2.59
18.23,28.95,12.39,-1.7,9.32,16.02,27.03,4.52,-2.3,-12.47,5.13,6.36,16.74
18.27,27.32,13.02,3.86,11.02,15.19,20.76,3.54,-0.64,-5.95,6.89,4.6,7.48
17.5,25.5,12.71,3.04,-0.53,0.96,10.48,7.13,1.12,-8.74,-5.44,0.25,8.25
18.16,49.47,26.58,-3.94,11.22,7.66,29.38,-4.31,4.76,-19.9,5.91,-9.14,11.77
17.38,47.93,21.49,-14.33,5.7,-0.89,32.35,-2.79,5.74,-15.56,10.23,-5.63,12.15
17.18,30.24,17.34,2.37,1.0,2.77,16.14,6.5,1.71,-11.56,-4.28,-4.27,3.43
16.98,34.95,17.79,-7.4,-2.67,3.17,25.03,2.75,-7.34,-30.14,-13.59,-19.07,-6.12
16.82,28.32,12.55,1.82,2.39,7.06,15.24,6.18,-2.44,-12.87,-7.26,-2.2,7.06
16.9,26.39,12.03,2.1,3.88,6.67,14.01,4.35,-1.16,-9.12,-2.82,-1.38,4.92
16.55,41.57,19.6,-19.89,-8.57,-3.97,22.61,-20.48,-18.76,-30.87,10.34,-6.88,1.25
18.05,26.94,14.26,6.37,9.12,12.5,18.03,5.39,-1.37,-6.2,3.86,7.28,10.25
18.57,38.86,18.81,-1.64,9.49,13.61,30.83,10.65,12.16,-3.59,9.91,-1.73,4.46
16.89,22.62,6.81,-6.99,-8.9,-6.55,3.09,-8.45,-18.74,-31.56,-21.29,-12.47,1.56
17.5,30.79,13.32,-1.73,4.36,6.14,12.77,-7.19,-6.31,-6.95,15.37,14.62,20.33
16.99,38.52,23.87,-2.5,0.9,7.54,31.57,8.8,3.38,-14.74,3.51,-3.99,4.62
17.93,28.48,15.9,5.53,6.91,11.18,23.51,16.42,9.01,-6.24,-3.61,-1.36,9.64
17.99,26.24,13.2,6.21,9.37,10.49,12.82,-0.2,-4.83,-7.15,3.24,7.16,11.04
18.32,25.87,14.64,9.07,7.84,9.54,15.69,12.82,6.82,-2.69,-4.28,-2.08,4.49
17.25,29.76,15.39,2.95,4.85,6.92,13.58,-0.08,-3.22,-6.52,8.91,11.03,14.91
18.12,48.98,27.57,-2.03,11.26,4.26,22.14,-8.36,-2.98,-20.71,-0.14,-10.65,10.92
17.46,26.16,13.51,4.82,2.31,3.35,9.66,3.8,-0.65,-5.92,0.01,3.5,7.14
18.42,27.49,16.26,8.69,9.66,11.22,16.08,4.73,-3.22,-10.98,-4.05,-0.19,7.28
17.96,36.45,20.63,5.34,14.52,15.27,22.15,1.16,-0.14,-9.88,6.37,4.16,13.16
16.77,27.38,13.58,2.93,4.06,6.3,14.18,4.72,0.16,-9.88,-4.35,-3.92,5.75
17.62,29.61,15.9,2.58,2.18,4.98,18.05,10.36,3.25,-11.88,-7.23,-4.41,7.59
18.33,42.04,29.97,-7.1,-6.38,-2.54,37.09,13.24,7.94,-27.35,-4.28,-6.7,16.09
17.68,24.66,12.26,4.68,5.24,7.94,15.88,7.75,-1.75,-15.51,-13.79,-8.39,4.11
17.34,36.42,17.2,-3.53,4.07,10.55,25.49,5.17,3.96,-8.86,6.2,-3.33,2.95
16.9,47.2,19.2,-29.2,-3.75,4.05,45.75,2.67,13.21,-18.86,17.87,-13.85,11.88
17.8,30.42,16.04,-0.1,0.58,3.05,21.43,14.2,10.59,-10.54,-9.26,-14.75,-0.82
17.08,28.19,13.08,0.29,2.9,7.23,19.8,12.43,10.77,-1.06,0.82,-4.95,2.47
18.83,31.85,15.45,-1.08,5.57,13.2,30.06,14.1,7.48,-8.63,2.35,-0.91,8.17
18.03,28.03,14.08,3.26,5.15,8.92,16.82,4.17,-2.88,-10.21,-0.42,0.82,5.3
17.82,29.68,16.77,0.89,0.03,5.13,22.8,13.82,2.52,-16.64,-8.47,1.15,17.62
17.96,57.21,27.34,-36.43,-2.71,4.73,53.6,-5.3,12.96,-15.39,26.26,-5.28,25.06
17.61,25.12,7.17,-8.95,2.06,8.64,20.96,-3.85,-11.11,-22.44,0.98,4.38,16.51
17.48,50.29,26.16,-28.22,-7.4,15.01,47.92,-13.93,-0.55,-9.67,33.25,-4.61,17.61
17.94,34.36,16.04,-5.71,4.43,9.52,24.84,-1.32,-3.2,-15.24,7.27,-0.03,8.18
17.14,34.19,17.49,-4.32,0.84,6.3,24.25,3.37,-3.79,-18.81,0.09,-1.51,8.08
17.66,30.51,15.98,3.54,8.16,14.77,28.81,16.09,6.27,-11.86,-6.09,-5.66,6.3
17.07,23.01,10.92,6.45,6.3,7.53,10.6,6.33,2.42,-2.75,-2.92,-1.61,2.54
16.28,23.35,11.29,6.02,10.88,12.06,14.94,1.88,-1.57,-4.36,6.74,10.39,14.47
16.47,28.2,14.73,1.67,-1.82,-1.27,10.48,7.86,6.48,-4.03,-2.27,-2.35,6.41
17.22,30.53,15.41,2.26,1.41,2.44,8.79,-1.15,-1.91,-2.9,9.65,10.44,11.13
17.76,28.62,14.22,-0.59,-3.0,-1.12,11.62,5.77,5.82,-0.09,12.16,13.49,16.83
16.43,38.03,15.13,-12.07,-1.61,1.44,19.9,-3.37,6.76,-3.68,15.37,-2.62,6.7
16.32,33.62,9.72,-22.03,-12.02,-7.13,17.9,-3.92,1.63,-14.55,3.16,-14.97,-5.71
17.27,22.2,4.04,-8.82,-2.62,8.22,24.28,18.43,17.69,12.39,21.22,16.98,17.87
17.37,26.6,11.41,-2.7,-2.74,2.4,19.86,17.05,15.05,0.39,1.37,-2.83,4.34
16.98,22.67,10.74,7.03,7.63,7.99,9.52,3.31,-1.23,-6.73,-7.4,-7.63,-3.42
18.43,26.2,15.04,11.39,13.34,12.59,11.84,2.42,-0.26,-2.58,-1.08,-5.02,-6.29
17.48,28.65,14.27,1.49,3.21,7.82,21.33,13.18,8.89,-3.82,0.52,-1.67,5.61
17.21,24.82,10.59,3.37,7.79,12.06,18.69,10.85,8.05,1.66,2.6,-3.22,-2.56
16.87,50.75,22.21,-27.84,-3.86,3.83,42.92,-12.17,0.2,-23.08,13.14,-21.42,-3.16
17.48,57.06,31.33,-18.49,12.95,6.43,41.52,-6.14,0.54,-20.86,15.85,-13.82,7.34
17.66,33.79,20.69,5.58,5.33,6.86,17.33,4.14,-1.96,-14.12,-5.87,-7.2,-0.27
17.15,24.58,10.48,0.78,-1.08,-0.38,6.68,0.86,-4.29,-14.21,-10.49,-6.09,4.18
16.49,23.11,10.1,2.44,-1.28,-2.52,2.11,0.98,1.66,0.01,2.16,1.91,3.04
17.78,35.82,23.99,10.1,8.97,6.2,16.66,7.3,7.16,-5.36,-4.44,-13.72,-7.28
16.51,32.13,17.37,-0.32,-3.25,-6.77,3.15,-4.7,-1.85,-11.46,-5.81,-13.01,-5.76
18.33,34.38,20.2,5.0,6.93,8.68,20.07,7.32,2.8,-10.8,-3.42,-4.8,4.91
17.28,31.94,18.57,4.66,0.18,0.03,9.96,5.9,4.56,-4.78,-3.47,-6.78,0.49
17.98,33.17,17.6,1.84,4.26,5.76,16.95,6.65,8.42,1.9,11.84,6.03,8.7
18.1,34.7,20.44,1.12,2.31,2.22,14.05,-3.06,-8.39,-17.78,0.32,1.47,11.12
17.24,47.55,30.46,-3.12,9.25,3.4,27.5,-4.66,-4.6,-21.23,8.46,6.31,27.06
17.22,35.98,24.77,7.13,5.76,4.98,16.86,1.31,-2.78,-13.15,3.48,5.3,13.25
17.74,38.72,24.6,2.32,-0.38,-2.27,15.52,2.99,5.09,-7.14,6.74,3.71,16.6
16.66,30.8,10.54,-13.91,-10.85,-9.8,6.02,-9.75,-10.42,-21.63,-3.2,-3.03,11.59
16.49,24.36,9.84,2.91,10.43,11.06,11.39,-5.31,-6.13,-4.98,8.84,7.06,5.97
16.63,27.18,11.17,2.02,7.58,13.29,19.68,5.01,-4.27,-14.18,-4.9,-1.45,5.94
16.85,28.09,13.71,0.08,-2.04,0.59,12.01,6.76,4.4,-4.1,2.51,1.82,4.98
17.33,31.49,15.92,1.88,1.22,1.48,9.29,1.87,3.73,-0.19,8.79,5.45,8.86
16.37,28.16,14.55,3.38,0.48,-4.27,-1.44,-9.17,-5.45,-5.81,2.9,-0.04,0.42
17.1,34.41,16.16,-4.41,-4.9,-7.27,6.02,-6.33,-2.69,-13.46,-2.04,-11.25,-6.34
18.33,49.87,24.8,-17.76,-0.02,-5.17,31.71,-6.59,2.23,-20.17,15.9,-0.25,20.5
18.11,24.4,11.1,5.94,6.02,9.1,13.08,9.51,4.56,-1.71,-5.21,-8.53,-8.99
17.72,32.9,20.61,7.01,3.59,2.85,13.77,9.41,9.84,1.29,8.66,5.25,5.69
17.0,31.04,16.94,6.61,6.46,4.55,7.21,-3.04,-2.52,-3.52,5.17,2.21,1.84
17.49,51.14,32.17,-18.37,-9.8,8.67,44.28,-10.29,-6.32,-11.37,35.22,0.22,8.03
17.12,28.23,13.3,0.02,0.11,0.5,9.34,1.86,2.94,-1.52,7.86,5.26,6.26
17.01,22.93,7.37,-1.96,-0.68,1.12,7.15,0.33,0.04,-1.91,5.71,5.78,7.16
18.08,32.06,18.13,-0.43,0.66,2.24,18.91,6.68,5.98,-3.78,14.13,12.37,13.25
17.97,24.09,11.01,4.99,6.79,7.26,8.9,1.27,2.89,6.44,14.34,11.04,7.55
18.46,39.21,24.39,-0.95,2.74,3.17,23.28,1.1,0.05,-13.97,10.72,8.9,20.15
17.36,45.67,25.1,-11.93,0.92,1.55,30.66,-1.56,1.47,-21.75,8.54,0.81,19.59
17.32,41.02,22.24,-2.22,5.63,6.61,22.69,0.91,4.1,-8.93,12.5,5.92,16.04
17.11,27.37,14.94,7.14,7.33,9.17,14.88,6.74,1.01,-6.75,-3.04,-1.12,5.38
16.82,18.72,1.52,-8.38,-12.07,-14.32,-14.34,-23.21,-27.02,-29.64,-23.78,-21.86,-18.66
17.28,27.64,14.27,2.42,2.5,4.83,15.75,6.5,3.24,-3.42,10.39,16.89,23.91
17.24,34.3,19.68,6.59,8.85,8.99,14.74,1.13,-2.07,-9.26,3.31,2.69,9.62
17.16,29.06,15.68,4.79,5.31,7.76,15.6,4.56,-1.26,-9.11,-1.71,-1.97,0.51
17.12,25.1,11.83,6.2,8.75,9.87,10.01,-1.37,-6.43,-9.81,-5.11,-7.56,-7.56
17.99,34.78,19.49,2.67,7.27,9.86,21.68,3.68,1.56,-6.45,9.25,8.29,15.43
17.72,39.33,22.65,-3.26,4.64,8.46,30.8,9.3,7.02,-8.51,13.53,10.27,22.13
17.47,36.7,15.06,-12.72,-2.99,-1.05,15.93,-8.39,-1.81,-9.94,15.59,5.71,11.96
16.96,24.39,11.03,4.95,6.64,5.65,4.96,-7.13,-8.22,-2.8,15.22,24.55,28.13
16.7,45.47,23.22,-8.45,7.26,-0.42,22.41,-4.12,2.12,-20.36,6.58,-2.01,18.07
17.37,50.99,22.41,-19.66,3.03,-2.21,33.62,-8.94,0.02,-31.36,7.23,-11.21,15.45
17.6,29.32,13.83,-4.18,-2.75,0.55,18.79,8.21,5.25,-9.01,4.07,5.4,16.81
17.27,32.73,18.47,0.71,1.52,2.88,19.4,7.11,1.91,-17.97,-10.57,-11.38,2.34
17.83,35.36,20.71,3.83,6.8,8.33,21.12,4.17,-1.19,-16.9,-9.79,-13.59,-4.7
18.26,24.82,13.07,9.61,8.35,7.29,5.55,-1.4,-6.38,-7.91,-4.91,-1.03,2.12
18.64,34.96,24.82,11.79,10.27,8.17,19.53,9.39,4.24,-11.75,-4.54,-0.61,16.03
18.13,25.75,15.24,12.0,11.47,10.08,9.12,1.93,-2.62,-6.03,-4.57,-3.01,1.22
17.28,21.24,10.15,8.33,8.47,7.65,7.74,3.79,2.22,-0.05,-3.19,-6.32,-4.98
17.77,40.95,24.76,-0.43,5.73,6.43,25.48,-4.9,-8.84,-28.06,-3.46,-7.63,9.1
17.21,29.43,17.7,6.96,4.1,4.68,12.68,2.94,-5.36,-15.62,-6.63,1.71,12.35
18.09,37.46,31.24,8.31,0.48,-2.03,21.35,10.14,8.7,-7.07,9.41,11.21,19.14
18.02,49.77,31.61,-4.76,3.02,-0.52,27.15,-3.06,2.01,-18.2,7.77,0.67,21.73
17.87,28.54,14.94,3.63,1.67,0.09,3.81,-6.84,-8.83,-10.14,2.64,6.03,9.37
18.25,29.7,17.9,7.58,4.05,2.37,10.73,8.21,8.38,1.23,4.99,5.72,12.93
17.92,33.29,20.7,6.6,7.21,8.38,21.66,10.38,5.52,-8.12,0.4,2.15,12.14
18.15,23.5,11.52,6.85,5.58,4.31,4.76,-0.03,-1.06,-1.69,0.06,0.3,3.17
18.43,29.19,15.71,8.7,6.13,8.69,12.55,9.65,4.01,-0.01,0.87,4.33,7.19
17.86,19.36,6.87,5.32,10.32,13.14,14.28,6.91,4.95,5.73,11.35,12.91,12.61
18.07,51.5,28.0,-10.75,9.08,5.95,32.55,-9.22,-0.62,-17.37,19.13,7.21,24.18
17.76,27.03,15.63,9.23,7.06,4.42,4.81,-1.73,-2.57,-2.91,3.41,5.31,8.41
17.66,22.75,9.6,3.62,0.2,-0.99,0.02,-3.51,-6.45,-8.89,-7.56,-5.07,-1.53
17.96,24.49,12.77,6.75,3.52,1.58,5.17,4.9,9.07,11.55,14.55,13.34,12.84
17.88,35.61,21.17,4.03,7.09,8.98,21.5,3.99,-0.12,-12.28,4.01,5.79,16.99
16.53,28.61,14.02,-0.25,-2.97,-4.15,3.33,-8.72,-14.17,-22.86,-9.99,-4.28,6.96
17.03,37.98,22.56,0.89,4.12,6.88,23.29,8.14,3.51,-9.17,8.34,7.54,16.2
17.12,42.97,25.64,-4.35,5.14,4.85,25.62,-9.36,-11.47,-25.37,7.12,4.21,19.82
17.15,35.1,19.97,-0.1,0.8,0.93,16.96,2.12,-0.29,-14.99,-1.48,-2.31,12.69
17.24,31.99,17.42,2.64,5.6,7.77,19.79,4.61,-3.03,-18.21,-7.78,-4.38,8.98
16.64,22.92,10.53,5.17,2.17,0.58,1.17,-2.88,-6.02,-8.91,-8.4,-6.85,-4.06
17.6,54.67,35.37,-16.18,1.26,6.47,48.47,-15.2,-11.74,-26.89,7.55,-17.24,7.42
17.78,35.59,22.38,6.85,8.47,9.0,20.24,5.92,2.6,-8.39,3.97,2.89,8.39
18.1,28.47,17.84,10.13,4.52,1.16,4.9,2.42,0.85,-4.95,-6.13,-6.23,-0.58
17.55,55.08,32.4,-10.28,5.75,-2.82,29.49,-13.46,4.4,-21.23,4.58,-13.19,11.85
17.54,29.47,16.86,6.52,5.29,3.82,7.71,-1.98,-3.29,-4.48,7.55,10.44,14.54
18.38,28.8,16.41,7.34,4.51,6.26,14.06,9.87,4.15,-5.03,-2.56,2.01,9.44
17.87,29.58,16.97,7.32,6.21,6.4,11.5,2.9,-1.08,-6.79,-1.54,-0.29,5.45
18.86,46.77,31.33,-0.39,5.45,3.65,35.06,9.19,8.08,-13.31,10.46,5.34,19.16
18.07,30.19,20.12,12.9,9.39,6.9,9.93,2.69,-1.83,-6.61,-0.89,3.89,8.71
17.35,26.2,14.59,10.0,7.46,4.42,2.08,-5.07,-7.68,-6.54,0.14,5.17,8.06
18.5,41.34,27.0,5.11,7.52,7.05,23.79,2.17,-0.03,-12.25,6.44,1.93,6.67
17.55,29.76,16.71,6.05,4.82,2.47,5.82,-3.72,-5.28,-8.25,0.29,0.36,3.15
18.66,35.88,22.07,6.15,10.05,12.61,24.09,6.32,0.16,-11.74,2.44,2.32,12.0
18.12,29.29,20.47,14.48,11.72,7.24,8.16,-0.18,-2.96,-5.33,2.73,6.21,9.16
16.47,21.36,8.43,3.65,3.79,3.07,3.25,-2.92,-2.76,-0.05,6.74,8.09,6.83
17.76,33.11,21.02,7.33,6.28,5.63,14.5,1.75,-4.27,-15.73,-4.71,-0.12,12.69
17.48,22.13,10.1,5.67,4.11,5.23,9.57,8.12,5.83,2.37,1.57,1.6,3.35
18.21,32.7,21.98,13.63,12.8,9.15,10.86,-0.96,-4.73,-11.51,-7.49,-9.44,-2.96
17.48,42.55,25.0,0.95,9.95,7.93,25.19,-0.38,0.82,-16.09,6.66,3.73,19.33
18.37,25.92,16.67,13.71,13.15,10.28,8.63,-1.05,-6.15,-10.65,-7.34,-5.0,-0.48
17.97,32.92,16.91,0.05,4.33,5.67,17.34,-0.64,-3.24,-11.13,5.94,8.42,20.33
18.07,34.42,20.08,4.88,9.98,15.99,32.18,14.21,4.11,-18.63,-8.33,-6.09,9.7
17.4,23.29,10.33,4.75,6.98,9.97,14.18,5.45,-1.75,-8.62,-5.58,-3.39,0.19
17.93,24.58,10.49,6.48,12.29,16.79,18.04,6.27,1.41,0.68,9.3,10.46,10.52
18.12,24.66,11.69,5.02,6.65,7.46,10.27,0.72,-3.22,-6.68,0.9,3.41,6.63
18.73,30.05,17.69,7.39,9.74,10.69,17.35,2.89,-0.67,-4.05,13.08,17.83,21.22
18.15,31.87,17.77,4.6,11.31,14.32,21.71,-1.44,-9.09,-16.9,2.7,4.32,9.55
16.65,21.52,9.01,4.62,2.35,1.35,1.89,-1.69,-4.52,-5.38,-3.42,-0.94,-0.64
16.73,26.59,13.68,4.27,4.24,7.41,15.78,9.59,4.86,-3.9,0.83,2.33,6.22
17.81,29.85,15.92,4.8,1.83,1.19,6.47,0.58,-0.34,-0.12,13.34,21.39,26.75
17.48,25.89,15.29,11.09,10.95,7.73,3.77,-10.19,-16.78,-17.97,-8.02,-0.47,7.66
18.11,32.45,20.23,6.33,3.71,0.79,9.69,0.74,-1.51,-11.81,-1.01,3.79,16.72
17.71,38.32,25.5,0.47,4.13,8.55,33.36,8.46,-0.66,-21.96,3.55,5.95,23.05
16.98,25.64,15.15,9.23,5.77,4.85,10.1,10.2,8.0,1.6,-1.44,-2.33,0.37
16.78,29.57,17.71,8.43,5.44,1.52,2.75,-6.36,-8.22,-10.88,-1.55,2.82,9.62
16.75,37.63,24.3,1.56,0.04,-1.35,14.73,-1.81,-3.84,-14.84,8.59,12.84,23.04
17.58,35.37,20.48,1.07,1.05,1.58,15.76,2.31,0.98,-9.7,6.18,5.78,13.21
17.89,27.62,14.66,8.52,6.76,7.12,7.84,1.67,-2.63,-4.43,-1.51,0.16,1.24
17.63,31.47,16.43,1.36,2.92,3.94,11.43,-4.28,-8.15,-14.82,-1.89,-0.9,8.72
18.28,56.66,35.48,-19.16,-0.93,7.82,49.44,-7.48,4.09,-14.21,21.0,-10.3,12.88
17.88,24.9,11.93,5.45,6.36,7.06,9.87,0.09,-5.86,-11.13,-5.89,-1.87,4.79
17.86,26.72,12.8,0.38,7.15,10.86,23.08,3.73,-7.66,-27.4,-14.48,-8.54,8.39
17.93,29.07,16.71,6.13,3.21,4.2,13.57,8.98,4.89,-4.23,-0.48,1.74,8.0
17.22,31.72,17.56,1.96,4.17,5.56,17.91,3.02,-2.1,-13.92,4.07,11.86,26.35
18.28,29.0,17.32,6.11,3.26,3.86,14.99,8.77,3.06,-9.52,-2.44,4.53,16.02
18.22,24.86,12.41,8.63,11.38,14.62,16.44,6.99,-0.87,-5.8,-1.08,2.79,6.12
17.52,47.97,25.31,-5.96,11.14,4.02,30.46,1.99,11.37,-7.24,12.54,0.96,11.22
16.98,42.29,30.74,-4.01,-7.89,-3.52,26.91,2.34,-5.42,-22.04,6.14,2.77,10.51
18.19,42.98,25.84,-5.35,4.72,8.91,33.87,4.52,1.89,-20.39,4.83,-3.81,13.7
17.75,27.48,16.12,9.09,6.98,7.13,12.07,9.56,8.33,4.72,6.42,5.73,5.49
18.02,31.92,18.2,5.15,7.48,10.48,20.65,7.61,2.98,-5.91,6.93,9.46,18.3
18.18,25.46,13.9,9.91,9.82,10.8,10.8,1.94,-6.8,-12.3,-9.11,-3.66,1.28
17.72,27.75,16.19,9.74,9.35,9.44,14.95,9.93,6.96,-0.82,-4.75,-10.17,-8.52
17.65,27.16,17.02,9.46,4.19,-1.47,2.21,1.07,4.75,0.23,-3.1,-11.22,-11.44
18.23,35.92,23.84,8.2,5.08,2.05,13.53,6.84,7.98,-1.29,3.35,-2.35,4.27
17.45,26.13,15.18,11.84,10.09,7.15,4.05,-3.02,-4.84,-5.11,-3.11,-3.87,-2.81
17.04,22.26,9.32,4.06,4.8,5.84,8.52,1.36,-2.35,-3.94,3.42,9.95,15.35
17.54,25.74,15.05,9.83,6.97,4.19,5.15,-0.42,-2.7,-5.73,-3.93,-4.93,-3.49
18.45,49.92,28.4,-2.76,17.18,7.14,35.07,0.96,3.67,-17.61,2.52,-14.37,4.89
17.86,23.94,12.14,8.4,6.52,5.33,4.92,1.09,-1.0,-1.94,-1.59,-1.09,0.67
17.48,27.92,15.43,7.7,11.25,14.32,20.58,7.87,-0.65,-11.05,-4.42,0.09,8.96
17.08,34.01,18.58,5.13,7.57,8.7,17.01,4.6,4.62,-4.37,1.96,-4.9,-0.13
17.44,24.98,12.36,5.43,5.21,4.55,6.17,-3.53,-7.59,-8.96,2.09,10.44,17.76
18.08,42.26,21.04,-9.22,5.94,5.54,29.66,0.84,-0.21,-22.74,3.8,-2.23,16.25
18.23,29.93,15.8,2.18,5.09,10.48,25.48,14.9,8.54,-6.63,0.45,1.82,14.11
17.94,29.62,17.98,7.32,8.0,12.18,25.32,18.81,10.62,-6.17,-7.59,-10.88,-5.12
17.49,32.35,17.14,1.61,3.94,5.95,18.66,7.77,7.96,-0.72,10.39,8.64,15.97
17.06,28.87,17.11,8.01,7.1,6.54,12.27,4.72,-0.16,-8.49,-4.43,-4.34,-0.1
17.89,27.29,14.85,6.68,8.56,11.07,18.35,9.35,3.4,-6.58,-3.23,-2.64,2.95
18.29,30.11,16.88,8.57,7.44,9.55,16.15,12.78,10.2,3.16,2.37,-0.43,1.23
16.37,54.98,26.92,-25.6,4.8,3.79,35.88,-13.87,-0.88,-30.77,4.28,-14.13,17.61
17.05,33.14,17.06,-0.43,1.88,1.63,11.7,-7.77,-12.45,-24.03,-7.06,-4.2,7.13
17.19,27.44,13.53,3.31,3.39,3.06,8.0,-2.97,-7.48,-12.76,-2.99,2.12,9.36
17.52,24.89,11.96,4.79,4.37,5.21,9.15,0.62,-6.96,-15.14,-10.01,-3.34,6.96
17.37,56.37,29.74,-17.95,11.93,3.57,43.94,-4.53,2.88,-28.9,1.18,-20.75,10.18
16.93,25.0,13.97,7.86,5.79,4.25,8.55,5.53,3.21,-4.6,-7.07,-10.32,-7.35
17.75,32.26,16.55,-1.04,2.18,5.98,21.63,7.21,1.22,-16.84,-7.16,-6.41,8.78
17.2,27.55,12.85,2.05,-0.11,1.26,7.21,1.19,0.32,-1.0,6.67,6.8,5.43
17.97,30.39,18.37,10.12,12.74,14.47,18.61,4.1,-4.13,-12.48,-3.84,-0.1,7.69
17.98,29.72,17.93,6.35,5.65,7.53,18.19,8.83,1.16,-10.99,-1.46,4.54,12.79
16.71,47.21,28.85,-14.51,-5.76,-0.57,28.82,-15.57,-15.66,-28.32,14.26,-2.1,9.75
17.41,25.49,12.21,4.0,1.14,-2.24,-2.88,-11.51,-12.35,-10.69,0.13,5.16,8.57
17.42,32.12,17.11,-4.78,-10.7,-12.27,9.95,7.62,12.02,-3.21,6.18,5.03,17.39
17.88,34.59,16.98,-4.57,-6.28,-7.56,8.66,0.06,6.32,-0.69,13.91,7.52,13.89
18.14,32.07,19.1,0.72,-2.68,-6.64,8.14,2.78,10.41,1.43,9.21,-1.42,1.78
18.09,31.78,15.31,-0.17,-1.84,-4.3,4.33,-3.89,1.41,-3.24,6.93,1.0,4.04
18.13,30.23,17.91,7.35,5.87,5.34,12.38,4.34,0.47,-8.05,-2.46,-0.95,3.4
17.88,28.94,17.33,6.89,1.96,-3.21,2.53,0.02,3.32,-1.51,0.14,-6.95,-6.62
17.62,26.13,12.66,3.39,1.15,0.47,7.42,4.88,7.03,3.93,4.9,0.69,1.07
18.31,28.11,16.93,10.42,8.81,7.75,10.47,5.17,3.55,-1.3,-0.95,-5.1,-6.24
17.91,37.88,23.88,1.1,1.31,-1.53,13.79,-1.68,7.57,4.03,25.41,10.52,4.84
16.79,30.85,16.0,3.2,5.73,3.57,6.46,-8.91,-7.69,-5.65,16.17,20.32,22.23
18.32,46.72,29.19,-7.55,-2.73,-1.23,26.96,2.6,8.28,-11.25,24.55,10.62,18.2
17.18,28.75,14.78,4.33,2.18,1.18,4.59,-4.81,-8.41,-12.12,-4.37,-1.73,4.13
17.53,37.48,18.84,-5.97,-1.56,-2.8,10.82,-8.52,-3.15,-12.83,7.48,0.21,8.28
18.09,29.06,19.69,11.54,7.8,2.67,5.91,-1.34,-0.3,-0.85,10.09,13.45,16.91
17.72,29.4,17.38,8.82,6.08,2.48,4.66,-1.1,-0.31,-2.22,2.56,0.28,1.52
17.62,29.97,18.75,9.39,5.44,1.65,4.75,-1.36,-0.27,-1.07,6.87,7.19,7.95
17.22,44.04,29.19,-1.65,-3.1,-8.0,18.06,3.12,14.27,-1.81,17.77,4.04,10.04
16.72,47.21,23.44,-14.35,-2.0,-16.43,14.17,-9.19,13.31,-3.29,17.87,-4.92,6.07
16.63,49.73,27.31,-14.78,-4.8,-10.01,21.65,-8.4,5.62,-16.01,18.35,-4.16,10.61
17.97,52.36,26.61,-10.3,10.15,-2.61,26.24,-9.11,6.64,-16.31,16.94,1.83,14.67
17.46,28.34,15.77,3.91,0.02,-3.33,3.87,-1.53,0.84,-1.46,6.38,2.26,0.71
17.8,38.18,22.51,-0.65,0.21,-1.07,13.81,-2.89,-0.85,-10.6,9.95,6.99,14.67
17.33,23.78,11.61,4.69,-0.45,-2.29,1.76,1.16,0.24,-3.2,-3.17,-2.18,1.38
17.6,37.2,25.23,2.64,0.01,1.06,21.19,10.84,9.81,-2.88,10.96,6.57,11.65
16.83,34.4,20.37,-0.3,-6.73,-12.7,2.73,-0.57,8.48,-1.22,5.73,-5.35,0.61
17.07,29.53,14.29,2.56,1.59,4.42,15.6,12.16,10.89,0.08,-0.95,-6.7,-2.72
17.14,41.01,28.83,-0.13,-5.69,-11.68,11.21,-2.45,7.01,-9.95,6.09,-10.51,-2.85
17.1,33.16,20.53,-0.65,-2.39,0.01,21.06,7.98,4.51,-10.61,8.31,13.59,25.94
17.47,38.97,25.32,-0.8,-1.8,1.21,28.39,12.44,5.66,-19.62,-0.7,-2.48,13.58
17.36,28.42,15.19,6.17,5.31,4.91,8.19,-0.72,-3.97,-8.09,-1.73,-1.09,2.61
17.68,30.41,18.1,4.6,1.33,2.27,13.92,6.19,-0.22,-13.25,-4.15,3.45,16.41
18.17,26.41,15.04,8.64,6.03,2.71,2.73,-4.33,-5.08,-4.64,3.63,7.42,9.97
17.63,34.24,20.23,2.6,0.53,-0.56,12.64,2.11,-0.46,-12.64,-0.28,2.02,11.86
17.75,33.48,21.31,6.85,3.64,3.08,14.41,8.05,3.02,-10.13,-6.47,-7.46,-0.6
17.49,25.46,13.91,6.88,0.98,-4.15,-4.49,-8.43,-9.18,-10.89,-8.57,-7.76,-5.42
17.56,31.66,16.83,3.04,1.7,-0.14,7.24,-2.06,-0.43,-4.32,6.29,5.31,11.13
17.62,39.48,27.91,6.54,0.67,-4.0,12.1,1.16,1.54,-15.29,-1.75,-0.39,15.39
17.46,36.76,22.25,2.73,-0.78,-2.39,14.18,6.39,7.82,-7.13,0.82,-2.38,7.79
18.28,29.51,18.11,9.3,5.96,5.88,13.92,12.66,12.75,5.83,3.88,-0.02,2.78
18.6,29.31,18.02,7.72,5.01,4.48,13.37,11.42,13.32,10.1,15.0,12.75,13.86
18.17,54.02,30.03,-12.68,7.13,3.71,41.54,-2.99,4.39,-20.32,19.08,-0.93,23.37
16.65,37.24,22.68,-2.56,1.31,3.53,23.81,0.36,-4.32,-22.19,-1.68,-1.11,12.17
17.84,27.03,14.76,7.27,5.71,4.16,6.62,-1.47,-4.63,-8.01,-1.81,0.53,3.85
17.73,23.77,11.06,3.23,0.87,-0.68,2.31,-4.11,-8.0,-12.99,-9.2,-6.63,-1.35
17.54,39.18,23.91,0.23,6.26,8.46,30.33,7.01,2.4,-16.81,3.76,5.73,22.42
17.66,44.11,28.74,-2.65,2.43,6.93,32.39,1.74,-0.86,-20.86,1.91,-4.35,11.86
17.5,28.52,16.91,9.1,11.0,11.77,16.55,3.46,-4.74,-13.07,-2.73,5.14,15.94
17.47,25.2,13.78,6.99,3.4,0.95,2.87,-2.4,-6.17,-11.01,-7.99,-3.35,4.38
18.22,32.81,20.89,9.46,10.65,11.27,21.33,10.06,3.46,-8.21,0.69,4.58,15.27
17.62,28.79,17.21,7.09,3.26,2.17,10.21,5.84,0.36,-10.91,-8.01,-2.95,8.01
17.62,31.64,19.65,7.48,3.86,2.05,10.26,3.41,-1.17,-13.31,-8.44,-5.32,2.82
17.44,22.16,10.9,8.7,9.51,9.67,8.89,1.19,-3.63,-6.53,-4.45,-2.81,-0.31
18.47,49.28,26.98,-12.33,5.81,3.49,36.35,1.07,5.2,-22.97,3.59,-10.19,16.35
16.62,25.92,13.56,4.43,-1.13,-4.39,-0.58,-3.63,-4.02,-7.57,-5.85,-5.72,-2.36
17.66,29.22,16.31,5.76,2.58,0.31,5.06,-1.77,-4.51,-12.1,-10.91,-13.84,-9.42
17.58,33.03,19.98,1.37,0.87,3.5,22.39,10.11,1.12,-20.33,-11.91,-9.86,4.47
17.17,32.46,20.03,8.32,6.32,3.03,7.84,-1.05,-1.99,-8.24,-1.65,-2.32,2.03
17.5,50.34,34.62,-7.41,-0.67,4.94,39.98,0.79,1.58,-26.99,-0.2,-13.4,9.86
17.42,31.7,18.87,6.4,6.65,8.27,17.5,3.4,-5.32,-18.15,-8.77,-4.48,6.17
17.34,41.56,19.58,-8.93,1.81,-0.11,20.64,-9.35,-6.79,-27.52,0.6,-3.06,20.86
17.73,31.05,19.73,2.64,1.53,5.64,26.69,13.33,-1.11,-27.28,-16.12,-7.13,14.48
18.22,44.78,29.43,-3.24,2.89,1.94,29.78,1.15,-4.97,-34.0,-6.82,-10.39,14.1
18.46,57.48,35.27,-11.76,9.05,3.07,49.28,-11.85,-7.15,-23.34,6.69,-9.67,13.71
18.56,27.38,17.11,11.18,8.51,6.51,8.86,4.17,0.23,-7.08,-8.43,-8.52,-2.75
18.29,33.92,21.38,9.67,11.45,12.7,20.8,6.67,0.22,-8.07,1.14,0.57,8.08
18.1,25.49,14.33,9.97,8.31,6.7,6.67,1.04,-0.95,-1.83,1.46,2.79,4.31
17.64,34.04,19.42,-0.33,-1.06,0.9,17.3,3.94,-0.7,-16.38,-3.83,-1.22,14.02
17.46,48.76,28.71,-10.0,3.25,6.37,39.53,2.0,3.78,-29.53,-2.3,-11.97,20.46
17.81,27.32,14.22,3.44,0.2,-0.04,6.87,-0.03,-6.73,-18.15,-16.63,-15.24,-7.24
17.65,41.52,28.67,-3.59,1.26,5.05,38.31,14.95,5.17,-29.18,-6.6,-8.25,18.66
17.46,30.78,16.07,0.37,1.17,4.33,18.86,8.35,1.66,-15.0,-10.07,-11.63,-0.16
17.41,55.35,30.57,-29.07,-4.67,0.07,48.02,-4.87,0.86,-27.12,10.08,-9.54,20.31
17.87,48.41,26.48,-12.94,3.9,7.45,41.34,2.65,4.61,-28.01,-2.21,-23.12,5.14
17.48,28.93,15.17,3.31,1.52,0.13,6.35,-3.54,-8.03,-18.55,-14.76,-15.73,-6.84
16.42,49.14,23.16,-19.18,1.14,1.88,31.28,-10.77,-2.98,-28.76,-3.1,-26.75,0.32
16.04,35.56,17.13,-5.44,1.16,5.48,25.18,1.18,-6.08,-27.72,-8.63,-10.14,9.67
16.88,43.64,22.86,-13.7,-1.99,0.63,30.45,-2.21,-3.54,-33.71,-3.99,-11.12,18.57
17.48,29.96,14.85,3.8,9.46,12.16,17.59,-4.18,-16.29,-29.69,-14.93,-7.39,8.12
17.7,29.11,17.04,7.04,4.54,2.96,7.82,-1.82,-8.12,-16.95,-8.99,-1.41,9.89
17.31,28.73,16.08,3.23,-0.52,-1.15,8.24,-0.32,-9.92,-25.72,-20.4,-11.77,4.07
17.25,29.23,16.62,6.16,2.64,0.99,6.68,0.81,0.03,-4.48,-0.25,-0.3,4.53
17.07,30.69,16.98,-0.67,-5.76,-10.29,0.79,-7.88,-8.68,-18.35,-7.36,-6.24,3.43
18.34,27.5,15.92,9.0,8.25,8.96,13.49,5.41,-2.42,-12.61,-11.35,-7.75,1.82
18.61,35.7,22.32,8.74,10.18,10.15,18.11,5.75,-1.78,-14.42,-5.52,-1.07,11.92
17.8,35.48,20.3,0.21,0.85,-0.48,11.14,-9.35,-15.84,-28.95,-11.09,-9.41,3.98
17.1,33.39,22.51,8.62,6.44,2.26,12.79,2.67,0.83,-16.01,-13.38,-16.59,-1.22
17.79,40.13,25.4,-2.47,0.43,0.75,24.78,0.67,-5.66,-30.79,-6.13,-1.39,26.74
17.65,28.21,15.36,5.99,4.57,6.39,13.16,4.33,-5.0,-16.45,-11.96,-3.89,8.93
17.51,28.64,17.77,10.09,7.84,6.22,9.16,-0.92,-9.71,-20.02,-16.48,-11.53,-0.57
17.97,41.74,21.51,-3.42,8.74,5.39,22.47,-3.36,2.08,-10.16,15.01,9.01,19.05
18.16,56.23,27.3,-23.0,6.46,-0.89,40.45,-15.64,-0.06,-17.36,14.45,1.84,30.86
17.41,25.15,14.13,8.2,4.45,-0.18,-0.36,-6.02,-7.26,-9.1,-4.13,0.05,6.71
17.75,37.46,24.4,3.2,1.28,1.94,19.69,8.52,5.35,-10.32,3.74,4.34,18.13
17.41,30.35,18.2,5.01,2.11,-0.97,6.11,-2.25,-2.37,-8.18,2.17,3.36,10.88
17.67,32.34,18.71,5.43,7.1,7.41,15.36,0.14,-7.69,-21.62,-11.96,-9.39,2.08
16.34,26.43,11.29,0.46,-0.82,0.44,6.65,-1.13,-7.05,-16.43,-13.16,-11.0,-0.6
17.66,34.6,20.55,3.26,6.01,7.24,22.92,7.68,1.16,-19.17,-11.44,-10.42,6.51
18.05,30.08,16.51,5.19,5.65,7.74,15.7,3.92,-5.7,-17.22,-7.81,-0.28,10.89
18.36,28.74,15.99,5.0,7.28,9.7,18.33,3.59,-6.54,-18.82,-5.92,3.52,17.1
16.54,19.28,7.71,4.75,2.42,-2.24,-4.79,-8.31,-5.7,-1.78,2.31,2.4,1.82
16.98,32.98,20.96,10.34,13.21,13.47,18.74,1.51,-5.61,-14.48,-2.11,1.79,8.9
16.71,28.43,13.81,5.88,13.02,17.9,20.71,0.27,-11.4,-20.62,-7.64,-2.5,6.92
