2.61,-44.57,-24.55,-14.21,-21.88,-11.45,-20.49,-9.81,-13.23,2.99,6.72,20.06,12.22
2.17,-39.88,-17.55,-8.82,-18.29,-6.39,-15.1,-6.21,-4.74,-0.57,-2.93,6.29,-3.29
3.01,-43.29,-18.48,-8.74,-19.74,-6.65,-19.06,-5.43,-16.34,-7.6,-10.34,-7.83,-11.08
10.91,34.05,19.96,-19.23,-15.4,10.89,25.24,-11.6,-13.9,-17.49,10.33,-4.38,16.62
13.65,38.85,16.58,-16.74,-1.9,3.94,27.66,-2.96,-0.99,-19.24,11.07,-0.76,19.0
13.68,29.66,9.9,-11.69,1.15,11.32,28.51,5.56,2.17,-10.88,9.56,7.16,17.72
14.05,42.34,19.4,-29.53,-14.61,4.84,38.54,-15.81,-9.99,-24.82,18.99,1.99,15.98
14.13,39.22,16.62,-16.36,-2.88,7.25,27.84,-5.84,1.24,-18.47,18.66,4.05,18.75
14.98,31.35,15.38,-3.76,-0.06,5.13,20.8,1.47,-5.69,-17.64,2.64,4.32,10.83
15.48,36.85,19.01,-8.79,-0.48,5.47,29.03,2.01,-5.01,-25.43,3.57,3.67,22.84
15.29,29.87,14.16,-1.44,1.73,4.47,14.82,-1.96,-7.03,-16.24,-0.64,5.26,15.49
15.57,24.85,9.63,-1.88,-0.48,2.63,13.36,5.4,-0.72,-11.08,-2.77,3.3,15.54
15.62,37.59,17.63,-10.21,-2.3,-0.56,16.55,-8.0,-7.04,-21.97,5.72,3.81,22.56
15.76,28.38,12.38,0.16,1.45,6.14,15.76,7.37,2.63,-6.1,2.33,5.49,11.57
15.86,32.06,14.63,-9.23,-5.85,0.87,21.24,0.68,-5.66,-17.39,9.07,9.55,17.06
15.79,26.06,6.59,-4.95,3.98,10.31,17.93,2.21,-3.22,-9.94,2.94,5.52,15.65
15.58,33.7,15.13,-8.12,-1.81,3.32,21.4,-0.74,-1.82,-11.74,10.41,8.26,15.7
15.3,30.81,6.46,-14.0,2.28,8.68,21.33,-9.51,-14.36,-28.76,-0.22,0.11,21.47
16.31,46.61,16.26,-22.11,11.35,9.72,42.03,-5.51,2.61,-26.35,8.16,-8.27,13.03
16.18,26.46,10.23,-2.95,0.44,5.48,15.47,2.28,-3.42,-12.96,-3.41,-1.34,8.24
16.28,53.67,21.75,-29.63,6.33,7.97,46.41,-8.54,7.69,-20.96,22.11,-3.86,18.05
15.79,39.9,13.78,-23.63,-9.24,-3.43,21.27,-12.82,-4.35,-16.62,18.28,2.76,19.65
16.43,33.27,12.07,-15.74,-5.2,1.95,24.8,0.03,-0.3,-15.5,10.5,8.07,26.88
16.69,29.79,11.73,-5.61,-0.7,2.86,15.67,0.31,1.1,-4.71,15.23,14.65,22.87
16.6,45.67,21.87,-18.24,0.42,6.06,29.08,-12.42,-5.57,-24.17,12.55,-1.76,14.55
16.62,31.41,12.79,-3.98,3.64,6.29,15.89,-4.93,-4.39,-7.76,16.7,19.02,25.98
16.47,25.03,8.89,-5.34,-3.67,-0.32,9.3,-5.08,-10.35,-15.29,3.39,9.61,16.0
17.3,35.1,14.26,-13.81,-1.82,7.5,33.06,8.06,7.08,-9.47,17.24,10.7,22.22
16.92,39.77,17.08,-14.89,-3.84,-2.87,24.94,-0.47,5.45,-14.06,13.31,7.25,22.8
16.58,29.19,11.23,-6.02,0.75,5.31,18.94,-1.49,-6.21,-17.57,5.0,9.2,21.15
17.06,28.16,10.62,-9.1,-5.93,2.05,21.89,9.98,5.24,-8.65,5.3,3.64,11.26
17.03,29.53,12.94,-1.66,1.52,3.48,14.66,4.67,4.41,-6.03,1.44,-1.9,7.11
17.31,43.86,18.49,-15.72,2.83,1.68,28.43,-1.27,7.51,-13.37,11.39,-3.95,15.07
16.12,40.74,17.9,-24.66,-7.62,-4.09,25.16,-9.26,-7.02,-27.31,2.83,-6.5,18.02
16.76,43.0,19.01,-19.73,-2.54,4.38,37.13,3.36,8.01,-15.39,16.47,-0.12,17.55
17.16,29.94,15.77,0.84,2.07,5.49,18.59,7.67,2.21,-9.19,2.68,5.82,15.33
16.68,24.16,9.46,-1.55,0.98,4.89,15.51,4.62,-0.78,-7.31,7.3,17.05,27.41
16.58,38.57,18.24,-10.22,-1.67,2.26,23.13,-1.58,-0.02,-13.29,13.41,7.76,19.95
17.2,26.77,8.95,-6.5,1.57,8.68,24.77,9.89,5.53,-7.43,4.51,4.47,14.47
17.5,25.57,11.04,0.73,0.1,2.9,11.79,5.58,0.31,-8.09,-1.52,3.89,12.45
17.45,36.29,17.2,-10.84,-5.14,0.25,24.15,4.65,3.9,-12.37,9.92,5.02,18.65
16.82,52.13,17.62,-27.87,0.44,2.64,40.23,-11.76,5.32,-22.22,22.16,-8.14,22.22
16.76,30.25,14.63,-5.95,-5.48,-1.08,19.61,7.88,2.05,-13.34,4.3,11.08,26.27
16.97,54.12,26.35,-46.73,-4.43,13.02,53.0,-22.15,0.92,-23.71,24.87,-6.41,18.18
17.09,26.02,10.63,-1.83,-0.18,2.71,13.24,2.94,-1.65,-10.98,-0.9,4.51,14.36
17.04,45.79,19.58,-21.76,2.4,0.82,33.6,-2.54,7.87,-12.22,16.29,1.25,17.39
16.82,33.39,14.12,-14.07,-7.04,-0.55,25.39,3.04,1.96,-14.43,11.56,8.8,21.34
17.07,31.55,10.18,-14.6,-5.98,1.02,24.58,6.26,9.69,-2.25,19.92,11.12,16.46
17.76,28.84,12.09,-7.93,-5.45,-1.12,16.39,0.62,-2.22,-12.58,9.05,12.06,20.0
17.53,35.84,17.2,-11.68,-6.85,-3.43,22.14,2.4,3.55,-12.46,14.3,7.78,16.36
17.22,29.44,11.97,-8.93,-8.98,-5.68,14.34,6.48,6.24,-7.56,6.11,7.95,20.51
16.62,28.44,7.83,-12.32,-8.54,-4.47,13.24,3.38,5.69,-5.1,7.35,1.45,8.18
18.04,35.66,15.42,-11.78,-4.22,1.03,26.69,10.31,14.08,-2.7,15.2,7.0,20.26
17.69,30.82,10.34,-9.22,-5.6,0.3,17.83,7.51,7.47,-7.01,1.27,-4.49,6.6
17.33,33.5,12.85,-15.85,-9.72,-4.15,24.25,10.08,14.24,-4.88,12.57,3.19,16.22
17.64,44.65,15.54,-30.76,-12.03,-3.54,38.5,0.53,13.71,-16.11,20.81,-4.36,19.17
17.89,44.35,18.22,-32.08,-15.85,-0.99,37.05,-6.68,-0.84,-22.32,20.72,-6.36,9.73
18.18,34.02,7.17,-20.69,-3.01,2.08,27.3,3.82,10.48,-8.89,9.46,-8.25,3.37
18.87,31.79,6.45,-29.04,-17.9,-8.57,23.43,-1.18,3.81,-13.01,12.63,-6.0,0.24
18.87,27.6,4.13,-29.88,-25.04,-16.41,15.83,-0.56,3.45,-9.6,15.59,3.61,8.68
19.06,36.87,9.69,-30.42,-11.64,-1.0,33.79,-0.09,8.69,-10.15,21.1,-3.93,5.53
18.86,44.71,9.83,-35.03,-2.17,-8.57,32.86,-11.12,4.91,-20.05,19.7,-2.15,17.12
18.81,30.32,7.47,-21.88,-7.06,3.37,29.94,2.6,3.45,-13.05,15.52,6.8,19.35
18.52,39.29,10.55,-31.17,-8.83,-0.06,32.86,-7.05,4.09,-13.65,28.0,6.44,22.98
18.4,54.29,15.42,-39.72,0.55,-9.14,44.43,-5.91,20.39,-10.76,33.25,7.7,26.26
18.01,32.55,6.49,-17.95,-4.1,2.03,20.95,-0.53,7.33,-2.08,22.45,10.29,19.14
17.71,43.43,9.44,-33.79,2.66,2.53,39.04,-4.6,13.0,-11.89,26.11,0.38,16.39
17.98,42.48,8.57,-30.45,-4.56,1.7,38.62,-1.48,10.73,-21.29,14.75,-10.46,17.09
18.82,28.72,4.29,-26.42,-14.39,-5.85,27.02,10.52,14.69,-10.45,4.32,-8.46,9.45
19.37,44.68,20.52,-38.79,-20.25,-10.47,48.51,9.89,22.67,-14.47,19.28,-19.77,6.05
19.84,39.29,11.37,-41.68,-20.5,-9.89,49.91,16.87,34.91,-4.57,23.37,-17.68,6.56
19.69,37.36,8.65,-33.26,-12.86,-13.22,33.64,10.48,26.89,-8.8,11.17,-14.15,13.33
18.44,49.0,9.8,-44.76,-3.18,-3.52,51.49,-3.99,20.17,-8.99,30.93,-0.74,25.21
19.33,36.14,4.16,-31.09,-5.03,-0.26,37.87,8.12,21.57,-10.71,11.78,-10.73,13.31
20.14,34.16,5.15,-36.4,-18.52,-9.68,29.26,0.87,12.26,-11.79,16.26,-3.84,14.4
19.22,51.19,16.33,-54.8,-15.72,-1.1,51.4,-13.56,10.21,-11.4,34.8,-10.7,14.89
19.2,39.42,10.93,-40.14,-20.51,-8.77,44.99,5.78,13.62,-18.56,22.62,2.62,26.9
18.84,27.31,3.57,-23.52,-8.25,4.13,31.42,4.65,2.64,-16.57,10.8,5.6,22.99
19.1,45.05,12.84,-34.91,-5.69,-4.61,42.01,6.31,22.76,-16.58,14.41,-9.55,18.49
19.29,35.72,6.47,-34.92,-8.0,2.97,43.86,8.46,16.41,-9.65,21.12,-3.27,8.55
19.06,30.17,3.87,-28.82,-11.05,1.74,36.1,11.9,15.78,-6.25,16.29,-0.92,10.82
18.71,24.4,-3.0,-22.96,-12.78,-3.47,14.92,5.46,14.9,6.59,15.16,-2.13,2.41
19.05,58.14,6.47,-55.74,2.04,-27.14,59.43,-15.41,21.45,-7.38,28.54,1.68,21.19
18.19,35.61,5.99,-23.36,-3.75,-6.4,18.64,-3.86,9.35,-3.5,23.76,11.65,24.11
17.72,43.67,11.2,-34.59,-7.12,-3.09,36.15,-0.64,17.02,-11.0,22.25,-4.03,17.54
18.21,40.94,8.48,-30.29,-6.71,-0.13,36.44,3.95,22.13,-2.91,31.85,5.77,25.68
18.15,32.31,9.02,-19.31,-6.44,1.7,26.78,3.79,6.78,-8.24,14.2,3.92,13.87
17.59,46.49,19.03,-27.82,-5.92,2.99,44.15,7.2,22.75,-5.98,28.49,1.78,18.43
17.1,40.65,17.88,-19.75,-10.35,-6.04,26.21,1.47,9.38,-10.29,15.81,3.42,19.54
18.27,32.37,13.91,-10.0,-1.63,5.8,32.51,15.54,13.48,-7.72,9.39,4.0,16.29
17.95,31.51,12.88,-10.06,-2.36,3.48,26.85,9.55,7.07,-12.14,4.75,2.09,14.74
17.34,35.58,14.01,-18.49,-11.2,-4.48,26.21,4.38,6.56,-12.74,14.08,7.46,23.78
17.39,31.19,11.74,-13.9,-7.13,2.74,30.37,14.47,12.16,-6.14,11.53,5.36,16.44
17.56,26.67,8.02,-6.31,2.03,9.87,23.52,8.46,4.1,-8.21,1.9,-1.71,6.64
17.98,31.02,16.22,-2.0,0.12,6.9,25.46,10.36,1.02,-16.27,-0.88,3.84,17.02
17.95,34.56,17.05,-7.09,0.05,6.69,28.73,9.54,5.87,-10.4,10.18,8.59,21.32
17.79,25.82,8.83,-3.73,1.42,6.03,16.44,5.52,4.55,-1.41,9.33,10.06,17.52
17.93,32.65,14.66,-6.0,-1.33,4.56,23.63,9.15,5.93,-9.61,6.94,7.71,19.84
17.87,26.13,11.96,2.2,3.1,5.51,12.15,3.84,0.25,-5.18,1.55,4.11,11.44
17.69,47.49,31.69,-22.08,-12.78,-0.56,41.0,3.16,5.02,-12.95,21.39,0.25,16.33
17.29,33.83,15.37,-10.09,-4.3,3.58,29.15,10.42,7.69,-9.92,11.41,5.98,16.11
17.22,30.83,10.71,-6.88,-1.65,4.98,21.11,10.31,10.31,-2.09,7.31,1.15,8.74
17.6,40.94,17.26,-20.2,-2.21,5.25,37.48,2.38,5.43,-15.01,22.07,8.79,22.0
17.88,30.82,16.72,-5.91,-6.65,-3.07,20.12,9.03,2.8,-14.9,4.39,11.88,25.63
17.35,24.3,10.67,2.23,0.5,1.59,9.31,7.17,4.94,-2.11,-0.7,1.24,8.03
18.42,28.16,12.66,-2.3,1.03,6.74,21.39,9.75,4.72,-5.55,7.83,10.6,18.36
18.63,36.95,22.26,-1.18,-0.39,3.22,25.7,11.01,6.61,-13.07,4.45,4.13,16.32
18.49,52.63,23.79,-23.69,-0.81,2.95,46.28,-1.26,17.84,-9.84,29.35,1.58,23.48
17.99,34.91,17.25,-7.67,-5.04,-1.08,21.72,7.97,8.25,-8.24,10.39,6.84,15.01
17.82,30.15,10.93,-10.54,-3.78,3.46,25.02,10.63,10.11,-4.07,11.94,6.99,16.04
17.7,21.99,6.46,-2.23,-0.46,2.04,8.81,2.96,1.96,-2.03,2.21,2.57,8.37
18.59,27.82,13.18,1.2,-0.77,0.92,9.47,4.9,5.33,3.89,13.44,15.04,17.47
18.47,41.4,18.36,-15.52,-2.49,-0.19,26.51,2.32,14.82,-0.22,26.95,13.91,27.87
18.08,33.9,10.71,-10.08,8.67,12.05,31.61,7.51,9.33,-9.04,12.98,6.48,21.6
17.61,26.26,10.1,-5.41,-3.43,2.0,18.07,9.21,5.05,-6.68,5.22,9.2,19.57
17.78,27.99,13.18,-1.36,-0.02,5.57,21.8,13.0,4.81,-11.7,-2.8,3.15,15.3
17.82,31.34,16.97,1.75,1.14,3.95,18.26,10.4,6.76,-5.24,2.56,3.65,11.09
17.27,29.25,12.73,-3.31,2.45,8.45,22.4,5.28,1.69,-8.35,7.02,5.3,11.77
17.33,26.6,10.02,-3.32,1.51,6.59,18.55,6.74,2.13,-8.81,0.86,2.95,13.16
17.86,26.08,8.26,-2.58,5.32,12.9,24.51,13.33,11.34,1.7,8.41,3.36,9.32
17.14,53.54,15.23,-33.61,9.78,-6.9,36.53,-13.17,6.88,-16.25,13.82,-8.49,16.89
17.88,45.14,26.41,-18.81,-2.22,10.86,40.47,-5.09,-2.84,-15.27,17.91,-5.17,3.5
17.37,43.42,21.01,-23.05,-6.98,8.6,42.49,-3.62,0.14,-18.25,22.34,3.04,21.02
17.98,35.42,13.81,-7.61,5.4,11.31,27.51,1.78,2.54,-10.79,10.62,1.42,12.07
18.4,36.4,15.05,-12.02,7.93,14.68,39.16,5.84,7.64,-10.65,20.4,14.73,30.86
17.57,24.61,12.74,6.87,4.71,3.24,6.32,3.15,3.74,0.96,1.61,-0.83,1.09
17.49,27.77,12.42,-1.32,1.77,5.21,15.94,3.74,1.12,-5.5,8.66,8.65,12.76
17.57,29.61,16.53,0.4,-3.66,-2.91,12.8,6.62,-0.2,-15.87,-6.97,-0.05,13.1
18.12,32.32,16.26,-0.6,1.89,4.51,18.74,8.82,7.52,-4.62,5.11,2.68,9.81
18.03,49.81,27.05,-22.18,-1.82,4.23,46.44,6.13,8.26,-12.73,18.25,-7.78,15.49
18.04,33.3,16.28,-8.24,-2.77,5.91,32.48,14.99,8.87,-13.26,4.42,1.61,15.54
18.51,26.36,10.07,-4.01,-3.51,3.01,19.64,16.13,11.37,-1.83,2.65,5.11,15.28
18.3,25.75,11.85,2.02,1.64,5.34,15.98,12.43,8.84,-0.6,0.41,-0.37,4.94
17.96,26.77,12.46,0.69,-0.13,1.63,11.99,8.21,9.54,5.43,12.78,11.65,14.3
16.75,34.41,15.38,-9.49,-4.05,-1.79,18.18,-0.07,-2.44,-22.09,-5.0,-7.05,7.5
17.36,47.17,24.27,-22.8,-5.67,2.3,34.96,-5.68,1.0,-16.95,18.72,-4.92,9.8
17.67,39.94,19.9,-12.45,-4.74,1.74,28.28,2.92,4.73,-11.81,15.0,1.94,12.64
17.6,21.02,6.02,-0.64,-0.46,2.94,9.27,7.43,5.89,4.21,8.99,13.24,17.41
17.79,25.86,9.93,-1.87,1.65,6.28,18.45,12.35,10.83,0.67,3.91,1.14,8.52
17.84,40.23,18.97,-13.41,-0.91,7.51,36.41,10.78,12.17,-7.3,19.58,5.46,14.55
18.07,42.13,17.81,-12.25,6.8,6.44,33.49,5.05,10.57,-14.58,5.54,-5.18,14.87
17.44,39.08,19.19,-16.91,-9.93,-1.59,30.99,4.62,6.3,-12.57,16.48,7.17,21.41
17.46,33.14,18.26,-5.4,-6.96,1.78,27.3,16.62,13.78,1.15,19.85,17.7,22.39
17.31,24.69,9.19,-3.89,-0.76,5.64,20.49,10.93,3.89,-9.38,1.2,6.19,16.01
17.9,28.62,11.58,-3.98,2.85,10.62,26.98,14.92,12.1,-0.13,10.61,7.02,11.06
17.87,39.13,18.8,-14.16,-0.56,4.99,36.82,13.47,13.59,-12.38,9.16,0.24,17.76
17.69,36.74,18.07,-9.45,-2.57,3.83,31.04,11.46,12.18,-6.7,14.01,5.35,15.57
17.35,30.05,12.03,-4.65,0.52,4.45,15.09,-1.87,-2.4,-6.65,11.95,9.76,14.72
17.91,28.08,13.16,1.17,1.58,2.96,11.01,3.08,3.19,0.29,9.99,11.09,15.82
18.03,33.0,19.76,2.16,4.77,6.95,22.5,7.33,1.84,-11.29,4.89,9.37,21.15
17.22,52.76,26.51,-25.34,-3.41,4.67,42.98,-13.03,-1.96,-17.62,31.88,1.67,20.89
16.74,37.09,18.71,-9.36,-6.45,-3.45,20.24,2.96,4.26,-11.3,9.49,2.78,13.14
17.17,25.66,9.15,-4.04,-3.55,-2.01,7.66,0.03,-1.53,-9.02,-2.07,-0.58,6.48
18.33,35.97,20.12,-11.64,-12.82,-7.81,21.57,4.53,2.33,-12.61,14.01,12.69,22.37
18.15,29.33,10.69,-8.43,-2.04,1.42,14.49,-2.49,0.01,-4.61,14.51,9.72,13.34
17.75,41.86,11.99,-27.16,-5.24,-2.0,29.75,-4.7,10.79,-9.4,25.31,5.36,24.99
18.3,46.18,18.03,-29.79,-9.99,-2.83,36.9,-4.31,8.97,-12.6,25.97,0.74,20.56
18.17,41.03,18.23,-19.29,-8.91,-2.49,27.32,-0.94,4.52,-16.37,10.76,-4.37,12.49
18.27,36.29,16.22,-10.74,-1.5,2.14,26.06,3.81,3.37,-14.87,8.15,4.46,20.58
17.74,31.07,12.47,-9.41,-7.58,-4.94,13.37,2.21,5.44,-2.76,14.26,10.83,18.89
18.19,37.15,18.28,-9.26,-2.67,-2.48,15.9,-7.88,-2.05,-7.81,25.57,18.5,20.52
17.97,25.44,6.07,-10.34,-8.24,-4.87,8.29,1.59,5.36,-0.5,8.55,3.38,7.24
18.31,37.98,11.07,-20.93,-1.05,1.79,25.97,-1.67,10.78,-1.41,26.51,8.78,17.88
18.0,35.34,11.12,-14.41,-0.67,2.54,20.5,-3.44,4.23,-4.96,18.41,1.83,7.92
17.16,25.9,7.11,-10.7,-6.03,0.16,15.7,4.45,5.79,2.02,18.18,13.47,13.3
17.84,26.36,7.31,-6.0,1.66,9.71,22.38,10.56,9.2,0.82,9.62,3.61,9.19
18.29,32.75,14.47,-7.75,-1.72,4.74,23.26,4.15,2.71,-7.22,13.95,9.17,14.06
18.07,42.95,18.66,-21.59,-0.74,9.0,37.87,-7.33,-0.42,-16.28,24.79,3.01,14.85
17.01,50.1,6.9,-31.61,17.97,-11.99,38.28,-19.19,6.18,-16.93,7.94,-5.62,6.43
17.75,28.4,10.02,-9.47,-5.87,0.02,17.0,4.89,6.3,2.83,22.83,21.12,23.62
17.27,25.77,9.93,-3.39,-1.23,4.41,17.99,9.28,3.34,-8.98,-1.8,0.28,10.01
17.75,42.43,19.04,-8.07,2.24,5.24,24.83,-1.65,5.93,-8.79,15.3,1.46,13.85
17.67,38.46,18.59,-11.68,-1.77,4.63,27.38,-1.76,-2.13,-17.28,11.65,0.89,10.83
18.29,56.7,23.69,-29.54,10.56,4.02,41.9,-12.28,6.97,-13.81,29.46,-1.29,17.42
18.67,30.33,16.52,4.55,4.32,5.38,13.13,4.86,4.15,-0.17,7.89,7.18,10.1
18.35,23.57,9.12,2.88,4.09,7.5,11.81,6.14,1.63,-3.34,-2.17,-2.3,0.93
18.21,39.54,20.06,-9.26,-0.4,4.0,28.41,4.75,6.54,-9.71,16.92,8.09,19.09
18.02,32.61,15.09,-8.22,-7.98,-4.1,20.52,12.11,13.05,-6.42,5.19,0.95,12.54
18.39,39.82,15.17,-20.79,-6.47,-1.04,30.9,6.21,15.91,-2.67,23.79,4.45,11.59
18.41,31.07,12.03,-15.29,-11.84,-5.66,21.23,8.86,13.68,1.28,19.69,7.82,10.1
18.42,39.95,14.97,-18.96,-3.13,2.32,31.83,7.56,20.32,6.95,34.59,15.77,23.88
17.71,23.25,6.35,-5.28,-4.18,-0.22,9.7,5.49,6.82,4.45,13.36,12.71,14.15
18.23,29.69,13.22,-3.79,-3.32,-1.0,14.88,9.29,12.4,3.77,12.48,8.94,14.24
18.32,47.18,21.46,-27.67,-6.17,4.33,45.58,-1.99,8.79,-11.72,29.95,3.47,19.85
17.63,36.24,11.9,-22.9,-7.69,1.72,29.84,-2.72,0.99,-13.12,19.98,4.87,15.04
17.74,30.16,12.6,-10.22,-3.8,2.79,23.33,1.72,-1.15,-12.08,14.85,15.77,22.53
18.11,29.41,10.69,-12.59,-7.24,1.14,23.05,5.16,1.51,-12.32,7.94,5.19,12.55
18.17,39.63,22.67,-17.15,-6.36,6.88,39.36,0.99,-3.13,-14.7,21.93,7.68,11.84
17.84,32.05,14.42,-6.34,3.79,12.73,31.33,6.73,-1.12,-18.38,1.77,1.06,14.1
17.67,30.68,10.16,-6.69,3.98,10.35,21.49,-0.02,-0.48,-6.34,15.11,11.29,16.39
18.1,58.27,18.56,-32.85,15.35,-7.55,50.79,-6.97,9.85,-11.26,25.79,3.08,24.57
18.34,31.85,14.87,-3.0,0.55,4.2,18.3,6.02,4.29,-8.96,0.37,-2.52,8.66
18.59,30.69,13.96,-3.36,2.7,9.78,25.88,10.04,5.29,-7.59,5.02,3.17,11.93
17.39,33.22,15.8,-9.34,-1.06,6.27,27.46,1.06,-4.51,-17.88,9.45,5.28,9.64
17.65,27.6,8.36,-9.81,6.85,16.84,34.53,7.61,0.33,-17.27,3.36,-1.31,8.64
18.04,46.06,15.17,-23.9,3.41,-4.9,28.71,-5.15,13.6,-12.79,15.42,-1.5,19.98
18.46,40.84,16.26,-23.81,0.11,12.88,47.62,1.36,4.05,-17.28,22.21,1.13,18.49
17.92,24.32,5.84,-4.51,1.73,7.36,13.46,0.34,-1.8,-2.95,12.71,16.3,21.46
17.66,29.01,12.72,-4.41,-0.81,5.15,22.7,9.64,3.96,-10.95,3.27,5.43,16.3
18.33,29.01,11.32,-0.37,8.02,14.32,23.75,9.2,5.1,-6.03,0.8,-4.51,3.65
18.17,50.44,23.91,-29.72,-5.44,7.03,57.17,4.15,12.28,-15.93,26.49,-3.13,14.23
17.78,31.27,8.41,-13.6,2.39,13.98,38.63,14.7,12.2,-11.8,4.61,-4.92,13.78
17.0,28.26,9.68,-10.95,-5.14,0.64,16.69,-1.96,-2.93,-8.57,16.71,16.78,20.53
18.07,25.76,7.66,-8.82,-1.46,7.59,25.59,12.18,7.92,-2.2,14.45,14.97,22.13
18.06,20.25,3.76,-4.93,4.22,12.73,24.16,11.62,4.15,-6.64,2.38,5.85,13.87
18.03,47.08,22.99,-27.19,-7.39,2.88,42.16,0.3,7.88,-11.88,25.39,2.85,19.49
17.67,37.09,12.37,-18.99,-0.25,6.53,35.37,6.67,9.9,-13.75,11.4,-1.25,15.9
18.32,31.43,10.32,-13.26,-3.13,5.13,27.03,6.84,6.16,-8.48,13.29,8.5,19.8
18.6,28.05,12.49,-4.05,0.87,6.4,24.54,9.65,1.91,-16.8,-1.15,7.27,25.43
18.01,39.07,24.54,-10.8,-3.91,3.51,32.73,3.49,-1.12,-17.68,10.41,4.6,17.19
17.4,43.6,19.47,-20.15,-2.96,2.99,37.59,1.39,6.91,-17.35,15.97,-0.6,18.73
17.63,43.92,12.83,-20.12,2.8,8.02,34.04,-3.42,6.94,-16.99,16.12,-5.3,17.65
18.25,27.04,11.07,-1.91,3.88,10.04,23.02,10.58,4.33,-9.34,-1.65,-0.45,10.27
18.29,24.76,11.09,1.22,0.13,2.62,13.77,14.02,16.13,10.78,12.07,7.25,7.44
17.75,22.62,6.57,-3.18,0.29,5.85,16.28,11.13,10.67,5.31,10.02,6.63,7.95
17.56,36.97,7.96,-17.06,0.1,5.59,26.96,2.73,14.45,0.79,26.4,11.63,28.81
17.8,38.78,13.72,-26.37,-12.99,-4.06,30.87,1.58,8.96,-8.74,23.3,5.67,18.72
18.22,36.11,16.09,-9.26,1.09,5.82,23.85,-2.56,-1.16,-9.2,20.36,15.65,26.07
17.26,28.47,10.96,-4.63,0.03,4.12,16.47,6.52,7.92,1.93,12.22,7.42,9.94
16.87,22.53,5.59,-4.6,2.0,9.26,20.22,10.31,8.55,2.66,12.31,10.31,13.89
17.75,42.59,19.59,-21.27,-9.28,-1.29,33.87,-3.24,0.18,-13.2,26.11,8.28,17.76
17.81,29.55,5.24,-24.37,-8.96,2.26,32.11,7.36,10.16,-6.95,19.24,10.75,26.48
17.69,44.24,17.35,-23.34,2.0,9.89,45.82,5.4,11.21,-17.14,15.65,-5.65,18.68
17.25,29.44,13.11,-7.53,-6.64,-1.63,17.29,5.71,4.32,-4.74,13.07,13.79,20.22
18.37,26.44,11.08,1.55,7.65,12.72,22.4,12.98,10.1,1.57,5.95,2.94,7.97
18.36,35.85,23.07,-2.46,-4.9,-2.95,22.22,11.8,10.25,-3.46,13.63,9.96,15.92
17.61,40.26,16.87,-20.81,-6.72,-3.29,29.98,0.73,7.66,-18.29,10.64,3.52,26.09
17.18,30.82,10.22,-7.08,-2.45,3.14,17.63,7.33,8.18,-2.59,6.4,0.1,7.56
17.84,29.75,13.25,-7.0,-7.13,-3.0,18.56,11.29,10.25,-5.19,6.47,7.68,20.06
17.99,29.53,17.53,1.16,-3.9,-3.86,13.97,11.8,9.15,-6.19,0.09,3.74,14.79
18.19,22.8,8.11,0.61,5.74,11.97,22.14,15.22,10.87,2.84,7.37,8.71,13.1
17.6,27.16,10.46,-5.01,0.66,5.89,19.75,5.09,1.55,-8.05,9.09,12.05,20.98
17.35,22.76,5.98,-5.93,-2.68,1.11,11.41,4.16,5.02,2.11,14.38,16.58,20.27
18.01,30.74,15.95,0.32,0.44,3.54,17.37,8.64,5.79,-4.76,4.95,4.96,11.46
18.06,29.47,15.31,2.12,0.82,2.89,15.97,11.62,8.96,-4.1,-1.46,-1.52,7.84
17.28,39.4,20.7,-13.01,-8.07,-3.2,28.2,9.47,8.49,-14.46,6.46,-3.45,10.79
17.22,37.8,16.26,-14.04,-4.19,0.31,27.91,6.09,8.26,-13.48,4.71,-5.56,11.91
17.82,35.14,18.43,-7.83,-5.83,-0.07,26.07,9.7,4.64,-15.58,2.93,0.11,12.18
17.66,33.28,16.03,-5.81,-1.01,4.78,24.31,7.88,3.34,-14.06,2.1,1.17,16.19
17.51,29.25,13.81,-2.24,-1.31,3.19,19.8,11.52,4.99,-11.16,-2.73,1.9,14.65
18.17,27.12,11.08,-5.14,0.32,9.2,30.15,20.52,14.76,-4.12,5.13,5.98,18.27
18.19,43.59,25.69,-18.08,-7.63,2.96,38.02,0.71,-2.18,-18.38,19.9,5.71,15.49
17.94,51.75,18.26,-28.73,7.3,2.17,45.07,-6.02,11.45,-21.0,16.19,-6.03,21.71
17.16,31.4,10.96,-16.36,-6.72,2.12,27.46,4.39,3.94,-8.73,19.39,14.95,26.86
17.6,30.48,13.46,-4.62,0.26,6.61,25.52,13.95,11.46,-5.25,1.12,-5.24,5.75
18.17,30.6,16.46,0.73,2.32,5.15,17.8,4.01,-1.89,-13.24,2.14,7.16,17.45
18.1,38.54,21.54,-8.46,0.12,10.92,40.6,12.54,3.05,-24.03,-0.84,-9.26,7.75
18.54,44.22,26.47,-15.07,-2.72,6.95,48.64,12.02,9.44,-23.69,7.83,-2.99,22.38
17.73,55.25,20.78,-27.59,6.81,-12.92,31.98,-10.76,8.65,-23.62,4.11,-16.37,15.14
18.13,30.97,15.56,-6.18,0.84,8.18,35.12,19.21,11.63,-16.12,-2.85,-2.4,18.0
17.94,26.59,11.15,-3.92,-3.19,1.82,18.5,11.52,6.35,-9.87,-3.76,-1.22,13.06
17.8,48.1,18.91,-21.91,3.13,3.85,43.52,1.87,12.1,-19.57,18.94,1.32,30.53
17.12,30.05,12.08,-7.2,-3.78,0.09,17.2,5.58,5.94,-4.95,8.23,6.24,14.78
16.95,32.28,8.31,-24.13,-15.5,-9.01,19.4,-2.49,1.49,-15.01,15.85,10.4,24.22
18.17,28.88,9.78,-10.31,-2.25,5.59,27.03,14.43,14.82,1.18,16.04,13.76,23.51
18.07,28.03,11.76,-1.12,3.09,10.3,23.72,15.49,11.91,3.06,10.11,6.65,7.98
17.36,28.4,14.97,0.62,-1.75,2.29,20.52,18.3,14.88,-0.8,4.22,7.1,16.17
17.12,32.81,15.13,0.48,3.33,6.44,17.18,5.43,6.48,-1.26,9.67,4.66,12.28
17.28,34.84,17.16,-11.57,-7.38,1.32,29.96,9.99,6.37,-13.58,10.08,7.64,21.85
17.36,36.39,18.87,-8.91,-4.79,-0.43,27.44,12.49,13.38,-10.42,4.59,-2.33,14.15
16.72,21.29,3.74,-8.99,-4.77,3.8,20.82,16.45,14.42,4.19,10.49,10.49,18.61
17.59,31.41,12.53,-5.52,1.82,8.53,25.01,9.54,7.03,-6.26,6.59,1.09,10.65
17.58,36.38,15.67,-15.32,-7.99,-2.25,29.09,9.89,11.67,-13.2,5.32,-6.52,7.82
17.72,24.57,7.68,-1.29,3.97,9.69,18.35,9.89,7.13,-0.45,3.31,-0.76,4.49
17.73,34.97,16.34,-10.36,-3.07,3.93,29.17,6.48,3.34,-13.38,12.47,11.22,25.51
17.75,28.39,13.24,-0.18,0.18,3.48,14.6,6.05,2.92,-4.59,4.24,6.08,13.86
18.33,31.82,17.1,-2.12,-0.74,7.03,31.18,22.22,16.92,-2.65,4.74,-0.69,6.83
17.88,25.93,12.85,4.4,3.1,4.02,11.0,9.05,10.59,7.88,9.11,3.3,0.76
17.26,34.3,20.24,-4.38,-6.23,-1.47,27.81,18.79,15.21,-9.08,2.69,-1.25,13.38
16.59,45.37,28.74,-23.99,-13.47,5.01,52.25,2.77,-5.57,-26.32,15.46,-11.46,0.81
17.56,29.27,13.33,-1.02,2.32,7.22,20.46,10.76,7.62,-3.08,3.58,-0.22,5.7
17.73,27.96,12.57,-3.57,-2.57,-0.07,14.55,5.85,4.46,-6.49,2.0,-0.35,10.69
17.73,28.08,11.04,-2.41,5.21,10.35,22.03,7.33,5.03,-4.55,7.73,8.84,18.18
17.71,54.59,21.91,-25.75,2.9,8.16,44.05,-10.02,10.66,-17.69,21.92,-11.53,11.29
18.4,39.21,18.71,-10.01,1.01,6.87,31.74,7.67,8.56,-13.59,7.09,-3.39,10.61
18.49,40.5,23.92,-7.23,1.01,4.88,29.56,8.18,6.96,-11.72,10.55,4.18,17.04
17.71,26.72,12.05,-0.14,-0.45,2.47,13.6,6.74,2.9,-5.75,2.3,6.25,14.31
17.36,25.57,7.47,-6.18,-3.52,2.03,14.26,7.83,6.45,-1.03,6.5,6.11,12.83
17.74,48.29,23.66,-23.12,-2.15,11.66,46.29,-1.35,5.77,-19.61,14.97,-10.08,15.86
18.18,37.54,18.47,-12.24,-3.62,4.37,32.04,5.27,4.31,-11.6,17.88,11.75,24.19
18.05,49.36,17.17,-21.3,16.46,5.9,44.85,-6.05,1.99,-24.77,15.72,-1.83,19.44
18.1,42.35,24.27,-14.39,-3.8,4.06,36.06,0.74,-2.99,-16.98,21.54,10.5,23.16
17.69,23.67,8.75,-0.88,0.82,4.61,13.93,6.49,1.41,-6.54,0.1,4.54,11.44
18.5,40.5,18.29,-15.58,-1.63,3.13,35.4,13.79,17.27,-6.95,16.78,5.42,21.2
17.9,33.34,15.67,-6.53,1.66,8.92,32.09,11.24,3.24,-19.69,-5.79,-9.84,5.44
17.32,36.37,15.42,-10.4,-0.65,4.7,25.14,1.96,3.69,-11.48,10.55,1.89,14.19
17.0,28.03,10.95,-6.95,-2.37,3.29,21.94,10.3,4.13,-16.02,-7.46,-6.09,10.48
16.99,24.22,7.44,-3.79,-0.16,6.31,16.49,6.29,0.08,-6.99,3.65,6.87,12.58
18.12,29.32,13.15,-1.94,2.67,8.23,22.71,10.63,6.31,-5.85,4.17,4.6,14.53
17.93,39.79,24.74,-12.42,-7.45,2.56,39.05,12.13,7.51,-11.51,19.44,10.57,17.05
17.26,53.34,19.67,-34.07,0.3,2.75,40.68,-9.6,16.82,-10.46,28.5,3.42,29.86
17.75,46.82,23.92,-27.04,-5.18,1.66,41.43,3.87,13.05,-11.54,22.53,0.09,16.95
17.49,23.84,7.79,-3.24,0.16,6.17,17.85,10.92,7.8,-0.05,5.5,5.4,10.61
18.0,28.59,11.28,-7.14,-1.97,7.01,28.11,16.1,10.1,-6.0,5.79,4.22,11.32
17.71,25.56,7.25,-7.95,-1.92,3.67,17.22,5.29,3.23,-6.53,4.86,5.44,15.38
18.21,30.85,9.78,-14.25,-7.27,-0.44,25.86,13.81,13.89,-8.46,4.11,-0.19,17.8
18.37,53.08,22.35,-34.61,-2.27,7.09,54.04,-2.03,7.0,-22.18,23.0,-15.51,11.66
18.5,28.1,12.14,-2.18,-1.73,3.66,20.05,16.67,14.41,1.83,3.85,0.39,7.01
18.32,26.92,11.13,-3.92,-0.48,7.2,26.84,19.92,15.17,-1.3,5.0,5.58,16.74
18.42,31.88,19.74,-1.52,-5.42,-4.45,21.0,18.72,18.36,-3.07,1.25,-4.05,6.8
18.51,23.89,7.36,-3.45,2.1,8.91,21.95,15.34,12.15,0.65,1.93,-2.06,4.4
18.28,39.09,16.15,-12.42,1.54,4.09,27.86,0.92,3.04,-15.89,11.48,5.91,23.48
17.99,48.27,27.11,-24.42,-14.24,0.84,41.69,0.48,4.17,-13.58,29.69,3.79,17.91
17.41,29.03,10.63,-5.44,-1.44,2.43,15.17,4.73,6.39,-1.24,8.92,2.8,8.03
18.19,27.9,11.49,-3.09,2.26,8.76,23.88,12.21,6.88,-7.79,-2.16,-6.03,4.02
18.14,31.19,15.92,-7.14,-4.81,-0.88,24.91,16.7,16.8,-5.17,0.77,-9.37,4.17
18.22,33.27,11.87,-17.99,-3.7,4.93,40.17,22.43,26.57,-3.9,7.21,-11.61,7.8
17.76,30.45,9.55,-14.54,-9.42,-1.78,25.3,15.68,17.92,-1.19,12.03,4.94,17.22
17.71,26.85,10.58,-7.86,-8.29,-1.74,20.16,15.37,12.29,-4.43,2.71,1.67,12.4
17.94,27.47,8.19,-10.67,-3.61,6.05,27.1,16.99,16.59,4.81,17.68,12.42,18.02
17.67,29.58,11.91,-6.42,-1.33,4.61,22.11,8.23,4.6,-9.72,1.2,-0.27,11.82
17.53,28.26,10.37,-6.35,-3.41,1.12,13.64,2.01,0.79,-4.81,11.6,13.87,22.92
17.39,23.63,4.83,-8.87,-1.32,1.41,10.08,-3.96,-1.46,-2.65,14.74,15.88,23.12
17.88,50.17,21.23,-28.41,5.63,3.94,32.97,-15.31,0.79,-23.09,8.68,-11.35,14.56
18.02,29.88,13.71,-2.61,-1.0,3.48,17.71,8.09,5.66,-5.18,3.85,3.09,11.12
17.99,26.25,11.5,1.3,3.19,8.4,17.77,8.57,0.36,-9.04,-0.73,5.28,13.85
17.82,25.84,9.72,-1.45,7.65,13.46,22.95,4.46,-5.16,-18.6,-6.99,-2.72,9.95
17.79,50.03,27.43,-23.35,-3.11,3.6,46.86,-0.41,5.11,-25.35,14.99,-2.86,26.37
17.72,54.57,27.95,-29.62,-1.04,4.36,60.96,1.7,12.12,-20.65,20.94,-5.69,26.72
16.76,27.42,12.51,-1.82,-0.67,3.57,17.74,9.7,5.1,-9.68,-3.07,-2.37,9.1
16.97,42.26,24.95,-13.33,-9.15,5.15,35.86,8.12,8.12,-8.9,19.92,0.44,11.56
17.31,22.28,6.13,-4.5,1.43,11.2,26.89,19.31,13.91,2.73,10.0,11.31,18.78
17.47,56.77,28.24,-32.62,1.23,6.74,56.79,-9.34,1.41,-22.56,19.66,-5.65,25.59
16.68,29.75,13.01,-10.66,-5.29,-1.05,19.73,-2.04,-7.85,-25.68,0.11,5.6,23.3
16.76,29.24,13.27,-3.55,-1.43,4.05,20.47,9.55,6.35,-5.12,8.77,11.29,20.79
17.11,26.93,12.12,-1.06,0.35,6.29,20.97,14.44,9.94,-1.25,5.66,6.72,13.79
16.72,31.45,16.49,-2.08,-0.41,5.73,24.65,13.24,8.01,-6.87,7.49,8.42,15.92
17.07,29.5,12.56,-2.26,1.19,6.16,18.34,7.61,3.93,-5.83,4.55,4.84,12.72
16.29,24.96,8.19,-3.61,6.39,12.04,21.0,1.94,-5.04,-14.98,-0.98,0.45,7.47
16.56,31.76,15.63,-2.11,2.19,6.78,24.22,11.86,9.92,-4.07,7.66,4.07,13.42
16.8,24.79,9.94,-2.38,2.09,9.03,21.06,5.86,-5.32,-18.37,-6.88,-4.11,1.86
16.79,29.74,12.86,1.06,5.24,7.88,11.83,-1.29,-0.83,0.28,13.6,10.06,9.87
16.39,24.81,12.25,6.26,6.77,8.45,12.12,4.76,-0.05,-4.28,0.58,3.51,7.74
16.36,32.59,13.64,-9.25,-2.42,4.16,23.39,5.45,4.28,-4.61,16.17,10.77,15.51
16.68,24.27,8.48,-1.52,1.84,5.87,15.71,10.13,10.96,6.33,11.67,7.84,7.8
16.42,27.81,10.21,-3.65,-2.31,2.03,12.11,3.76,1.42,-6.12,2.35,2.34,10.35
16.16,47.12,24.48,-22.36,-7.09,3.4,33.06,-4.28,2.28,-10.53,28.23,5.66,26.44
15.31,29.27,11.7,-5.57,-3.77,0.17,12.95,1.32,-1.26,-7.45,3.67,1.24,6.74
16.16,25.32,8.07,-7.04,1.96,11.12,25.78,7.83,1.42,-7.31,13.63,16.36,24.42
15.81,26.93,12.13,0.57,2.32,6.73,16.17,7.01,-0.33,-9.55,-1.94,2.07,9.21
15.64,37.76,20.77,-7.29,-0.41,5.49,30.44,3.32,-1.62,-18.29,11.74,9.0,23.46
15.52,30.52,12.4,-3.86,7.52,16.1,31.31,9.88,2.65,-10.94,7.99,8.58,20.25
16.01,24.97,11.22,3.6,5.38,8.31,14.91,9.88,9.06,5.0,9.12,8.86,10.28
16.46,23.82,10.84,1.88,4.81,9.18,18.63,9.86,3.86,-3.65,6.79,11.68,17.96
15.84,25.75,10.94,0.23,4.46,7.28,14.98,1.24,-2.94,-7.72,6.1,8.94,11.02
15.75,40.7,19.4,-12.18,2.87,7.09,36.11,11.13,13.44,-6.94,19.77,13.12,27.48
15.67,49.34,28.02,-24.68,2.0,13.45,42.01,-0.42,7.83,-5.04,20.42,3.27,23.92
15.86,26.91,12.77,1.4,0.93,4.73,17.0,14.27,10.4,-0.13,1.81,2.34,7.21
15.93,31.11,15.27,-3.47,-1.54,4.8,23.35,12.78,8.96,-6.48,7.43,7.28,15.48
15.4,24.83,10.67,2.32,2.76,4.79,12.0,7.2,5.97,3.73,11.41,13.58,16.02
15.74,44.72,24.68,-18.06,-4.33,1.09,34.29,7.61,8.45,-11.76,10.99,-4.31,14.71
16.41,33.16,14.68,-4.71,1.58,7.45,25.66,10.04,6.54,-12.5,-2.17,-8.8,3.71
16.25,35.81,20.37,-4.13,-1.84,3.58,29.97,18.45,13.67,-10.98,-2.2,-9.34,5.7
15.47,31.07,15.79,-1.56,0.07,2.93,19.08,8.19,5.06,-11.18,-4.75,-8.39,4.58
15.45,30.86,14.78,-1.26,0.83,4.86,17.28,5.08,1.75,-9.38,-0.08,-2.43,6.68
15.68,35.03,17.25,-4.2,-0.11,4.2,21.23,3.45,0.2,-18.14,-7.77,-11.76,1.13
15.44,27.19,12.85,2.02,1.29,0.51,5.5,-3.67,-5.74,-10.15,-1.82,1.3,7.46
15.73,40.33,21.73,-7.83,-4.21,-1.61,20.27,0.7,3.1,-15.91,5.89,-1.31,11.67
15.93,46.53,25.24,-11.21,4.64,4.22,31.29,-6.7,-7.18,-29.95,4.51,0.16,24.18
16.45,30.69,16.34,2.86,1.34,2.24,13.28,9.0,10.56,3.11,6.11,-0.89,0.83
16.39,26.53,13.63,5.4,4.84,5.92,12.06,5.79,1.42,-4.41,0.14,1.51,5.47
15.61,37.15,22.23,-5.46,-5.2,-2.41,22.27,9.68,8.96,-9.73,7.24,2.55,12.73
15.76,45.77,22.17,-20.88,-8.34,-5.82,27.6,1.4,11.11,-19.38,6.04,-12.8,12.16
15.87,38.35,20.53,-12.09,-7.74,-1.17,30.03,8.75,6.02,-18.07,3.07,-6.48,7.87
15.52,29.78,13.38,-5.24,-1.96,3.51,23.18,11.93,5.79,-16.84,-10.56,-12.22,4.65
15.48,31.29,15.75,-2.92,-4.11,-1.27,17.18,12.07,9.79,-4.52,2.46,1.83,13.07
14.88,49.94,24.19,-24.33,-2.04,-2.46,30.67,-2.37,9.9,-22.35,12.25,-6.25,20.87
15.6,45.59,22.24,-21.29,-8.22,-0.63,32.57,0.83,11.59,-17.79,5.86,-16.1,8.03
16.11,50.39,26.35,-20.54,1.56,10.2,42.83,2.34,14.39,-13.75,15.79,-4.95,16.72
15.56,25.16,9.86,-3.47,-5.86,-3.14,10.5,8.32,6.24,-6.25,-1.93,0.26,11.27
