19.63,3.71,-9.76,-19.08,-14.67,10.55,22.55,5.85,-16.99,-33.69,-21.42,-13.49,-3.71
20.66,23.0,-8.34,-45.33,-7.31,10.63,47.89,-7.86,-11.01,-47.02,-4.9,-19.07,13.4
19.78,20.88,-7.49,-35.44,-0.09,15.66,46.69,0.88,-4.75,-31.3,4.19,-6.13,12.09
20.07,15.91,-11.29,-34.41,-5.68,11.38,38.61,-2.05,-12.17,-41.1,-10.31,-17.3,4.42
19.91,28.97,-12.04,-48.03,11.3,10.45,52.51,-10.62,1.71,-29.34,13.24,-7.68,10.43
19.84,17.18,-11.99,-33.63,-4.91,4.17,24.7,-11.2,-8.34,-23.6,10.28,2.02,14.87
19.38,23.53,-6.43,-39.81,-10.49,5.06,34.99,-7.94,-7.6,-28.75,4.63,-12.7,2.99
19.47,17.74,-13.22,-38.51,-14.15,0.39,29.65,-0.09,0.68,-27.55,-4.86,-18.52,4.38
19.82,17.19,-8.94,-34.66,-13.21,-3.04,24.32,-5.02,-7.27,-29.9,-1.41,-3.01,16.26
19.84,38.79,2.79,-35.38,2.18,7.84,43.82,-10.42,-1.18,-32.77,8.42,-17.61,8.23
18.79,26.75,5.23,-16.49,-0.51,10.14,30.07,1.26,-7.28,-28.15,-11.03,-17.91,-4.25
18.51,25.42,-1.19,-25.62,-4.13,7.67,30.58,-3.08,-7.79,-29.64,-3.45,-9.43,11.17
18.51,26.98,0.87,-26.76,2.96,15.11,45.46,4.56,-3.5,-38.24,-13.76,-20.21,7.91
18.5,46.17,5.37,-48.43,4.12,3.27,49.33,-24.72,-11.89,-48.7,4.7,-28.28,-1.1
17.9,29.22,2.99,-28.29,-9.59,-0.07,28.23,-2.57,-3.89,-30.04,-9.32,-22.18,-4.14
19.12,22.39,0.23,-19.25,-6.85,3.52,23.9,0.32,-10.8,-35.11,-18.48,-17.18,3.66
19.15,17.95,-2.29,-15.23,-2.9,7.09,20.15,0.76,-9.84,-25.82,-16.32,-16.54,-5.49
19.54,23.33,-0.43,-22.44,-6.9,3.78,31.45,11.12,4.35,-25.65,-12.23,-14.82,7.64
19.44,35.32,7.84,-34.69,-11.72,-2.8,41.19,3.43,4.61,-35.84,-6.59,-23.63,5.62
19.46,35.06,4.58,-43.43,-18.42,-14.16,36.55,-4.24,-0.28,-47.22,-9.63,-24.12,12.43
18.68,20.42,-3.84,-24.75,-7.03,-0.1,17.14,-11.28,-16.08,-32.98,-9.77,-9.13,8.03
19.56,25.71,3.3,-23.84,-13.94,-5.17,23.64,2.08,-3.55,-29.1,-8.08,-11.95,4.27
19.76,40.47,1.33,-43.51,-2.35,-9.99,48.38,6.57,25.24,-11.11,18.76,-5.77,12.72
18.93,16.96,-9.0,-29.91,-23.38,-16.12,5.08,-4.83,-1.83,-16.97,-6.11,-12.14,2.34
18.88,22.46,-2.37,-29.74,-16.65,-6.94,21.72,1.24,-0.28,-22.87,-3.63,-9.5,5.38
18.49,22.94,-2.89,-31.19,-22.74,-14.74,13.26,-3.9,-2.69,-22.89,-2.58,-8.66,7.25
17.85,28.38,2.65,-31.41,-26.96,-25.43,2.35,-13.85,-7.46,-28.99,-10.87,-20.31,-4.89
19.79,37.81,8.96,-28.31,-13.99,-9.03,18.56,-15.04,-6.64,-26.56,4.07,-18.32,-5.61
19.05,37.67,6.76,-28.02,0.47,-4.31,28.16,-7.6,2.75,-22.45,10.0,-1.82,17.81
19.35,35.63,4.26,-35.98,-9.91,-8.27,26.79,-14.25,-10.75,-41.19,-7.52,-20.55,2.58
19.54,48.55,11.87,-49.29,-7.59,-5.97,44.99,-25.29,-9.08,-46.96,8.47,-21.78,13.55
18.98,28.55,3.83,-23.58,-8.31,-3.98,19.38,-12.0,-13.27,-37.43,-8.25,-10.19,13.5
19.25,58.28,11.38,-52.33,4.19,-16.65,49.25,-29.7,1.5,-33.65,12.67,-13.52,13.58
19.51,26.24,0.65,-26.67,-13.62,-3.35,25.75,6.98,9.79,-11.24,7.58,-6.03,4.74
19.4,31.79,2.25,-38.18,-20.75,-15.1,20.69,-10.99,-4.56,-29.68,0.08,-19.18,-6.86
18.92,33.75,3.87,-33.32,-9.46,-6.91,30.84,-0.81,8.38,-17.12,16.55,-1.91,12.39
18.64,48.87,7.08,-49.46,-9.97,-21.84,33.88,-24.77,-4.23,-39.85,5.64,-24.56,5.11
17.81,38.44,6.07,-38.88,-14.1,-10.9,26.24,-18.16,-9.48,-38.9,3.11,-12.48,14.53
17.99,54.12,12.65,-69.87,-19.71,0.06,43.93,-41.83,-0.24,-32.53,14.7,-22.16,30.75
18.23,35.36,3.2,-36.44,-4.92,-3.51,32.9,-13.47,-9.3,-38.71,-0.45,-13.51,11.12
18.38,40.44,3.73,-47.99,-10.31,-7.07,35.68,-15.3,0.03,-37.45,4.52,-18.21,17.97
18.01,42.65,3.77,-38.57,-3.67,-2.33,36.86,-11.7,4.95,-29.07,13.44,-14.69,15.5
18.14,27.93,4.0,-25.24,-13.36,-7.26,20.72,-1.51,-2.29,-26.14,-5.8,-12.15,5.06
17.89,39.94,7.03,-35.02,-11.17,-11.78,27.21,-9.65,-0.57,-33.33,-0.76,-20.19,4.14
18.18,27.88,3.09,-27.32,-4.59,4.99,36.49,0.08,-3.74,-31.14,-0.16,-6.86,12.7
18.84,30.5,2.27,-30.87,-12.19,-4.49,26.8,-4.55,-2.98,-33.68,-7.85,-21.03,1.34
18.64,26.45,0.6,-22.61,-1.12,6.08,28.74,3.19,3.46,-18.29,-2.79,-12.14,2.17
19.25,34.4,2.77,-44.68,-10.17,-6.68,44.24,-0.86,9.15,-36.84,1.14,-14.68,25.31
18.4,28.6,2.94,-34.6,-16.76,-5.39,32.38,-3.19,-5.54,-34.13,1.13,-6.78,14.67
18.29,17.77,-7.28,-23.99,-14.16,-4.42,12.1,-3.21,-7.92,-23.18,-12.5,-15.72,-3.71
19.14,24.22,-4.61,-43.89,-16.45,0.74,42.69,-1.11,-7.78,-46.77,-13.85,-27.26,3.42
20.6,9.41,-17.17,-36.74,-17.72,-3.33,24.02,-0.03,-8.9,-37.77,-16.79,-13.86,14.07
21.48,22.64,-7.4,-41.62,-10.61,-2.35,39.82,5.65,8.12,-31.13,-2.72,-12.88,19.56
21.15,15.87,-18.7,-57.58,-26.59,-18.08,25.65,-17.52,-18.72,-63.71,-25.41,-29.83,12.57
20.34,34.51,-11.19,-48.6,5.57,-20.41,47.87,-13.17,2.34,-32.83,-5.84,-5.75,11.66
19.15,36.55,4.31,-33.69,2.89,1.51,46.77,2.45,5.02,-40.28,-11.98,-27.2,4.32
19.84,44.12,-0.93,-40.52,18.59,-17.91,59.66,-9.09,13.18,-34.85,-17.78,-17.79,6.91
19.55,18.47,-5.35,-28.43,-5.04,9.24,37.99,0.9,-14.64,-51.16,-24.76,-23.12,10.37
18.78,32.85,1.21,-33.52,-2.5,-4.48,30.41,-9.63,-5.83,-40.66,-11.63,-20.09,6.56
19.19,32.52,1.22,-35.73,-3.2,4.74,41.94,-5.71,-4.78,-42.95,-6.23,-20.76,11.8
18.34,20.37,-5.5,-28.65,-8.96,-0.42,19.81,-9.79,-14.84,-36.9,-17.3,-20.46,0.35
18.1,31.82,5.1,-30.96,-8.35,1.54,38.69,-5.04,-10.31,-47.48,-7.39,-14.03,17.67
18.38,35.81,5.85,-40.89,-7.85,5.75,46.86,-11.08,-11.21,-50.35,-8.8,-28.49,4.73
17.76,39.92,2.82,-48.73,-7.65,-8.5,45.14,-12.71,-5.81,-51.31,-12.14,-29.14,12.67
18.42,14.78,-6.92,-24.67,-2.62,10.1,33.33,3.33,-8.36,-35.29,-13.68,-10.66,10.89
18.55,15.15,-12.2,-32.97,-17.49,-5.74,16.02,-7.58,-14.22,-37.54,-20.61,-25.71,-10.06
18.12,17.02,-10.97,-40.08,-23.59,-11.8,19.52,-2.84,-2.97,-24.73,-1.51,-6.84,9.29
17.69,32.01,-5.54,-46.48,-14.65,-15.46,22.42,-14.07,2.02,-19.19,13.58,-7.73,5.41
18.27,18.78,-10.64,-37.75,-9.9,4.67,31.32,-3.27,-4.78,-27.07,-3.21,-15.88,1.66
17.9,23.89,-1.73,-25.45,-10.72,1.52,27.47,5.54,2.59,-19.56,-1.04,-9.66,4.52
17.98,32.91,2.24,-35.46,-3.67,-0.66,36.85,-4.26,-1.28,-41.42,-10.26,-22.11,13.04
17.72,26.58,-5.01,-37.3,-16.27,-6.41,25.57,-5.11,-1.43,-30.87,-4.54,-18.35,6.43
18.8,17.13,-7.45,-27.52,-6.9,4.69,28.37,4.46,0.11,-22.08,-5.12,-8.6,9.03
18.81,17.79,-8.42,-35.79,-22.11,-11.06,19.9,-3.29,-7.12,-33.87,-8.9,-9.74,13.66
18.89,27.58,3.06,-27.12,-2.39,9.74,40.06,1.06,-3.49,-30.45,1.99,-6.08,14.51
18.99,28.54,1.59,-31.55,-12.44,-1.7,29.99,-7.07,-9.28,-37.37,-2.31,-10.11,13.92
19.11,28.66,2.43,-34.68,-13.04,-0.88,39.7,4.35,0.53,-37.56,-10.14,-20.96,6.88
18.05,24.93,-0.06,-21.94,-5.46,5.33,28.03,3.43,-0.64,-23.05,-4.99,-12.49,3.63
18.31,41.8,10.38,-42.08,-13.38,1.25,43.52,-13.14,-9.35,-38.78,6.65,-26.56,-1.54
18.77,23.48,-0.97,-15.63,1.81,10.88,21.0,-4.87,-7.62,-17.65,-0.52,-8.64,0.17
18.9,32.19,7.23,-25.75,-4.71,6.65,34.76,-5.38,-9.82,-34.97,-4.74,-15.54,6.25
18.85,27.29,1.77,-27.7,-5.12,7.96,34.16,-6.42,-14.87,-43.22,-14.86,-25.02,-2.32
18.65,24.18,-2.11,-29.17,-4.13,8.19,33.59,-3.01,-8.97,-36.19,-13.09,-21.75,0.95
18.38,24.51,-2.72,-28.74,-10.29,2.49,27.58,-1.91,-5.54,-30.36,-10.81,-22.7,-3.58
18.11,35.55,2.86,-37.04,-5.08,1.18,33.87,-10.78,-0.55,-26.56,7.34,-13.76,7.84
18.43,27.73,0.05,-24.57,-7.8,1.37,22.85,-5.58,-7.8,-29.41,-6.29,-13.86,7.89
19.44,27.35,-2.9,-42.66,-19.79,-9.62,27.89,-9.27,-7.92,-37.46,-3.47,-15.53,8.04
19.32,19.79,-7.12,-33.59,-17.37,-6.13,24.82,0.85,-4.66,-35.36,-13.65,-16.23,9.08
19.06,40.77,1.96,-56.31,-19.74,-9.75,41.38,-15.06,1.6,-31.42,17.73,-12.76,18.64
19.02,38.93,0.08,-53.45,-13.29,-6.21,37.69,-21.46,-7.37,-41.56,6.66,-24.07,7.01
18.53,32.38,-3.61,-44.69,-6.49,-2.15,33.0,-14.4,-2.43,-32.07,5.78,-11.02,16.43
18.61,21.74,-3.46,-34.62,-25.63,-19.81,7.72,-19.79,-21.78,-43.87,-12.83,-14.55,6.01
18.79,19.79,-7.97,-35.75,-15.73,-5.35,21.08,-6.15,-5.0,-24.15,0.7,-7.11,8.37
18.44,16.82,-10.29,-31.22,-21.01,-12.07,8.18,-7.4,-8.35,-23.56,-5.78,-7.75,5.59
18.69,31.08,1.31,-39.21,-15.37,-10.25,30.31,-2.86,3.66,-32.73,-2.17,-14.34,15.23
18.53,33.79,0.86,-35.79,-3.03,-6.02,29.29,-10.17,-4.49,-37.52,-8.39,-21.6,4.21
18.26,40.05,9.39,-34.94,-7.78,-2.41,36.36,-5.86,0.37,-33.95,0.33,-19.4,6.37
18.27,34.54,11.05,-30.23,-15.85,-5.64,34.35,-1.79,-5.97,-41.01,-10.06,-22.49,2.09
17.86,40.03,11.81,-28.36,-4.6,2.16,36.6,-0.55,6.35,-22.92,5.03,-15.76,5.64
17.68,37.83,6.75,-34.69,-11.16,-9.68,21.52,-17.3,-7.63,-27.01,8.24,-14.17,-2.92
18.21,29.14,0.96,-34.77,-19.11,-12.79,15.71,-11.97,-3.97,-20.41,8.49,-4.57,9.46
18.51,54.89,6.3,-55.48,-5.25,-7.68,46.22,-29.27,-0.35,-40.24,13.3,-26.61,13.86
18.66,29.06,-0.58,-39.46,-17.73,-7.35,28.97,-4.48,-0.88,-30.29,-1.88,-15.95,7.68
19.09,33.76,0.35,-52.55,-23.24,-21.71,23.47,-19.96,-1.27,-38.63,-1.45,-19.23,20.63
19.49,25.32,-2.02,-34.52,-18.1,-9.35,20.74,-8.2,-8.39,-28.41,2.57,-4.41,9.3
19.38,25.95,-5.52,-35.94,-16.89,-7.85,16.69,-14.35,-9.53,-29.77,-2.23,-16.28,3.93
19.44,18.75,-11.2,-43.28,-24.02,-14.07,14.54,-15.43,-15.69,-39.03,-11.6,-16.53,5.87
19.54,25.83,-9.59,-47.42,-16.42,-13.01,22.64,-17.61,-8.9,-35.19,3.23,-9.31,13.45
19.35,29.35,-1.92,-40.37,-17.12,-10.56,25.05,-8.51,-3.55,-33.17,-4.18,-16.71,7.45
18.31,18.54,-4.16,-28.04,-16.95,-5.45,23.07,4.8,-0.93,-24.65,-6.36,-7.37,10.73
18.53,18.28,-8.08,-31.03,-19.93,-14.11,3.17,-15.88,-16.29,-30.29,-15.14,-18.96,-5.95
19.17,42.61,5.43,-47.04,-19.04,-12.03,27.03,-28.66,-13.19,-41.88,12.36,-14.51,17.52
18.23,32.38,13.11,-17.95,-17.5,-10.35,13.68,-9.65,-11.53,-21.0,9.4,3.14,7.27
18.5,31.94,9.29,-25.7,-23.55,-19.93,9.32,-10.3,-9.64,-29.06,-4.34,-9.71,7.65
18.27,39.37,7.25,-40.38,-19.63,-16.2,19.87,-19.6,-8.12,-29.1,10.8,-8.18,13.47
18.89,43.73,11.13,-38.74,-12.58,-4.85,31.74,-19.15,-7.31,-31.6,14.07,-14.36,5.61
18.54,31.39,4.89,-26.38,-10.49,-5.72,18.77,-8.66,-4.3,-23.36,-0.08,-11.12,4.73
19.03,29.41,0.98,-30.62,-18.71,-12.03,14.31,-10.64,-6.13,-28.26,-7.77,-24.73,-8.16
18.5,29.97,2.8,-30.05,-14.56,-6.71,20.81,-5.95,-1.46,-19.6,4.52,-8.69,6.08
18.43,38.95,6.95,-36.27,-12.73,-4.24,28.26,-17.3,-7.62,-30.32,9.03,-17.18,0.47
18.17,24.23,2.29,-20.21,-11.7,-3.79,17.35,0.32,-1.8,-15.88,2.31,0.1,11.37
18.72,27.58,3.19,-21.46,-7.02,2.78,26.15,0.37,-4.18,-28.32,-11.37,-20.31,-0.9
18.47,21.67,-2.26,-24.06,-11.35,-4.96,13.77,-6.99,-9.97,-29.34,-15.96,-19.08,0.04
18.23,34.39,1.96,-32.31,-7.23,-8.72,24.08,-8.98,-0.64,-30.31,-3.89,-15.76,10.8
18.14,29.59,5.03,-29.86,-13.1,-6.62,24.37,-12.84,-18.89,-49.71,-16.92,-21.68,5.24
17.74,27.18,0.32,-26.8,-10.17,-2.74,23.15,-2.03,0.29,-19.57,4.41,-2.85,13.34
18.42,47.95,15.56,-52.11,-19.46,-11.12,48.41,-16.85,-2.47,-48.78,2.76,-32.99,8.77
17.3,33.46,6.36,-33.15,-19.26,-12.33,18.58,-19.81,-17.93,-41.2,-3.49,-13.12,11.54
17.08,34.53,8.04,-35.04,-23.99,-19.6,16.66,-15.24,-9.41,-32.11,4.89,-6.39,15.96
17.76,35.34,6.13,-25.29,1.82,1.42,26.04,-13.41,-7.65,-30.14,1.04,-11.8,4.03
18.82,24.99,5.4,-11.98,4.94,11.62,22.14,-12.86,-23.17,-38.36,-14.24,-14.67,-1.13
18.35,40.07,12.72,-20.91,5.44,9.03,29.16,-20.28,-13.36,-30.59,11.4,-7.04,9.36
17.49,39.61,8.14,-35.16,-4.95,-2.84,23.97,-31.48,-20.86,-41.81,3.65,-17.47,5.26
18.05,31.79,3.45,-29.5,-16.87,-13.14,13.62,-11.37,-4.38,-25.19,-1.03,-16.93,-3.56
18.22,32.41,8.75,-21.82,-12.91,-10.18,16.95,-1.07,4.49,-16.34,0.04,-12.87,-1.8
17.53,27.68,6.13,-18.11,-12.35,-10.07,8.2,-10.35,-9.19,-22.22,-3.82,-10.99,-4.35
17.88,42.13,11.8,-42.37,-24.41,-16.88,29.4,-10.7,5.42,-20.63,16.37,-14.87,4.85
17.02,21.54,-6.71,-35.11,-26.58,-22.06,1.05,-14.15,-3.19,-9.86,13.74,3.34,9.87
17.82,30.27,9.93,-16.79,-9.7,-3.02,23.95,5.56,1.28,-25.06,-11.95,-18.92,-1.83
17.84,38.94,7.59,-31.13,-8.73,-0.14,30.39,-13.21,-5.53,-27.72,10.02,-14.59,1.04
18.13,27.19,-1.84,-32.63,-1.4,10.82,37.58,-3.12,1.62,-17.54,11.86,-10.33,-0.7
18.3,34.48,-0.65,-39.93,-2.21,11.02,43.71,-6.98,8.8,-11.86,28.8,-8.2,3.11
18.42,27.01,-4.75,-39.72,0.69,14.17,46.07,-7.14,-3.86,-29.2,12.06,-7.01,12.44
18.01,20.12,-8.23,-29.87,-6.42,4.54,22.97,-13.42,-17.43,-37.59,-9.13,-17.14,-0.19
17.68,29.86,-0.24,-34.9,-3.29,7.82,38.94,-4.4,-1.94,-26.93,6.32,-12.63,3.68
17.75,22.61,-2.71,-26.81,-17.3,-8.3,13.52,-2.88,1.12,-8.58,10.82,1.1,7.22
17.78,21.15,-4.17,-26.89,-12.5,-4.36,14.34,-6.46,-2.72,-11.21,9.49,1.79,8.84
17.8,34.62,3.22,-36.47,-13.65,-6.08,21.61,-16.82,-2.34,-15.01,22.61,-0.92,10.88
18.52,19.61,-4.91,-26.78,-7.13,3.91,22.92,-8.71,-14.54,-29.06,-1.45,-4.1,7.75
18.28,29.94,-0.57,-35.73,-7.02,-1.29,28.14,-14.82,-7.04,-26.26,13.73,0.52,20.12
19.3,24.17,-3.77,-34.71,-11.27,-3.27,28.81,-2.52,-1.34,-29.18,-1.34,-5.78,19.87
19.95,39.08,3.06,-54.76,-10.62,-6.25,50.74,-16.67,-3.24,-49.14,8.64,-13.11,32.89
18.42,27.67,-0.22,-45.05,-25.96,-11.15,31.71,-6.54,-2.41,-28.79,15.32,3.83,30.62
19.94,20.77,-4.3,-29.03,-23.22,-13.37,16.12,10.8,15.9,-2.69,4.78,-8.39,0.45
19.66,41.69,5.45,-46.42,-18.1,-20.46,28.32,-6.57,17.76,-20.63,1.0,-36.98,-14.11
19.48,29.01,2.09,-33.15,-20.35,-12.0,29.41,10.97,16.2,-18.15,-1.34,-19.31,2.52
19.73,41.82,7.87,-47.41,-21.7,-20.38,34.59,-3.63,12.85,-29.65,1.71,-32.7,-4.68
18.96,32.37,9.01,-22.25,-14.61,-8.99,22.67,7.41,13.78,-13.24,-4.62,-27.37,-12.77
18.88,32.34,11.11,-20.91,-13.44,-9.72,28.04,17.94,25.79,-6.81,-1.47,-23.76,-7.96
19.72,32.34,10.4,-19.96,-15.92,-13.14,18.83,8.81,19.08,-5.64,3.19,-18.36,-7.37
19.88,28.77,8.38,-13.78,-8.69,-6.15,14.91,4.7,7.84,-8.29,0.64,-9.32,-3.8
19.63,29.17,7.98,-23.61,-17.16,-8.43,25.37,5.37,-0.49,-31.13,-13.04,-20.2,-2.9
19.35,15.94,-7.4,-22.95,-3.0,8.8,25.75,0.96,-5.75,-22.4,-7.02,-11.3,-1.27
20.26,30.69,-2.43,-40.1,-6.88,7.75,44.52,-4.52,-1.97,-38.02,1.16,-18.72,12.48
20.79,30.26,0.69,-41.45,-12.91,-1.21,39.21,-7.12,-5.56,-37.86,4.55,-10.86,13.01
20.42,29.57,-5.45,-43.77,-13.47,-7.28,26.22,-20.4,-14.51,-40.19,4.73,-12.05,9.91
19.4,30.57,-8.35,-56.48,-12.3,-2.8,33.26,-31.03,-17.81,-41.44,10.25,-16.51,8.85
19.26,29.8,-5.56,-45.02,-13.57,1.26,35.12,-11.1,-5.14,-29.36,9.42,-16.32,4.23
19.3,34.77,-2.18,-42.08,-5.52,-6.5,32.79,-10.53,-0.46,-31.43,-1.7,-22.32,-0.78
19.01,31.88,0.82,-44.22,-16.68,1.75,43.5,-2.98,1.65,-22.91,18.89,-7.43,9.69
19.0,37.9,1.5,-46.63,-14.95,-14.95,35.05,-4.61,8.36,-26.95,8.26,-13.99,12.11
19.3,21.21,-5.28,-31.37,-18.67,-5.73,25.41,8.24,7.08,-18.3,-3.03,-12.15,5.86
19.02,26.27,-2.49,-38.21,-16.73,-4.23,29.97,-3.06,-0.27,-23.34,6.96,-7.72,8.5
18.75,27.9,0.16,-24.04,-7.6,0.42,17.2,-12.48,-11.57,-27.26,-4.55,-17.49,-4.33
18.99,45.84,16.82,-39.17,-13.24,2.29,44.43,-16.29,-9.41,-35.61,14.04,-14.32,15.47
19.43,15.28,-14.91,-37.69,-21.39,-11.75,5.49,-24.02,-28.17,-46.98,-24.61,-29.91,-10.33
19.3,16.93,-7.51,-28.65,-13.5,-4.7,16.26,-5.49,-8.92,-26.84,-7.69,-8.42,6.03
19.02,38.16,6.17,-46.13,-11.95,-2.59,38.75,-24.93,-21.42,-48.49,6.62,-14.12,13.43
18.15,44.89,8.35,-37.19,3.77,-1.26,36.51,-17.89,-2.12,-30.59,10.32,-14.7,6.93
18.39,36.93,6.78,-38.07,-10.43,1.96,37.8,-10.51,-6.62,-35.71,2.66,-19.28,8.69
21.1,38.17,2.51,-51.99,-17.67,-9.56,41.35,-8.1,4.25,-40.35,-1.29,-27.31,10.12
20.96,15.72,-11.76,-33.6,-17.82,-6.73,16.92,-6.99,-13.12,-38.82,-20.04,-22.78,-1.83
21.85,11.9,-15.18,-37.61,-12.65,2.89,31.19,3.01,-3.21,-29.79,-9.57,-13.05,7.87
20.51,5.44,-25.32,-44.0,-21.7,-5.81,15.68,-10.93,-15.78,-34.87,-12.72,-17.17,-0.65
20.41,23.2,-6.97,-44.35,-17.79,-2.77,34.54,-6.08,-8.0,-38.69,-6.06,-19.11,5.45
19.9,30.06,-8.11,-53.45,-12.42,5.52,50.5,-1.51,9.54,-23.33,18.01,-16.18,7.21
19.42,24.37,-2.34,-29.93,-2.2,10.59,42.04,7.09,3.39,-22.73,7.21,-2.42,12.4
20.49,26.71,-4.28,-39.94,-13.41,0.11,40.03,1.44,2.8,-35.34,-3.88,-20.51,11.98
19.73,26.48,-4.44,-40.02,-14.75,-7.95,28.55,-3.7,0.76,-28.54,-0.41,-13.56,7.48
20.16,30.98,2.08,-36.27,-12.17,-0.13,41.69,3.88,5.05,-37.12,-7.22,-23.87,9.8
18.94,41.09,8.47,-35.18,2.42,3.35,46.12,-3.51,5.33,-31.91,8.13,-12.63,14.84
19.45,23.61,-7.58,-42.24,-20.02,-6.12,30.09,-4.41,-5.26,-36.69,-6.16,-19.95,4.07
18.75,17.39,-10.1,-33.55,-12.01,-3.28,18.57,-9.96,-11.41,-28.5,-3.6,-8.48,4.41
19.03,36.56,-3.75,-53.7,-12.67,-12.7,31.0,-25.71,-11.38,-49.03,-5.65,-30.11,-1.41
18.82,48.17,2.2,-62.39,-6.45,-2.64,49.34,-28.95,-0.34,-40.48,11.53,-30.01,1.66
18.08,19.75,-4.84,-26.28,-14.05,-3.62,20.14,3.73,5.26,-8.25,9.21,-0.5,4.17
18.03,30.16,2.73,-31.99,-17.19,-10.08,23.25,1.18,8.38,-14.91,5.62,-12.87,-1.32
17.99,39.48,-3.48,-58.24,-19.53,-9.63,34.72,-24.47,-4.75,-37.96,17.22,-22.18,10.25
18.11,29.05,-0.61,-37.48,-13.66,-4.56,34.98,4.34,8.64,-21.6,7.54,-7.26,9.61
18.11,30.92,0.79,-35.86,-11.12,-3.19,36.13,3.72,9.4,-21.37,9.32,-6.99,12.35
18.65,31.23,0.94,-41.49,-12.39,-1.95,41.63,-1.74,0.1,-38.1,-4.48,-21.71,7.45
18.65,22.91,-7.28,-32.79,-7.07,9.36,39.06,8.86,9.58,-15.54,7.02,-10.69,5.48
19.72,26.89,-5.69,-44.4,-19.14,-7.31,30.29,-1.19,6.01,-23.52,-1.69,-24.94,-6.34
19.13,25.99,-9.68,-43.26,-16.71,-1.5,32.45,-1.75,3.56,-25.93,-3.69,-33.98,-15.68
20.06,17.69,-14.68,-50.47,-19.61,-0.06,41.28,4.56,2.76,-30.64,-3.52,-21.24,1.96
19.31,25.34,-9.04,-43.18,-13.15,-4.66,35.47,3.06,9.01,-23.59,1.29,-14.56,10.6
20.65,27.55,-7.66,-54.64,-15.71,-2.47,47.85,-2.57,3.38,-38.31,3.6,-13.69,21.94
19.4,26.52,-2.79,-38.4,-13.13,3.11,42.51,4.6,3.72,-29.2,2.28,-13.64,12.17
19.57,37.69,0.66,-55.11,-16.93,-5.0,47.62,-6.02,6.45,-35.86,6.76,-21.77,13.95
18.76,25.81,-6.78,-42.29,-19.7,-7.36,30.62,-0.15,4.37,-27.2,2.7,-11.7,14.93
18.85,26.39,-3.43,-41.84,-17.76,-2.5,35.99,-0.24,0.09,-29.56,0.41,-15.99,5.21
19.37,31.83,-3.03,-52.05,-20.34,-7.27,40.75,-6.04,2.6,-34.54,6.36,-15.61,16.97
18.93,14.5,-11.15,-30.24,-16.37,-4.45,16.86,3.09,2.28,-12.49,-5.69,-18.34,-15.02
19.09,32.21,2.99,-40.36,-16.53,-6.86,33.0,-9.86,-8.61,-42.83,-6.66,-22.94,1.5
18.83,34.82,1.59,-45.74,-14.57,-8.41,35.59,-10.14,-2.06,-41.64,-4.95,-23.86,8.63
19.11,25.27,-5.48,-46.92,-25.61,-10.91,27.26,-10.63,-6.4,-28.16,7.44,-12.81,2.5
18.99,18.72,-8.48,-35.45,-19.95,-11.75,15.84,-4.72,-3.84,-23.94,-1.44,-5.1,10.46
19.58,24.22,-6.64,-40.35,-8.44,7.82,45.51,2.92,1.26,-33.24,-0.27,-16.18,8.9
18.34,19.27,-5.88,-33.2,-18.88,-6.74,28.41,11.67,9.55,-17.75,0.97,-1.96,17.11
18.57,28.6,-5.36,-46.45,-20.96,-7.96,33.97,-3.01,3.64,-27.36,10.62,-7.3,18.63
19.0,34.55,0.11,-53.93,-19.4,-6.31,43.86,-11.47,-1.18,-37.87,10.25,-14.13,18.59
18.3,35.81,1.66,-42.25,-3.81,-4.06,41.73,-10.06,-6.29,-50.33,-12.44,-26.59,9.45
18.25,16.39,-9.24,-37.47,-22.39,-16.68,7.99,-25.09,-34.85,-64.29,-36.8,-30.98,-0.17
18.77,41.3,9.46,-28.56,7.38,1.31,39.23,-13.84,-10.29,-50.47,-8.65,-22.22,10.09
19.06,36.62,5.83,-29.36,1.31,4.57,33.3,-8.57,-3.22,-31.38,-2.65,-19.32,2.52
18.57,21.42,2.47,-17.39,-4.89,5.34,29.09,3.37,-11.48,-39.8,-19.27,-11.63,14.24
17.78,31.59,10.41,-18.43,0.26,9.65,37.52,-1.41,-12.9,-44.37,-13.47,-15.2,8.79
18.29,39.3,9.73,-22.31,5.82,14.63,40.8,-9.32,-9.9,-41.67,-4.81,-22.97,6.32
18.68,24.73,0.79,-21.5,-3.92,5.74,28.87,5.44,1.04,-19.99,-2.51,-9.17,2.36
20.03,19.29,-7.14,-30.83,-6.74,9.89,38.14,5.46,-0.63,-25.14,2.72,-4.22,14.22
20.38,26.35,-4.4,-46.59,-17.06,-7.86,38.2,-3.36,-3.77,-51.97,-20.58,-31.0,10.82
20.89,29.03,-10.42,-56.46,-16.39,-11.73,37.78,-12.52,-3.15,-49.63,-12.93,-32.38,6.57
20.9,13.07,-12.47,-32.46,-10.43,2.4,26.06,-0.8,-7.38,-29.16,-7.13,-5.54,14.78
20.32,20.3,-7.47,-29.82,-1.16,14.4,37.0,-5.05,-12.76,-38.29,-8.87,-17.91,5.43
19.61,27.35,-3.08,-38.99,-1.58,10.53,41.77,-11.57,-8.67,-32.9,14.06,-1.26,20.64
19.64,19.07,-7.77,-27.72,-3.16,10.5,32.52,-2.94,-12.07,-41.09,-16.63,-18.44,11.76
19.69,13.24,-12.08,-29.53,-6.67,8.51,31.12,7.05,0.64,-19.66,-3.01,-3.93,14.46
18.96,15.87,-13.23,-37.25,-17.17,-4.04,21.33,-9.52,-16.94,-44.08,-18.98,-22.56,0.53
19.57,21.37,-13.52,-53.14,-21.83,-12.28,21.9,-23.36,-21.73,-54.48,-19.86,-30.18,2.24
18.96,29.61,0.0,-28.2,-1.11,6.82,27.97,-17.93,-18.16,-43.49,-5.3,-14.2,15.26
19.51,18.04,-5.68,-26.6,-6.81,-0.78,18.48,-12.32,-17.99,-38.8,-11.06,-5.66,16.77
19.75,26.45,-7.85,-39.58,-5.04,0.76,33.24,-10.59,-7.49,-37.27,-2.24,-12.8,16.3
19.52,17.13,-15.77,-49.87,-17.64,-1.51,30.48,-13.63,-16.48,-46.03,-16.67,-31.51,-6.72
19.25,23.66,-10.37,-42.4,1.01,9.56,45.52,-3.86,-2.99,-38.41,-3.98,-17.52,8.57
19.34,23.41,-4.91,-35.9,-0.34,11.45,37.3,-17.52,-23.16,-51.71,-10.1,-15.14,16.52
19.54,28.78,-4.62,-38.88,-8.4,3.29,33.37,-12.41,-7.33,-32.65,5.53,-12.88,11.29
18.98,29.55,2.03,-36.92,-15.18,-0.8,31.98,-13.38,-16.62,-40.44,-1.62,-14.64,8.19
18.85,27.19,-5.53,-35.75,-8.69,-3.49,23.21,-15.76,-12.62,-40.01,-9.77,-20.33,7.07
18.48,40.7,0.0,-55.66,-8.05,-2.31,44.94,-23.2,-8.37,-44.2,5.88,-24.87,12.38
17.93,41.43,1.81,-54.45,-9.41,4.76,51.58,-22.15,-6.87,-33.65,26.18,-6.03,20.77
19.85,30.87,-6.09,-47.07,2.75,8.07,43.73,-18.52,-8.01,-39.58,6.38,-17.81,9.98
20.53,19.28,-6.77,-26.49,1.38,13.7,32.0,-9.55,-16.63,-38.78,-7.43,-12.6,7.3
20.69,24.69,-1.78,-27.35,10.31,23.36,45.66,-6.74,-11.16,-35.15,1.12,-11.2,8.24
20.4,27.47,-3.15,-30.73,3.12,6.19,35.09,-4.79,-4.27,-31.86,-0.77,-10.76,7.84
19.88,19.22,-8.07,-33.3,-6.42,4.92,25.5,-14.59,-17.71,-33.81,-2.42,-15.07,-6.79
20.69,19.15,-9.17,-29.54,-2.49,10.77,29.24,-8.4,-8.63,-24.07,4.44,-12.17,-3.42
19.86,12.99,-9.96,-23.48,0.11,11.52,24.55,-6.66,-14.41,-29.07,-9.48,-14.94,-7.86
19.34,34.0,-2.56,-43.71,-0.47,0.45,40.56,-15.56,-9.2,-40.87,0.95,-17.36,8.0
18.56,13.36,-10.36,-25.26,-7.14,5.02,20.27,-3.43,-11.24,-25.83,-10.47,-11.83,-0.89
18.14,25.46,-0.25,-29.52,-9.67,3.38,30.87,-4.37,-8.34,-28.67,2.17,-8.45,5.31
18.21,58.13,7.35,-61.13,6.27,-0.35,52.27,-38.46,-0.27,-34.86,19.85,-25.75,3.5
18.97,24.95,-6.08,-36.97,-5.58,6.47,36.08,-7.95,-6.61,-34.09,3.99,-6.47,21.11
18.65,44.98,6.03,-63.09,-21.14,-5.58,48.69,-32.99,-20.84,-43.81,33.59,-12.41,21.48
20.52,18.72,-18.02,-52.08,-15.78,-14.34,20.0,-24.65,-15.69,-45.01,2.59,3.68,44.02
20.59,41.66,-2.27,-54.86,6.39,-0.98,52.54,-29.3,-10.72,-47.69,6.19,-19.1,15.26
19.57,15.67,-8.35,-22.12,-0.86,12.8,30.36,2.56,-6.34,-27.13,-6.65,-6.51,13.25
19.64,19.88,-5.3,-28.51,-5.52,4.1,25.44,-8.74,-13.6,-33.55,-5.42,-8.67,7.69
18.64,32.06,-3.7,-40.39,-11.27,-10.93,19.93,-22.78,-10.76,-35.53,4.0,-13.22,9.36
19.0,19.64,-5.37,-29.18,-10.68,1.06,25.44,-0.88,-5.2,-26.4,-5.17,-7.88,11.23
18.66,33.04,-1.85,-40.55,-12.21,-14.06,20.91,-16.99,-6.71,-35.16,-0.01,-12.03,13.04
18.55,21.44,-5.14,-34.66,-18.5,-8.37,19.6,-7.9,-9.83,-30.66,-3.93,-8.73,8.27
18.65,35.57,2.31,-56.15,-29.39,-15.6,32.53,-23.01,-15.64,-47.9,0.62,-23.27,12.84
18.87,27.25,-2.31,-40.75,-22.09,-14.06,26.0,0.23,4.94,-26.67,-1.11,-14.91,7.35
18.5,15.57,-11.56,-30.73,-18.02,-5.59,15.64,1.08,1.42,-11.58,4.85,0.33,10.43
18.54,28.54,-1.5,-40.31,-13.66,-1.67,41.02,5.81,8.91,-23.77,6.86,-10.86,7.77
19.71,22.55,-6.68,-38.23,-22.35,-11.92,25.87,6.48,9.18,-26.28,-10.28,-22.87,2.33
19.02,27.75,-2.53,-37.6,-17.3,-12.8,27.03,5.39,13.44,-16.24,4.37,-7.81,13.38
19.72,39.14,-3.6,-64.68,-21.12,-19.8,48.14,-0.49,21.48,-21.27,18.63,-17.61,18.58
18.77,22.69,-4.18,-38.27,-24.39,-13.93,24.33,3.53,3.2,-28.67,-8.86,-15.9,10.74
17.92,20.25,-5.84,-31.16,-17.7,-4.38,24.91,6.13,4.28,-18.98,-4.38,-16.28,-2.33
18.05,24.65,-6.33,-47.58,-32.67,-23.99,17.12,-3.34,9.01,-17.67,3.82,-15.19,7.49
17.87,15.99,-10.28,-32.88,-20.41,-6.17,23.66,9.76,5.66,-19.88,-9.03,-16.08,0.36
18.18,22.47,-2.11,-39.18,-26.83,-13.98,33.01,11.36,8.16,-32.63,-12.51,-21.89,6.16
17.89,22.47,-7.85,-38.92,-16.57,-0.98,38.97,15.61,17.72,-18.28,-4.08,-24.66,-2.06
17.95,23.04,-5.26,-39.82,-22.49,-11.93,25.39,2.67,6.47,-23.0,-2.62,-12.76,11.53
17.79,32.17,-1.35,-44.33,-18.91,-15.52,34.04,5.91,16.59,-20.15,6.51,-13.49,11.65
18.61,19.87,-6.05,-33.1,-26.14,-19.28,7.54,-2.36,3.08,-13.1,0.24,-5.86,7.96
19.28,26.93,1.07,-33.39,-23.61,-16.32,22.73,8.45,15.91,-12.62,4.52,-9.19,11.55
18.78,33.94,3.7,-51.64,-39.86,-36.59,18.76,-11.07,-0.42,-40.63,-6.0,-25.3,8.71
19.18,31.42,0.24,-43.71,-26.14,-20.21,29.1,4.75,19.44,-20.8,4.82,-15.75,15.35
18.97,27.46,1.91,-36.58,-28.48,-22.47,18.91,2.14,7.71,-23.36,-0.69,-7.12,19.56
20.13,25.15,-2.63,-36.17,-27.67,-21.0,17.11,6.75,17.71,-8.24,9.53,-3.29,18.34
20.27,12.67,-17.77,-49.87,-41.61,-32.73,4.31,0.69,12.93,-5.49,8.53,-0.42,15.74
20.16,33.67,2.88,-50.56,-35.37,-27.61,30.52,5.03,22.37,-18.62,14.12,-11.61,19.8
20.02,30.63,1.07,-48.14,-35.86,-26.21,24.77,0.88,13.54,-17.77,11.19,-10.91,12.43
19.98,23.72,-3.54,-37.45,-26.41,-14.91,26.21,12.73,17.15,-13.58,3.6,-9.28,10.91
19.02,40.4,5.64,-47.99,-21.9,-15.85,31.61,-14.07,-1.17,-30.87,11.39,-15.57,6.86
19.06,25.03,-1.66,-38.87,-27.02,-14.92,21.9,-6.0,-8.53,-36.44,-9.46,-18.64,3.29
18.51,17.79,-7.75,-31.75,-25.69,-20.55,0.15,-10.18,-5.56,-17.93,-6.79,-13.01,0.71
18.32,29.09,-1.05,-45.2,-31.67,-21.58,19.34,-8.86,-2.15,-29.38,2.24,-13.51,11.63
18.48,37.14,4.63,-54.21,-34.97,-17.91,27.5,-26.68,-18.24,-34.28,19.92,-11.06,8.44
18.5,36.98,3.12,-42.13,-19.59,-10.51,27.42,-9.31,6.73,-15.29,22.17,-2.91,16.49
18.53,35.21,0.88,-46.31,-25.97,-26.42,15.53,-13.44,3.21,-26.81,2.22,-18.84,7.84
17.73,22.88,-6.36,-35.35,-29.03,-25.19,-5.6,-21.47,-9.11,-12.49,12.34,0.6,7.4
17.78,30.25,-0.17,-36.63,-13.28,-6.41,21.4,-15.21,-2.71,-13.88,21.63,0.96,10.44
17.37,31.69,-8.04,-55.93,-27.34,-17.1,23.46,-19.74,-4.35,-30.26,9.76,-17.5,8.81
17.3,30.9,-3.37,-52.25,-26.79,-16.2,17.36,-30.76,-13.54,-22.7,27.64,-2.92,9.69
16.87,32.82,-5.04,-53.57,-30.83,-32.72,10.01,-21.17,-1.2,-24.08,9.96,-9.87,9.48
18.2,35.3,-0.58,-49.23,-24.88,-20.36,20.33,-11.14,10.88,-11.37,20.98,-6.2,9.3
19.27,26.99,-6.83,-49.41,-37.2,-29.93,8.36,-14.33,-0.3,-21.61,9.27,-8.47,12.0
19.11,22.72,-4.28,-38.94,-27.05,-17.1,17.5,-5.17,-3.31,-25.72,1.95,-5.37,11.93
18.55,31.01,-0.25,-33.26,-12.35,-13.13,20.0,-5.27,4.03,-21.81,4.69,-3.87,17.94
18.78,38.86,-0.46,-61.99,-31.88,-25.07,23.79,-29.39,-7.25,-33.02,19.48,-7.17,23.04
18.47,38.77,1.16,-49.45,-18.38,-17.67,41.38,2.23,18.64,-21.72,11.56,-17.22,8.83
17.95,35.19,2.16,-52.54,-30.47,-14.01,28.57,-16.6,-4.4,-30.08,5.48,-27.79,-0.07
18.08,35.82,2.29,-43.82,-22.82,-13.92,28.75,-8.91,1.28,-34.62,-1.91,-25.77,3.99
17.55,29.69,3.74,-31.01,-17.54,-11.03,26.81,7.85,13.03,-17.48,0.38,-12.33,8.73
19.01,32.67,6.13,-44.39,-33.54,-23.9,28.62,3.29,12.55,-20.57,5.69,-24.64,-7.6
18.57,19.95,-4.21,-29.59,-23.91,-15.77,12.68,5.11,6.96,-13.55,-6.15,-14.97,-3.69
18.69,15.58,-11.74,-36.7,-35.32,-29.68,-6.04,-9.94,-3.94,-18.67,-11.04,-17.89,-1.69
18.73,32.03,4.95,-32.15,-19.5,-13.87,20.77,0.53,12.66,-9.01,8.82,-15.02,-4.2
17.89,36.69,2.97,-38.74,-16.04,-12.55,28.77,-5.74,4.48,-37.91,-8.58,-29.81,4.04
17.5,23.27,-0.75,-28.83,-22.67,-17.14,12.27,1.66,3.0,-22.6,-14.13,-22.59,-4.46
17.37,32.26,7.16,-29.79,-22.42,-19.1,18.15,-0.09,7.15,-23.22,-6.4,-23.47,-0.81
17.43,44.85,11.12,-43.27,-14.46,-9.93,33.21,-17.88,-7.23,-41.33,-3.32,-31.85,-2.93
17.43,25.72,0.57,-22.96,-9.68,0.7,25.7,4.42,1.29,-22.82,-7.24,-14.63,5.29
18.37,36.42,5.32,-44.97,-15.92,-12.92,40.01,-1.57,6.33,-45.83,-18.36,-41.65,2.31
17.88,35.62,1.98,-49.63,-26.97,-20.56,30.89,-11.93,-1.86,-45.42,-6.11,-25.22,20.12
19.54,38.2,0.6,-55.03,-15.25,-20.58,45.64,-7.11,5.98,-47.13,-5.16,-20.88,24.38
18.84,25.31,-8.75,-50.52,-30.27,-23.5,21.65,-5.0,5.37,-33.66,-5.63,-19.15,14.08
18.05,11.45,-15.47,-38.77,-28.26,-19.33,4.9,-8.78,-9.98,-27.52,-10.85,-7.83,11.85
18.63,33.04,-6.76,-59.22,-24.27,-25.05,30.49,-14.09,3.98,-36.21,4.1,-16.54,21.22
18.91,16.9,-14.62,-50.22,-31.19,-22.08,12.5,-15.49,-14.71,-44.74,-19.38,-25.54,5.19
17.96,24.21,-3.56,-35.05,-19.63,-9.59,27.23,7.3,9.68,-18.72,3.47,-5.5,14.17
18.49,29.79,1.6,-36.02,-22.09,-15.17,17.31,-9.96,-5.52,-30.45,-5.3,-17.55,2.82
17.85,47.35,3.27,-39.48,-4.09,-0.54,38.92,-16.32,5.48,-32.15,17.13,-19.47,17.03
17.41,26.52,2.59,-23.2,-13.81,-8.61,13.59,-3.52,-1.24,-17.17,-1.4,-9.33,2.44
17.64,35.44,2.61,-47.08,-27.82,-18.49,23.53,-15.77,-2.67,-23.73,21.89,1.94,20.47
18.1,28.45,2.68,-28.78,-16.86,-11.05,16.04,-7.25,-6.02,-28.56,-8.88,-18.08,-0.78
18.27,52.18,9.3,-52.23,-10.88,-7.55,42.52,-26.95,-2.09,-36.92,18.85,-25.52,10.41
18.71,20.29,-8.8,-39.39,-16.29,-5.8,21.56,-14.09,-17.8,-44.23,-17.16,-22.97,1.76
19.49,24.24,-7.81,-42.33,-14.66,-0.37,34.92,-0.76,2.24,-26.39,1.66,-16.82,4.75
19.35,40.98,-10.44,-60.27,1.18,-23.39,46.87,-31.19,-5.61,-33.52,7.16,-9.89,6.45
18.73,32.69,-6.7,-50.54,-6.85,-6.83,37.77,-14.18,-2.37,-35.64,3.7,-17.01,5.79
18.69,17.45,-9.21,-40.09,-14.57,3.49,39.6,2.14,-6.79,-38.32,-7.5,-14.98,8.18
19.63,24.23,-9.28,-44.69,-9.39,-0.95,35.05,-9.28,-3.44,-32.83,4.45,-9.8,12.45
19.78,35.43,-14.03,-63.6,-0.42,-17.58,52.6,-23.65,-1.44,-40.36,2.63,-10.68,14.16
19.38,19.85,-8.21,-35.88,-16.15,-4.99,26.68,-2.74,-6.48,-39.67,-14.05,-19.98,5.94
18.55,22.74,-7.95,-38.07,-7.31,3.04,33.55,-4.91,-7.11,-36.15,-8.69,-17.94,6.06
18.45,34.29,5.65,-44.26,-18.3,-1.1,45.24,-4.66,-3.05,-34.67,6.74,-17.0,9.8
19.27,22.19,-5.05,-34.29,-14.64,-1.74,29.43,4.08,2.93,-24.91,-8.41,-19.68,1.65
19.36,35.89,1.81,-44.99,-13.88,-12.45,34.2,-6.59,2.03,-42.78,-13.79,-32.56,3.73
19.1,20.42,-3.35,-24.11,-6.83,6.01,32.25,12.9,6.49,-20.36,-11.67,-18.8,-1.99
19.76,36.5,3.44,-44.06,-9.31,-5.71,47.24,2.0,9.76,-43.41,-10.33,-27.75,13.77
19.01,24.41,-2.25,-34.92,-12.65,2.67,42.65,14.59,10.96,-26.18,-8.09,-22.29,1.22
18.66,30.7,-4.97,-45.9,-17.81,-15.86,29.82,-2.59,8.04,-27.26,1.99,-13.12,14.75
18.34,16.11,-10.27,-34.06,-19.46,-9.73,15.67,-2.83,-6.22,-31.05,-20.02,-23.37,-1.32
18.35,15.75,-11.75,-36.78,-26.19,-16.51,10.84,-6.56,-8.67,-32.94,-14.27,-13.33,13.81
19.54,30.28,-1.9,-47.16,-22.08,-14.48,33.63,3.56,16.28,-25.32,-3.73,-30.01,1.45
18.89,23.31,-6.87,-37.37,-18.73,-8.1,26.17,3.59,6.11,-26.0,-7.56,-19.24,7.46
19.12,24.33,-6.96,-50.36,-27.12,-13.05,34.98,2.58,5.77,-30.67,1.62,-14.15,12.84
19.2,31.4,-0.9,-37.58,-12.21,-19.58,25.16,3.35,20.67,-17.51,-3.6,-22.67,7.65
18.72,11.74,-13.2,-33.77,-22.31,-9.15,19.97,11.77,9.6,-12.28,-3.98,-6.02,10.39
18.15,13.91,-13.24,-34.73,-25.2,-13.47,12.12,1.24,0.35,-17.91,-4.2,-5.39,13.28
18.07,26.01,-5.43,-48.73,-27.99,-18.39,24.63,-6.74,1.87,-28.04,4.8,-6.29,25.96
17.84,18.69,-11.17,-46.01,-37.81,-30.23,4.67,-12.07,-7.79,-33.5,-8.3,-10.99,17.83
17.66,26.26,-6.91,-47.3,-23.43,-16.05,22.23,-8.74,2.54,-21.64,13.33,1.94,24.11
17.74,20.92,-4.65,-37.69,-30.15,-22.22,14.49,-1.7,-0.47,-30.22,-9.39,-13.93,10.2
18.11,45.7,5.51,-71.65,-33.44,-15.49,50.82,-22.18,2.96,-33.39,17.37,-24.12,14.52
