17.33,14.09,-3.29,-26.62,-22.04,5.66,23.32,-0.9,-11.83,-17.44,7.49,-2.34,-3.0
17.98,40.01,-5.38,-57.84,-0.49,-2.49,42.64,-22.11,4.14,-26.03,21.68,-9.82,15.59
18.02,46.24,-5.9,-67.47,-4.03,-15.16,47.9,-36.18,-1.65,-34.75,15.31,-20.25,4.8
17.8,25.6,-10.8,-44.31,-13.06,-2.05,26.13,-14.57,-5.27,-28.87,3.87,-18.02,4.33
17.87,15.72,-15.78,-46.89,-18.97,-3.89,24.35,-12.41,-8.13,-23.85,7.73,-8.32,6.52
17.4,28.15,-4.07,-38.9,-15.55,-9.05,22.61,-8.92,-0.92,-24.42,4.52,-11.79,3.47
17.47,19.35,-7.3,-32.96,-13.06,0.37,24.29,-4.31,-5.29,-21.02,1.75,-10.38,0.14
17.8,35.83,-4.68,-56.84,-7.96,-1.79,40.01,-32.05,-16.47,-43.71,13.24,-22.8,-1.64
18.11,51.24,-1.88,-70.46,-1.18,-8.14,54.19,-41.55,-2.09,-36.15,13.56,-15.46,11.32
17.86,32.75,-4.04,-56.34,-21.3,-4.59,33.92,-25.74,-13.84,-33.55,14.94,-24.14,-5.98
17.6,29.55,-6.46,-48.37,-11.14,-3.57,28.2,-23.56,-9.42,-27.4,15.85,-9.71,9.02
16.98,21.68,-7.84,-37.76,-23.73,-13.64,13.59,-10.62,-9.0,-31.15,-9.99,-22.3,-4.57
17.6,33.78,-1.77,-47.49,-18.01,-10.51,27.1,-13.78,0.59,-26.11,7.53,-17.31,4.44
17.34,21.75,-9.42,-38.32,-23.15,-12.63,13.07,-9.22,-2.2,-15.84,10.48,-1.78,10.89
17.42,45.73,-3.58,-66.34,-11.79,-14.12,42.0,-27.28,4.56,-27.51,23.29,-14.94,15.92
17.68,25.71,-7.99,-45.3,-22.48,-12.09,16.16,-22.83,-15.45,-33.49,2.44,-16.85,3.34
17.38,21.61,-8.0,-34.67,-10.48,-0.78,21.92,-7.75,-5.02,-23.27,-1.52,-12.43,4.46
18.08,42.22,-1.9,-61.64,-13.04,-6.79,38.75,-30.0,-5.74,-39.14,12.87,-26.26,5.02
18.19,24.59,-8.92,-50.58,-14.87,-0.87,30.88,-23.74,-14.47,-33.7,11.77,-12.89,7.85
17.39,26.77,-5.18,-41.33,-16.03,-2.33,30.64,-8.67,-3.41,-24.15,11.63,-5.09,16.87
17.55,27.7,-8.1,-47.87,-15.31,-6.92,24.86,-15.29,-2.83,-24.7,8.78,-13.1,6.42
17.69,23.22,-12.79,-47.96,-17.56,-5.87,24.8,-14.37,-3.81,-22.37,15.22,-3.94,17.29
18.33,24.41,-10.9,-49.78,-16.38,-8.87,18.66,-25.84,-8.09,-19.24,22.71,-1.5,10.98
17.7,32.68,-8.02,-49.17,-16.04,-5.18,27.3,-18.43,3.1,-20.51,22.92,-8.94,13.93
17.11,50.63,0.96,-73.56,-18.53,-18.37,34.17,-48.83,-8.62,-24.27,32.26,-13.35,12.22
16.86,29.97,-6.05,-51.39,-27.55,-15.32,20.52,-18.96,-5.25,-22.81,16.08,-10.73,4.32
17.18,23.37,-7.18,-40.34,-19.26,-10.03,14.61,-16.31,-6.05,-15.58,13.59,-8.77,-4.9
17.44,24.75,-10.11,-46.75,-20.49,-8.42,18.29,-21.87,-11.69,-26.1,12.08,-10.47,5.49
17.25,45.34,-4.22,-69.54,-9.61,-12.92,36.47,-32.85,0.65,-21.78,27.77,-17.52,9.43
17.21,32.97,-3.84,-52.82,-20.82,-8.76,28.03,-22.23,-6.57,-25.76,24.08,-3.91,15.41
17.67,22.94,-10.5,-43.75,-19.1,-10.79,17.11,-11.47,-0.3,-15.18,12.15,-3.81,9.66
17.13,33.95,-3.38,-41.93,-12.8,-6.9,18.64,-26.53,-10.98,-30.09,11.84,-12.56,13.18
16.99,43.83,-2.68,-52.76,-3.18,-22.93,32.2,-26.91,-2.55,-28.48,14.4,-10.02,3.96
17.43,30.99,-4.85,-47.9,-20.59,-14.65,22.47,-10.72,5.15,-20.37,11.09,-9.78,9.08
17.28,29.11,-2.52,-41.61,-19.66,-10.11,25.25,-6.18,2.83,-19.55,10.74,-5.61,13.11
17.18,20.48,-10.48,-39.89,-22.51,-10.5,17.44,-7.0,-2.25,-21.85,1.24,-13.14,2.99
17.02,31.64,-5.76,-52.67,-18.34,-11.46,22.25,-27.74,-7.19,-22.65,21.78,-5.69,11.8
16.79,25.85,-6.18,-37.36,-16.59,-8.68,18.76,-6.82,2.41,-12.36,14.76,0.2,14.15
16.91,12.61,-14.59,-32.81,-9.39,3.3,21.13,-3.34,-1.36,-11.38,6.68,-4.02,5.37
17.56,41.49,-3.82,-59.82,-18.6,-11.79,30.63,-28.51,-3.86,-29.31,24.59,-14.26,13.51
17.35,34.84,-7.93,-56.09,-13.67,-19.2,28.66,-15.43,5.97,-27.87,13.56,-6.72,21.28
17.62,28.01,-9.03,-46.82,-6.27,-3.06,35.34,-8.48,1.53,-26.16,9.92,-7.03,16.9
17.79,13.31,-14.57,-35.81,-14.14,-2.13,17.99,-7.46,-6.91,-18.57,4.04,-1.63,9.49
17.26,23.02,-9.72,-36.2,-11.61,-2.51,17.88,-16.86,-10.35,-26.31,5.95,-7.03,13.21
16.94,16.0,-10.99,-33.63,-16.35,-6.8,12.61,-11.46,-12.7,-26.78,-4.72,-5.33,12.64
16.74,27.09,-0.39,-37.93,-20.47,-6.08,29.32,-2.21,-1.47,-22.97,5.14,-12.87,0.64
17.82,24.89,-6.24,-41.29,-18.25,-7.68,24.16,-7.61,-1.28,-21.96,6.59,-9.61,5.57
17.48,36.51,-3.79,-51.69,-13.9,-16.34,30.71,-12.84,4.56,-31.21,3.1,-21.87,7.27
16.81,20.21,-8.64,-37.25,-20.81,-10.67,16.06,-5.88,-1.71,-16.98,4.02,-5.58,7.34
16.86,24.72,-3.8,-33.24,-14.22,-7.22,15.66,-14.91,-9.21,-22.63,9.34,0.19,13.01
17.57,34.51,-4.09,-53.05,-14.48,-9.33,33.39,-14.89,1.59,-23.12,22.77,-1.65,16.89
17.35,21.28,-12.08,-38.88,-17.06,-5.89,20.28,-2.81,6.08,-10.69,10.03,-8.8,3.46
17.21,19.65,-11.24,-40.82,-19.6,-10.22,15.22,-10.3,-2.7,-19.58,2.4,-11.39,1.05
17.52,46.16,-0.49,-68.88,-7.75,0.21,44.09,-37.51,-7.09,-35.66,17.9,-26.29,5.01
17.39,28.25,0.76,-38.75,-17.84,-2.22,34.28,-6.15,-8.42,-33.63,4.63,-6.63,16.3
17.31,39.44,-2.28,-54.0,-19.77,-20.74,25.23,-25.04,-6.86,-41.67,1.73,-24.53,10.15
17.66,43.34,3.07,-59.45,-11.31,3.52,51.69,-29.29,-12.81,-35.41,28.89,-11.79,11.82
17.93,26.44,-13.8,-51.7,-11.63,0.91,34.82,-13.8,2.02,-22.04,18.1,-12.69,10.36
17.68,20.13,-10.53,-39.59,-16.39,-5.44,18.64,-9.28,0.31,-8.83,17.68,0.31,8.15
17.61,25.99,-8.21,-42.91,-12.36,0.4,31.79,-6.18,6.15,-14.25,19.22,-5.79,9.7
17.81,27.99,-7.33,-47.07,-15.16,-6.07,27.73,-11.58,1.71,-18.12,17.44,-4.72,12.64
18.46,36.78,-2.69,-54.29,-16.93,-13.46,35.31,-8.72,12.38,-14.15,28.22,-1.5,16.87
18.1,41.6,1.42,-60.05,-21.36,-7.15,40.76,-19.84,6.19,-20.75,27.2,-14.82,9.49
17.85,29.47,-11.09,-52.78,-11.45,-14.11,25.62,-19.17,1.32,-26.89,14.07,-3.56,20.1
17.52,39.02,-7.06,-53.95,-2.73,-19.67,36.74,-16.04,6.74,-20.84,17.3,-4.81,15.66
17.33,35.75,1.96,-51.17,-19.63,-6.12,39.69,-12.96,-5.44,-33.22,12.81,-13.41,9.91
17.41,46.0,-3.12,-65.07,-11.0,-20.93,46.82,-17.99,11.4,-15.84,35.11,3.47,20.17
17.89,27.24,-3.75,-40.8,-15.89,-2.26,30.99,-9.77,-4.64,-24.37,16.95,0.64,20.01
17.14,28.51,-2.01,-34.69,-13.72,-7.98,16.96,-12.64,-4.31,-21.11,4.02,-9.89,6.7
17.4,36.51,1.7,-47.12,-15.91,-0.99,41.43,-10.69,0.43,-27.76,17.13,-11.05,13.99
17.69,46.92,-0.4,-58.83,-6.1,-22.57,38.61,-34.17,-16.36,-45.37,4.92,-22.06,1.0
16.96,34.19,0.64,-51.42,-24.66,-15.52,22.16,-27.5,-15.33,-33.51,7.21,-20.02,-4.01
16.75,28.69,-5.29,-43.79,-18.5,-16.24,19.55,-14.17,-8.08,-33.74,-3.19,-14.85,8.09
17.09,47.8,7.84,-54.15,-5.61,5.31,47.55,-31.51,-6.6,-30.31,26.09,-17.02,10.12
16.94,31.03,-3.27,-45.56,-17.75,-8.41,26.56,-12.4,-0.9,-26.94,6.79,-13.53,9.8
17.26,28.86,-7.37,-54.23,-25.73,-11.26,31.31,-10.17,1.79,-20.64,22.17,-0.25,22.48
16.97,21.72,-4.75,-33.1,-18.99,-10.45,17.66,-3.73,-6.56,-32.86,-15.6,-19.49,3.18
17.27,39.45,-4.39,-63.24,-21.36,-9.34,37.31,-25.32,-5.99,-39.78,13.89,-19.92,20.07
16.35,35.27,-1.44,-46.32,-16.66,-14.58,20.11,-16.76,3.12,-16.47,19.46,-3.39,18.01
17.08,34.1,-2.39,-49.63,-24.13,-15.31,23.62,-16.09,-0.05,-25.33,16.54,-7.19,17.1
16.96,31.38,-0.07,-42.29,-21.94,-13.13,21.0,-12.9,-3.69,-25.06,7.31,-11.25,4.75
16.61,22.83,-6.89,-34.23,-15.92,-5.17,22.95,3.34,14.09,1.43,26.41,13.21,21.0
16.76,27.12,-1.88,-35.01,-17.04,-6.53,23.65,-0.85,8.02,-8.05,17.23,0.78,9.5
16.76,37.44,-1.05,-46.38,-13.41,-10.15,31.12,-9.92,6.8,-20.54,18.36,-9.0,15.62
17.03,18.16,-9.42,-35.14,-21.98,-12.69,13.03,-1.1,4.43,-8.93,8.43,1.61,13.16
17.12,22.68,-6.51,-38.6,-25.19,-12.14,19.19,-2.68,1.94,-16.91,6.25,-8.83,3.4
17.57,38.13,1.68,-49.48,-19.72,-13.91,33.88,-3.98,13.58,-21.56,13.37,-15.84,5.76
17.66,26.88,-3.9,-41.75,-16.51,-5.47,39.5,11.67,17.33,-19.34,5.55,-12.26,9.91
17.0,20.73,-9.38,-36.06,-14.66,-8.66,18.71,-2.19,3.5,-16.93,1.9,-4.18,14.96
16.91,42.96,-1.87,-55.3,-1.31,-4.89,36.46,-32.1,-6.17,-30.71,21.07,-15.34,10.92
16.99,18.8,-9.82,-38.13,-17.96,-7.6,14.95,-15.55,-11.07,-20.22,11.44,2.22,12.61
17.01,27.15,-5.94,-40.29,-18.19,-8.48,17.9,-17.99,-8.93,-25.18,8.5,-10.45,7.0
17.72,37.24,-0.18,-47.9,-10.7,-6.48,37.29,-11.0,2.66,-31.89,7.05,-18.1,9.23
17.01,29.53,-2.1,-44.96,-23.82,-8.71,30.66,-9.2,-3.52,-25.11,16.35,-5.05,8.94
16.85,19.65,-14.84,-48.68,-25.0,-18.32,9.19,-19.06,-6.4,-17.0,13.2,-0.68,10.53
17.58,36.0,-4.27,-48.14,-13.97,-11.92,26.16,-16.59,4.65,-23.26,14.88,-14.64,7.82
17.49,31.53,-1.73,-52.34,-23.52,-7.04,31.44,-23.59,-13.66,-28.59,22.52,-9.11,4.46
17.85,26.32,-10.35,-47.74,-5.41,4.32,38.37,-12.16,-5.17,-33.91,0.82,-24.33,-2.72
17.27,22.13,-9.54,-39.98,-12.27,-2.04,23.38,-11.77,-5.63,-20.5,9.91,-3.78,10.98
17.05,27.1,-8.58,-37.21,-12.16,-2.88,18.25,-19.14,-10.13,-26.89,5.97,-12.22,10.05
17.28,17.71,-10.7,-35.4,-10.53,2.64,25.59,-6.99,-9.77,-29.44,-8.18,-21.53,-8.68
17.66,17.54,-12.15,-33.71,-9.87,3.47,23.64,-6.82,-5.08,-21.59,-0.89,-18.36,-7.88
17.88,19.52,-10.16,-36.18,-6.69,4.48,26.13,-11.8,-8.32,-22.09,7.52,-6.27,5.3
17.17,23.06,-9.8,-42.16,-16.81,-2.35,29.07,-3.93,3.63,-14.88,14.5,-9.1,0.24
16.37,19.15,-9.28,-35.82,-13.36,-7.4,8.26,-28.0,-24.51,-35.49,-3.87,-13.05,0.44
17.05,26.85,-7.22,-42.71,-16.95,-8.35,21.34,-15.04,-3.5,-21.03,13.87,-8.48,2.85
16.52,37.79,-0.58,-47.36,-8.39,-4.87,32.63,-16.63,-0.18,-27.74,8.4,-21.52,1.65
16.91,20.52,-8.68,-30.09,-16.13,-8.36,7.08,-12.76,-5.1,-13.03,4.34,-12.03,-5.6
17.68,23.8,-7.1,-41.98,-16.95,-5.62,24.8,-10.8,-5.32,-25.88,6.36,-6.76,12.32
17.84,23.99,-9.32,-37.52,-8.61,-0.66,21.83,-16.26,-4.6,-20.96,10.86,-12.39,3.14
17.28,23.48,-6.25,-35.96,-13.84,-7.34,12.51,-19.17,-7.46,-14.14,15.23,-1.68,6.92
17.3,33.55,-4.41,-54.75,-32.34,-22.67,16.19,-25.8,-7.62,-25.89,19.22,-8.09,15.1
17.04,27.84,-9.71,-58.53,-35.78,-32.5,6.84,-32.49,-21.41,-46.98,-7.41,-23.17,1.35
17.67,21.61,-9.06,-36.81,-10.92,2.65,25.95,-12.6,-9.21,-25.01,6.75,-12.68,-1.46
17.24,26.5,-3.66,-34.05,-9.44,-3.49,19.09,-12.76,-2.96,-15.99,12.95,-4.79,4.57
17.28,28.88,-5.7,-47.19,-20.69,-6.65,28.29,-17.87,-8.97,-29.4,13.56,-9.45,9.32
17.33,16.53,-11.63,-36.02,-22.89,-15.65,3.1,-14.0,-6.59,-12.33,6.3,-5.65,-2.31
17.34,25.8,-5.31,-37.4,-12.64,-6.16,22.93,-12.53,-6.28,-27.44,7.43,-1.74,18.37
17.12,39.26,-7.64,-48.71,3.23,-23.85,36.68,-20.69,2.62,-23.72,7.76,-0.41,16.32
17.7,14.23,-17.03,-48.67,-27.24,-9.64,24.7,-0.36,2.09,-17.93,7.58,-5.32,8.91
17.2,38.03,-3.56,-58.69,-17.28,-11.02,29.99,-23.31,0.93,-26.01,17.72,-17.07,7.14
17.68,22.65,-11.84,-46.84,-23.55,-13.63,13.93,-22.66,-13.24,-33.11,1.13,-17.22,3.52
17.36,22.61,-5.47,-38.9,-20.36,-8.34,20.24,-14.66,-16.91,-34.91,-0.28,-7.83,6.41
17.16,32.93,-0.6,-47.93,-16.33,-2.28,31.5,-25.21,-10.12,-22.93,28.82,-3.03,11.47
17.42,30.11,0.15,-41.44,-22.48,-11.88,19.16,-19.57,-12.05,-24.25,15.95,-3.01,9.59
17.27,19.71,-9.72,-31.55,-12.4,-3.51,10.91,-19.44,-13.61,-19.17,10.31,-3.8,2.77
16.77,23.08,-7.32,-46.95,-31.01,-18.76,14.73,-20.62,-19.44,-35.97,2.26,-8.77,6.28
16.89,26.58,-4.16,-37.92,-21.4,-10.14,20.36,-5.01,3.01,-13.11,14.5,-1.85,11.19
16.98,31.0,1.85,-39.42,-22.51,-12.32,21.38,-15.73,-12.48,-32.3,2.93,-11.03,8.51
17.4,25.04,-9.13,-38.9,-19.66,-9.11,16.05,-11.46,-1.31,-17.3,10.47,-6.16,11.41
17.82,19.15,-6.92,-35.84,-18.49,-7.56,18.62,-13.81,-18.2,-37.84,-7.07,-10.61,8.14
17.13,29.39,-8.37,-52.68,-26.25,-19.54,12.07,-32.79,-18.7,-36.76,9.14,-9.31,16.45
17.35,25.35,-7.87,-46.48,-20.44,-10.95,21.03,-14.79,-3.86,-21.57,13.5,-4.24,10.54
17.12,34.58,-9.49,-53.97,-14.8,-12.7,27.05,-20.11,4.48,-23.33,19.75,-10.96,13.07
16.87,30.1,-4.53,-47.55,-21.14,-13.08,23.27,-13.44,-0.57,-26.44,4.79,-13.45,10.32
17.27,36.37,1.68,-41.94,-19.58,-22.41,14.67,-17.23,1.27,-21.13,14.88,-6.49,9.98
16.99,42.3,12.05,-43.14,-23.13,-9.92,35.91,-10.3,1.18,-24.55,13.51,-17.48,4.62
16.6,29.66,-2.22,-38.48,-19.38,-9.31,20.32,-10.92,-3.49,-25.49,3.47,-14.19,4.72
17.01,23.72,-4.6,-34.97,-16.04,-6.17,18.19,-11.27,-7.76,-22.25,3.76,-10.45,-0.97
16.55,26.14,-2.27,-36.65,-16.47,-5.85,21.24,-18.63,-18.64,-35.53,4.36,-4.83,12.96
16.4,26.18,-2.69,-36.85,-20.65,-13.91,10.93,-20.78,-16.44,-29.19,2.32,-6.83,9.23
16.83,37.97,2.78,-48.49,-22.39,-19.37,21.26,-17.52,-1.59,-27.06,11.68,-9.06,19.98
16.54,42.37,-5.51,-59.0,-5.38,-20.01,28.12,-37.79,-11.4,-31.14,20.64,-2.07,22.59
17.28,26.78,-4.89,-36.03,-19.84,-11.49,12.29,-14.63,-5.63,-18.31,8.89,-8.28,5.97
17.88,16.47,-15.56,-47.74,-31.87,-22.71,3.44,-19.21,-11.08,-24.09,-5.34,-24.96,-17.06
17.31,38.55,0.31,-47.71,-16.01,-10.08,35.89,-8.73,5.58,-29.63,11.99,-12.98,18.33
16.71,31.74,-1.01,-46.33,-26.07,-18.48,15.75,-25.45,-16.74,-36.79,3.64,-15.51,3.72
16.79,26.02,-1.41,-30.19,-16.63,-6.03,22.73,3.3,6.95,-13.15,5.7,-7.35,8.66
17.01,40.12,1.11,-57.19,-27.88,-24.2,22.07,-25.16,-4.6,-40.61,5.44,-23.21,6.23
16.99,20.96,-5.75,-30.84,-20.28,-10.39,16.05,0.88,0.87,-21.4,-8.23,-15.48,4.47
16.93,49.03,8.93,-60.27,-14.73,-5.61,45.37,-14.6,9.09,-28.01,15.36,-24.86,12.23
16.35,41.71,12.16,-58.33,-26.39,-2.24,42.12,-30.89,-23.55,-35.59,24.07,-15.96,1.44
16.79,17.9,-9.6,-37.21,-26.3,-14.53,13.18,-1.34,3.01,-9.8,8.34,-0.4,9.53
16.89,24.03,-6.7,-37.2,-17.74,-7.63,17.42,-11.92,-3.82,-16.16,15.18,2.64,19.49
17.01,26.12,-5.57,-49.95,-31.65,-17.28,23.91,-10.94,-3.63,-21.49,18.27,-0.63,12.89
17.03,25.29,-6.37,-39.78,-20.86,-13.08,13.15,-16.21,-10.31,-26.49,4.24,-5.15,14.77
16.92,48.84,8.6,-63.76,-17.2,0.61,44.69,-27.4,-0.46,-18.8,28.66,-27.66,-0.31
17.34,31.39,-6.44,-52.57,-29.08,-31.54,8.12,-24.07,-8.68,-34.91,-2.02,-19.19,4.04
17.31,22.02,-5.09,-37.33,-26.37,-17.93,7.13,-21.12,-21.13,-31.3,2.67,-4.8,1.89
17.2,20.53,-11.18,-38.33,-19.6,-10.52,10.02,-17.36,-7.68,-16.79,12.24,-3.03,6.82
16.84,35.25,-4.97,-55.32,-21.63,-18.89,18.89,-27.52,-5.33,-26.04,16.38,-12.44,7.76
16.58,31.96,-5.98,-45.44,-10.13,-14.3,20.41,-16.39,2.5,-17.33,15.02,-7.28,6.81
16.43,40.01,4.52,-49.26,-17.06,-6.98,34.08,-20.15,-8.37,-36.84,13.8,-13.97,15.0
16.71,29.69,-5.02,-46.54,-22.53,-11.4,28.52,-6.64,1.65,-26.99,8.37,-12.61,8.89
17.26,38.99,-0.14,-55.95,-21.98,-13.66,29.02,-24.47,-5.76,-29.58,18.08,-16.37,5.13
16.89,19.82,-7.44,-31.27,-14.66,-3.93,17.38,-8.23,-6.31,-17.53,9.51,1.1,9.85
16.84,38.26,-4.96,-49.78,-4.78,-16.45,27.22,-21.02,-0.96,-24.65,12.77,-9.62,8.61
17.32,40.16,2.27,-48.67,-16.54,-13.71,29.79,-17.47,-1.85,-28.47,13.87,-14.16,8.58
16.72,24.57,-0.62,-29.06,-12.92,-3.67,21.44,-6.01,-8.67,-30.56,-6.84,-10.25,11.47
16.53,33.0,2.32,-39.89,-20.45,-9.24,25.37,-9.28,-1.16,-19.87,14.11,-9.7,6.67
17.7,31.15,-2.77,-47.56,-16.52,-4.05,30.67,-19.39,-7.62,-28.64,11.48,-16.14,1.5
17.12,42.47,2.97,-57.87,-17.72,-12.65,34.93,-16.5,3.96,-31.78,11.2,-23.17,6.15
18.04,46.19,6.7,-70.84,-26.75,4.48,54.29,-37.92,-3.97,-26.4,30.63,-20.74,13.11
17.51,33.87,1.51,-48.82,-21.83,-7.51,34.02,-19.18,-14.31,-40.61,5.03,-19.72,4.04
17.43,43.45,4.03,-59.14,-20.86,-8.73,39.82,-22.5,-3.66,-26.83,19.06,-18.7,11.33
18.23,20.9,-11.66,-44.69,-18.63,-6.15,20.63,-20.63,-15.93,-35.6,-0.47,-19.37,-1.48
18.0,24.34,-8.43,-45.96,-17.77,-5.2,30.21,-7.6,-3.57,-26.77,9.22,-8.07,6.95
17.36,29.76,-3.8,-41.87,-19.01,-10.77,19.73,-16.2,-5.52,-26.85,5.52,-14.07,4.74
17.19,25.42,-7.1,-41.11,-17.0,-11.19,15.85,-14.66,1.25,-6.17,26.06,4.1,9.06
17.12,24.55,-6.07,-39.29,-20.09,-11.51,15.28,-16.82,-8.63,-22.31,10.27,-7.63,2.08
17.39,18.58,-10.61,-40.49,-23.27,-13.32,10.51,-17.89,-12.53,-19.69,13.46,5.25,13.54
17.69,18.41,-12.85,-41.11,-22.15,-8.92,19.43,-2.45,2.5,-16.04,4.8,-8.23,6.48
17.26,21.01,-4.21,-28.6,-8.77,4.48,31.87,5.07,-2.98,-31.33,-15.26,-21.59,-0.8
17.34,43.89,1.5,-54.28,-27.54,-26.0,25.66,-20.13,6.1,-30.35,13.54,-17.68,20.54
17.4,20.97,-6.4,-37.17,-19.02,-7.11,23.01,-6.74,-9.83,-34.04,-7.59,-12.65,8.33
16.85,36.18,5.82,-36.25,-14.91,-10.33,25.24,-10.8,-4.89,-31.85,-1.14,-21.79,-2.47
17.07,36.1,7.31,-43.37,-25.47,-9.05,34.37,-13.39,-10.82,-32.36,11.06,-13.89,6.57
17.44,37.39,3.67,-51.68,-25.05,-15.46,23.41,-22.01,-4.78,-20.07,20.36,-10.93,4.02
16.9,23.39,-6.43,-37.41,-19.34,-9.9,15.91,-9.97,-4.05,-19.02,4.41,-10.57,-0.02
16.85,23.46,-3.35,-35.19,-25.14,-16.99,10.16,-15.72,-15.2,-30.09,3.27,0.72,16.95
16.68,41.79,4.56,-56.94,-22.41,-13.5,36.07,-20.22,-2.08,-31.88,16.88,-11.47,22.84
16.53,26.75,-3.26,-44.4,-31.57,-21.28,13.86,-16.43,-11.12,-32.45,-1.57,-19.95,-7.64
16.63,40.87,-2.52,-55.41,-12.17,-15.18,32.78,-18.75,7.92,-18.25,22.24,-8.76,11.52
17.23,36.51,-3.68,-53.25,-20.48,-17.32,23.5,-23.89,-2.23,-28.78,15.43,-12.42,12.28
16.94,46.63,4.77,-63.77,-19.59,-6.55,39.32,-23.68,2.82,-33.05,14.32,-27.62,9.09
17.35,21.95,-11.05,-39.59,-18.11,-6.13,21.32,-4.99,1.86,-18.16,4.77,-12.73,2.63
17.18,35.77,-4.57,-45.99,-3.35,-12.27,28.54,-17.85,3.49,-18.5,17.83,-6.42,8.06
17.1,40.08,-1.34,-50.56,-8.82,-10.96,30.87,-19.95,1.84,-25.71,17.15,-13.5,2.88
17.44,43.85,-4.05,-65.0,-6.66,-9.53,43.77,-26.39,-0.03,-32.89,17.63,-14.74,11.34
17.48,23.32,-7.98,-39.48,-20.47,-9.23,20.81,-6.63,-1.31,-22.47,5.19,-6.09,13.71
17.7,24.17,-9.55,-47.11,-18.59,-6.29,26.35,-10.23,-0.78,-20.67,10.88,-9.59,6.45
17.08,29.05,-9.62,-48.45,-14.31,-18.61,17.89,-17.9,-0.59,-20.29,11.54,-3.91,15.62
16.7,20.07,-10.24,-46.3,-28.15,-15.28,13.27,-19.15,-13.16,-24.82,6.25,-16.35,-12.02
16.68,21.25,-6.74,-37.74,-20.82,-9.41,15.39,-16.45,-15.94,-29.05,1.0,-13.23,-7.17
17.35,20.29,-10.1,-40.64,-20.44,-9.25,17.97,-8.27,-2.12,-16.98,6.45,-9.2,0.11
17.36,35.27,-3.79,-53.18,-20.68,-13.49,32.21,-13.73,1.52,-32.03,10.33,-16.28,7.72
17.16,14.33,-12.27,-34.73,-16.93,-1.16,26.15,8.19,7.93,-7.36,9.6,-1.76,1.97
17.81,38.56,0.66,-57.97,-25.16,-8.41,39.61,-19.57,-5.19,-33.97,17.72,-18.96,10.93
16.98,36.74,7.76,-48.45,-24.18,1.84,40.72,-23.22,-13.54,-23.15,24.12,-10.88,14.16
17.35,32.12,3.5,-41.68,-18.82,-5.25,29.47,-14.84,-9.19,-26.71,13.07,-7.19,7.09
17.18,49.58,3.77,-55.67,-3.08,-9.71,33.97,-33.87,-5.34,-35.02,14.66,-22.47,8.51
17.21,37.32,-1.86,-44.69,-12.79,-10.5,28.53,-17.19,-4.36,-40.14,-0.65,-23.49,14.34
16.68,21.99,-6.51,-33.55,-18.95,-12.69,7.08,-15.21,-9.19,-19.34,0.87,-9.84,0.73
16.91,31.75,4.96,-41.25,-26.63,-13.31,25.18,-15.19,-12.81,-30.6,12.32,-3.59,9.63
17.46,44.14,3.4,-59.42,-24.31,-17.04,27.87,-30.73,-3.98,-24.96,24.94,-13.95,9.64
17.31,44.51,4.33,-54.59,-16.24,-15.84,43.59,-7.48,12.52,-23.11,19.38,-12.58,16.42
16.97,38.4,3.54,-55.23,-26.95,-8.84,31.97,-30.39,-13.02,-21.02,34.33,-3.62,13.63
17.05,22.88,-5.66,-31.48,-18.85,-12.02,9.1,-9.38,-3.0,-15.49,2.6,-8.04,2.17
17.36,35.89,-2.07,-54.61,-24.62,-18.62,19.51,-27.48,-11.31,-42.95,-2.85,-27.19,3.89
17.15,42.31,-1.69,-53.38,-8.33,-12.95,29.49,-29.92,-4.65,-33.33,11.88,-17.53,8.57
17.22,40.66,-0.42,-61.57,-22.52,-13.21,30.82,-32.35,-12.77,-37.66,21.88,-9.97,14.73
16.63,31.61,-6.21,-44.35,-14.82,-9.92,22.56,-16.28,-1.91,-29.01,8.09,-10.07,20.24
17.54,40.03,-1.09,-66.44,-20.32,1.45,49.49,-26.91,-1.0,-20.32,43.01,-7.47,14.54
17.34,39.23,-6.03,-52.44,-7.51,0.63,38.4,-21.45,3.56,-22.44,29.67,-10.06,17.88
17.27,42.92,2.68,-65.0,-23.7,-5.09,54.24,-15.39,6.52,-23.97,32.42,-12.22,13.48
17.49,16.51,-12.21,-36.11,-19.1,-10.12,8.52,-22.44,-25.14,-40.4,-8.96,-9.12,10.06
17.31,20.48,-8.51,-35.11,-14.76,-8.99,11.62,-16.25,-11.67,-23.79,5.65,3.74,22.79
17.55,30.68,-2.45,-41.51,-15.27,-8.5,22.08,-19.47,-11.0,-35.3,2.94,-12.82,11.82
17.98,42.91,-8.66,-61.69,-5.57,-32.9,34.96,-34.36,-4.68,-33.55,5.69,-7.68,12.72
17.24,22.55,-12.25,-49.06,-29.63,-17.38,16.82,-10.06,0.17,-20.28,12.11,-4.52,14.83
17.3,50.48,4.39,-57.07,-6.62,-21.09,35.62,-26.29,-4.6,-30.4,16.97,-14.09,13.19
17.25,35.33,4.88,-35.55,-19.46,-12.18,21.75,-9.55,1.59,-18.85,10.68,-11.93,4.8
17.11,38.4,10.47,-40.4,-25.26,-16.66,25.72,-15.74,-8.13,-36.54,5.34,-12.29,14.93
16.93,30.47,2.6,-40.78,-25.71,-13.66,23.08,-14.04,-12.69,-34.28,4.84,-6.09,16.25
16.8,18.25,-8.5,-30.52,-15.9,-7.85,11.07,-7.83,-7.3,-21.19,-6.41,-12.46,-0.06
17.44,19.65,-8.13,-31.79,-14.22,-2.57,21.72,-5.6,-10.53,-35.48,-14.01,-19.05,3.57
17.45,26.61,-1.47,-38.36,-20.85,-12.27,19.45,-14.49,-11.48,-31.93,5.18,-2.71,16.41
17.33,25.83,-3.92,-37.56,-20.83,-11.48,17.38,-9.96,-2.7,-19.04,10.34,-3.7,7.99
17.09,23.56,-4.94,-35.07,-16.62,-7.59,16.89,-11.85,-7.85,-19.91,7.9,-6.07,0.82
16.73,26.55,-4.59,-44.31,-27.75,-15.87,17.58,-14.11,-6.79,-21.42,16.58,1.47,15.54
17.45,48.81,2.29,-52.42,-3.66,-28.9,41.93,-20.93,5.17,-28.77,15.7,1.29,26.27
16.69,40.23,0.53,-42.53,-12.52,-6.05,26.66,-23.64,-7.82,-34.3,15.35,-12.19,16.33
16.78,19.69,-8.74,-37.94,-17.81,-5.86,19.34,-11.93,-11.01,-26.09,2.2,-8.95,1.04
16.87,23.37,-6.29,-29.92,-14.52,-9.16,8.28,-12.41,-2.47,-9.92,13.77,4.4,15.46
17.3,26.77,-6.68,-47.66,-21.37,-12.6,15.59,-28.38,-18.89,-34.99,6.4,-11.21,8.76
16.42,15.97,-7.09,-21.15,-7.52,1.39,13.66,-6.41,-9.5,-19.01,-2.44,-5.84,1.74
16.65,40.25,-0.45,-49.58,-5.61,-5.99,34.75,-19.88,0.55,-24.32,22.0,-4.76,18.84
16.52,32.22,-0.72,-36.0,-9.45,-9.29,19.5,-17.17,-9.15,-32.12,0.09,-11.48,9.63
16.77,35.82,3.05,-45.08,-14.98,-2.17,32.15,-23.27,-16.06,-36.08,15.28,-8.44,14.51
16.82,30.17,-6.4,-54.29,-24.74,-11.67,29.59,-18.62,-7.8,-27.17,25.25,5.19,29.15
16.75,25.55,-1.76,-28.53,-7.42,-1.16,17.38,-16.44,-11.82,-20.24,12.25,3.08,13.71
17.22,30.08,-4.62,-40.77,-12.85,-2.24,26.53,-15.04,-5.65,-25.99,11.1,-10.58,10.7
17.11,34.29,1.44,-39.89,-12.22,-7.08,25.16,-14.52,-4.86,-34.33,-2.94,-20.78,7.35
16.6,27.56,1.88,-27.81,-12.98,-5.74,15.53,-18.16,-15.43,-25.17,13.95,8.92,20.93
16.63,29.91,-4.09,-41.87,-16.07,-13.31,11.54,-25.93,-11.61,-23.05,11.83,-7.92,4.77
16.87,25.32,-2.65,-31.88,-14.22,-2.5,20.48,-12.03,-10.78,-25.02,3.55,-12.0,-1.32
16.55,29.88,0.81,-31.32,-10.27,-5.48,21.49,-7.2,-1.44,-22.47,0.95,-13.98,0.63
17.37,28.42,-2.65,-40.66,-22.38,-13.74,14.97,-19.68,-11.85,-27.66,9.37,-4.5,13.36
16.79,23.29,-2.18,-32.56,-16.58,-5.94,19.63,-11.59,-9.24,-19.24,13.28,-2.92,-0.47
17.09,41.45,2.83,-52.68,-16.53,-9.82,32.17,-28.55,-9.8,-34.09,18.67,-19.61,1.31
16.73,31.71,-1.45,-47.46,-20.83,-8.16,24.92,-20.59,-7.46,-19.09,26.57,1.21,16.88
16.45,39.41,3.64,-46.19,-11.52,0.5,33.68,-32.57,-18.92,-38.89,18.05,-14.82,6.76
16.7,39.43,4.2,-50.88,-19.0,-4.77,32.49,-23.25,-5.53,-20.25,30.94,-1.16,20.83
16.94,32.73,0.69,-38.65,-14.85,-4.21,24.44,-19.35,-9.7,-24.61,15.02,-12.12,0.72
17.41,38.03,-1.42,-57.08,-18.6,-7.6,34.52,-25.71,-7.65,-31.91,17.28,-23.04,-1.57
16.96,31.64,-4.41,-47.3,-16.65,-12.13,28.62,-6.11,8.03,-20.53,13.26,-7.03,16.99
16.93,32.07,-2.05,-49.04,-16.11,-2.74,36.4,-12.75,-1.98,-30.46,9.12,-17.87,7.17
17.17,29.86,-3.17,-46.02,-21.15,-5.52,33.62,-7.29,2.21,-18.02,22.08,-4.13,10.33
17.08,20.9,-8.24,-35.81,-19.79,-13.58,8.85,-13.2,-7.29,-20.7,1.39,-4.42,11.72
17.46,42.74,8.0,-49.53,-19.18,-4.95,35.54,-24.73,-9.53,-25.79,29.79,-7.39,12.47
17.11,30.08,-4.47,-43.66,-15.98,-12.41,18.08,-18.77,-6.75,-26.88,6.91,-10.95,8.41
17.08,44.66,4.26,-53.17,-9.23,-7.06,36.31,-21.09,-0.68,-29.45,17.54,-17.79,8.39
17.43,41.6,-3.78,-51.69,-6.21,-27.33,31.77,-16.41,5.18,-27.93,2.26,-16.31,4.91
17.15,46.28,6.46,-65.1,-25.0,-8.39,41.55,-32.56,-9.72,-31.48,25.17,-17.58,17.28
16.91,37.46,-2.67,-45.6,-9.28,-19.4,21.91,-17.82,1.23,-24.7,11.99,-8.0,9.26
17.31,26.1,-2.5,-35.45,-18.5,-6.77,22.46,-8.72,-8.88,-30.97,-1.33,-11.47,8.0
16.85,20.23,-8.02,-37.52,-20.55,-8.12,20.53,-3.42,-1.59,-17.45,8.1,0.18,14.28
17.0,28.32,-0.88,-32.77,-19.25,-14.38,11.14,-12.61,-3.95,-21.82,2.77,-9.21,7.6
17.23,39.98,4.44,-47.19,-18.07,-10.01,31.4,-15.66,-0.37,-24.23,17.41,-13.96,2.69
17.49,32.54,-2.65,-41.0,-16.09,-12.35,20.12,-14.53,1.38,-19.02,12.34,-11.89,4.99
17.19,28.96,-3.34,-44.38,-24.15,-14.97,17.26,-16.28,-5.73,-21.87,11.13,-11.59,0.56
17.16,23.47,-8.37,-43.01,-25.29,-14.34,13.89,-16.01,-8.04,-20.38,13.36,-1.31,10.57
17.23,15.12,-14.78,-40.26,-25.87,-18.38,1.09,-17.49,-8.73,-13.69,5.67,-6.42,-1.63
17.14,21.58,-6.68,-34.3,-17.58,-6.27,20.09,-3.79,2.08,-13.5,11.21,-4.42,4.53
16.93,23.75,-5.86,-42.23,-28.98,-21.42,5.75,-23.3,-17.58,-30.7,-1.11,-14.39,-2.86
17.12,22.1,-12.86,-46.45,-24.21,-11.46,19.57,-11.95,-3.95,-24.29,7.8,-8.32,14.59
17.22,27.69,-8.88,-52.92,-16.86,-5.12,29.22,-20.49,-6.17,-24.43,19.8,-5.28,15.82
17.29,37.41,-5.25,-59.47,-14.39,-10.59,35.37,-27.19,-6.63,-32.77,21.68,-13.3,5.68
17.07,34.21,-2.27,-48.75,-17.21,-12.33,24.66,-17.94,-4.08,-32.65,6.34,-14.99,13.04
16.88,28.65,-1.34,-35.28,-19.24,-8.67,21.36,-7.0,-1.85,-21.62,5.0,-13.74,1.19
16.32,27.69,-2.52,-30.99,-9.76,-9.22,12.18,-15.05,-8.39,-26.45,-5.28,-12.66,7.79
17.32,38.67,-4.38,-52.89,-7.47,-10.43,23.83,-40.22,-16.85,-39.09,19.55,-12.05,12.45
17.27,50.32,-3.02,-62.67,3.96,-16.41,42.04,-38.74,-1.87,-29.88,20.52,-16.51,2.33
17.06,28.71,-5.82,-37.37,-12.3,-5.05,21.56,-13.14,-3.1,-22.88,6.6,-16.1,-2.16
16.9,31.86,0.59,-42.33,-20.3,-8.67,27.05,-10.88,-2.13,-24.07,11.53,-11.07,3.66
17.03,23.04,-4.46,-28.74,-18.3,-9.33,11.75,-4.56,-0.53,-13.45,2.93,-8.17,1.24
17.07,23.59,-4.49,-35.0,-15.18,-4.32,24.21,-3.36,2.17,-15.41,8.93,-4.68,7.97
16.39,16.5,-9.45,-23.94,-5.98,4.45,14.88,-10.33,-14.14,-23.83,-6.06,-11.06,-0.14
16.68,32.21,-2.47,-49.2,-22.78,-13.36,18.75,-26.16,-11.87,-30.21,11.39,-11.53,6.67
17.28,51.32,10.71,-62.01,-19.19,-7.76,49.44,-34.04,-15.36,-38.01,24.24,-23.56,0.14
16.5,18.14,-5.33,-25.98,-19.26,-14.31,0.26,-18.88,-23.94,-34.56,-16.12,-15.73,-6.62
16.86,30.77,-3.27,-42.6,-17.67,-10.4,24.55,-12.94,-5.34,-28.74,7.24,-11.28,7.87
16.9,35.0,-3.71,-52.91,-14.38,-5.57,35.47,-15.94,1.53,-25.23,14.36,-14.34,4.77
17.2,44.73,8.48,-59.34,-17.17,-4.97,37.16,-34.46,-16.02,-41.31,13.83,-18.83,6.89
17.45,30.54,-4.19,-45.78,-15.26,-7.78,26.7,-13.79,-4.93,-31.97,1.6,-18.25,4.19
17.29,29.7,-10.41,-51.07,-14.95,-4.37,31.44,-16.42,-3.62,-31.15,11.07,-14.87,11.92
17.33,27.87,-5.23,-47.78,-20.53,-8.78,28.83,-12.9,-7.84,-34.86,1.34,-15.19,7.91
17.28,19.65,-10.55,-39.33,-18.35,-4.72,20.64,-13.71,-14.41,-32.27,-1.82,-12.89,3.62
17.15,40.12,-7.69,-58.84,-6.65,-22.36,30.76,-24.44,-1.55,-34.38,4.15,-15.67,14.18
17.7,40.38,6.59,-65.93,-30.47,-4.6,46.66,-30.6,-18.73,-32.26,30.02,-17.56,-4.32
17.42,20.25,-9.32,-35.7,-15.69,-6.88,18.79,-0.38,8.98,-5.04,11.01,-6.42,-0.22
16.66,29.24,-1.14,-29.75,-10.38,-1.7,20.5,-12.43,-10.14,-29.39,-1.63,-12.84,9.02
17.14,25.39,-3.57,-37.27,-15.82,-6.12,18.74,-19.37,-15.69,-28.72,7.35,-5.25,9.01
17.17,47.81,0.68,-60.8,-12.34,-12.97,29.3,-38.21,-4.53,-30.4,27.18,-13.48,13.73
17.14,36.2,-3.7,-49.57,-11.83,-15.44,26.36,-16.52,1.94,-28.2,8.38,-12.54,12.24
17.37,28.31,-10.17,-51.17,-29.39,-21.62,12.63,-22.58,-8.11,-32.67,5.13,-14.47,14.61
17.37,51.02,2.78,-71.03,-22.65,-27.84,36.71,-37.6,-2.68,-28.4,20.86,-18.29,1.06
17.4,42.37,5.37,-51.39,-20.43,-12.15,33.96,-22.1,-2.43,-20.98,29.06,-4.71,14.3
17.34,28.52,-1.01,-41.75,-25.42,-12.22,28.79,2.02,10.48,-11.03,17.53,-3.21,6.35
17.11,21.62,-10.0,-36.73,-19.65,-10.2,12.77,-10.34,-3.03,-18.1,3.3,-13.66,-0.64
17.15,18.25,-13.47,-42.76,-20.62,-11.76,13.48,-11.19,-1.53,-15.5,8.9,-2.33,13.66
17.31,30.77,-5.83,-46.23,-10.19,-5.29,25.5,-24.19,-12.41,-35.05,8.9,-10.01,17.91
17.13,24.8,-5.5,-41.52,-17.74,-5.93,21.75,-18.41,-15.04,-31.84,3.97,-9.21,9.51
16.71,25.74,-2.18,-36.62,-20.7,-10.95,14.62,-21.07,-17.28,-25.82,13.05,-1.75,4.58
17.0,45.35,5.27,-57.65,-21.04,-12.32,26.36,-37.2,-14.54,-36.8,19.56,-19.75,2.87
16.77,24.86,-6.28,-36.82,-14.18,-5.68,18.03,-16.9,-10.11,-24.01,10.34,-3.58,11.04
