16.4,7.79,-7.8,-18.19,-22.02,-3.8,3.37,2.53,-3.31,-4.92,-1.17,-1.54,-0.73
16.42,20.48,-5.4,-31.0,-15.82,-3.49,19.0,-8.03,-7.45,-15.71,12.78,0.75,2.77
16.8,25.96,-4.52,-36.37,-15.62,-7.39,18.35,-8.78,0.12,-15.69,5.33,-15.79,-6.32
16.65,26.83,-4.64,-38.43,-18.88,-6.88,25.14,-1.88,5.63,-16.44,8.24,-10.77,7.77
16.39,30.5,2.49,-35.58,-17.98,-8.08,22.95,-11.12,-5.6,-20.05,16.48,-0.33,11.0
16.92,22.36,-8.0,-34.35,-16.66,-5.29,18.02,-5.62,1.56,-11.89,10.97,-4.31,7.95
16.63,26.61,-7.25,-42.73,-14.99,-9.3,15.81,-22.47,-11.56,-28.46,6.01,-7.27,14.83
16.69,31.67,-1.1,-45.33,-17.81,-10.52,19.15,-26.59,-15.11,-32.12,5.22,-20.2,-7.66
16.51,20.66,-4.31,-26.32,-13.87,-9.3,2.85,-21.45,-18.32,-21.26,2.6,-4.37,-0.5
16.74,51.2,4.5,-55.33,-11.73,-10.09,26.14,-36.56,-0.21,-33.41,22.09,-23.91,9.82
16.34,46.19,1.14,-60.33,-7.23,-10.01,30.32,-34.28,-5.06,-30.81,23.44,-17.96,7.37
16.47,49.51,8.52,-57.01,-15.9,-6.91,40.81,-22.23,3.9,-22.3,27.13,-16.2,6.44
16.84,26.86,-0.57,-34.01,-22.84,-15.6,13.72,-6.19,1.68,-12.12,11.6,-4.35,2.46
17.48,24.94,-2.12,-38.3,-25.91,-13.5,20.96,-4.4,-4.63,-28.83,-5.45,-19.9,-4.86
16.96,31.9,-0.22,-35.79,-11.73,-10.7,16.52,-15.93,-2.8,-17.12,16.87,-0.34,8.76
16.86,27.69,-1.91,-36.89,-20.06,-11.36,15.56,-16.82,-7.35,-18.73,15.09,-5.18,3.99
17.05,30.98,-1.56,-48.09,-22.86,-10.09,21.41,-28.27,-20.06,-36.27,6.34,-18.58,0.51
16.62,45.52,11.49,-52.59,-26.46,-12.27,35.14,-25.96,-8.79,-33.11,20.83,-11.45,12.88
16.54,18.91,-3.29,-21.5,-12.48,-5.86,8.88,-8.7,-12.56,-23.14,-7.0,-6.6,3.72
16.7,28.14,-9.2,-45.3,-21.72,-13.33,16.52,-15.93,-0.01,-18.29,16.91,-3.97,19.56
16.75,22.38,-7.27,-35.33,-12.67,-4.04,21.1,-5.07,1.55,-14.23,9.36,-3.65,8.5
17.28,29.46,-7.43,-52.63,-23.53,-8.49,30.82,-16.31,-5.55,-28.63,16.43,-7.46,14.93
16.66,31.71,-7.01,-59.04,-29.22,-21.21,21.55,-25.56,-11.56,-34.71,9.67,-13.49,10.81
16.62,40.72,8.57,-60.82,-30.18,-10.36,45.53,-21.37,-15.9,-34.2,19.12,-20.6,-3.28
16.99,12.71,-14.56,-35.81,-23.12,-13.78,5.07,-10.81,-9.32,-19.37,-4.37,-10.29,-2.57
16.94,26.28,-12.58,-63.95,-33.61,-15.44,25.77,-22.25,-9.59,-31.03,11.2,-23.19,-4.93
16.96,31.65,-1.98,-47.02,-23.69,-20.58,24.8,-2.15,12.6,-21.52,3.3,-16.7,9.53
16.91,19.66,-9.66,-36.43,-20.28,-7.77,18.25,-3.39,1.0,-13.93,7.89,-5.67,3.87
16.98,25.92,-4.05,-43.56,-24.15,-11.14,20.86,-15.76,-9.51,-23.11,12.43,-9.22,-0.22
16.96,25.48,-3.68,-31.92,-12.34,-5.87,19.02,-7.82,-2.57,-19.85,4.93,-8.01,2.43
16.68,27.37,-3.71,-39.22,-18.81,-10.76,17.37,-13.29,-2.72,-19.09,9.82,-6.68,8.34
16.69,27.54,2.1,-36.17,-22.36,-10.13,20.6,-17.31,-20.29,-37.8,-1.55,-12.61,2.07
16.65,33.97,4.21,-45.89,-24.79,-8.84,28.07,-25.7,-19.24,-29.72,24.2,-1.81,10.27
16.42,31.04,-5.25,-42.91,-19.46,-17.65,6.3,-32.02,-13.78,-28.98,8.02,-15.95,0.38
16.5,36.04,2.75,-44.08,-14.19,-2.67,29.13,-23.71,-9.54,-29.25,19.75,-6.35,11.95
17.03,29.86,-6.67,-39.98,-15.92,-7.11,18.75,-18.53,-5.16,-24.17,9.33,-15.97,4.91
16.85,18.5,-6.39,-25.82,-13.24,-5.84,10.67,-4.7,-1.03,-8.54,7.73,1.62,7.48
16.45,27.5,-4.38,-35.32,-18.74,-11.98,9.43,-20.43,-9.79,-20.87,7.67,-12.02,-0.74
16.42,30.67,1.6,-35.03,-15.52,-5.39,27.76,-2.12,5.05,-14.76,13.72,-5.23,5.71
17.22,39.72,7.35,-52.38,-24.02,-10.34,28.86,-24.29,-6.55,-23.78,18.43,-16.47,-4.35
16.76,27.75,-0.75,-39.98,-15.27,-2.1,29.17,-18.02,-12.71,-25.39,18.45,-4.42,6.42
16.92,41.3,0.91,-50.14,-22.9,-16.99,18.55,-29.23,-4.36,-21.59,24.97,-17.93,0.27
16.32,29.22,-2.09,-39.26,-20.85,-16.23,10.3,-22.2,-10.94,-23.6,10.56,-5.67,4.97
16.58,31.63,3.44,-41.58,-17.08,-1.41,33.14,-15.31,-12.7,-30.52,7.75,-18.24,-5.15
16.58,34.67,2.58,-35.72,-13.22,-11.12,20.65,-10.59,1.98,-19.84,5.65,-14.42,4.95
16.84,25.27,-4.91,-47.66,-29.6,-13.25,32.71,7.57,15.58,-8.23,19.49,-3.87,8.41
16.98,25.22,-7.12,-45.43,-17.53,-4.67,27.68,-12.41,-2.08,-18.82,17.77,-5.97,6.69
16.45,29.48,0.76,-46.62,-26.78,-8.54,28.65,-14.61,-5.21,-13.5,27.03,-6.18,-4.92
16.63,42.78,-7.53,-62.13,-7.5,-25.63,40.12,-17.25,14.75,-18.36,17.5,-10.18,6.2
16.63,34.09,-0.38,-43.9,-22.04,-14.65,21.31,-10.86,4.93,-16.21,17.47,-8.62,7.25
16.8,37.23,-3.14,-48.11,-11.47,-18.39,16.17,-23.04,2.82,-15.58,16.83,-14.38,-1.71
16.56,45.34,4.76,-63.91,-18.44,-11.38,27.13,-35.03,-5.61,-22.12,28.59,-12.39,13.66
16.72,24.56,-3.13,-34.55,-19.52,-12.07,12.41,-15.72,-11.58,-22.8,6.44,-2.89,8.46
16.85,26.84,-2.59,-34.3,-21.07,-11.55,18.96,-1.54,5.38,-16.11,4.16,-11.0,6.22
17.07,40.6,-0.61,-56.19,-12.24,-8.07,33.13,-27.54,-7.82,-34.41,17.45,-21.12,1.98
16.34,32.6,-2.44,-43.68,-12.34,-8.87,28.6,-13.02,-5.59,-32.12,7.24,-8.59,12.83
16.45,19.42,-7.5,-32.88,-11.75,0.39,22.25,-9.6,-12.38,-29.18,-3.61,-11.96,1.58
16.84,25.2,-9.07,-41.25,-14.38,-3.56,21.18,-20.25,-12.48,-30.33,6.29,-14.01,4.38
16.68,36.13,-11.3,-61.58,-9.92,-16.3,30.47,-24.26,3.55,-22.02,20.57,-13.03,7.28
16.81,23.9,-6.64,-37.92,-9.58,1.99,26.37,-19.04,-16.58,-32.79,9.12,-3.46,15.02
16.55,39.78,-5.0,-58.35,-10.74,-14.46,34.95,-16.8,8.32,-23.08,18.72,-9.94,15.52
16.9,38.16,5.6,-64.58,-27.68,-2.75,38.21,-35.27,-16.55,-20.48,32.03,-12.95,4.24
16.58,17.66,-10.13,-32.72,-15.46,-6.23,12.64,-7.98,-3.59,-12.42,6.06,-3.64,4.51
17.06,33.4,0.73,-49.39,-25.05,-9.59,31.52,-15.72,-8.7,-30.29,14.76,-11.44,6.51
16.64,42.0,-1.26,-59.87,-15.15,-13.54,36.21,-23.04,3.39,-23.71,27.83,-6.38,9.81
16.85,31.3,-1.44,-41.09,-18.56,-9.24,27.58,-8.27,0.47,-30.02,4.51,-14.69,12.91
16.7,44.66,-4.22,-66.14,-6.1,-7.48,36.77,-36.02,-2.53,-34.24,22.61,-16.16,8.9
16.75,24.13,-7.43,-33.64,-19.93,-12.85,6.37,-11.98,2.71,-4.84,13.96,-9.25,-4.07
17.06,37.57,-1.58,-49.59,-15.81,-18.42,27.0,-14.04,6.14,-19.36,20.2,-2.37,17.79
17.21,31.61,-4.97,-52.21,-24.35,-8.89,32.25,-11.8,4.51,-15.67,30.02,1.37,18.59
17.04,23.09,-6.03,-35.18,-13.88,-3.14,22.94,-4.75,-1.44,-17.54,6.0,-7.05,6.71
16.59,18.83,-5.38,-23.83,-17.82,-8.97,8.99,-1.58,-3.28,-15.45,-2.82,-3.5,7.37
16.87,43.9,5.16,-48.81,-12.92,-16.87,33.94,-11.77,7.79,-28.83,9.16,-17.63,9.99
17.54,27.29,0.11,-38.16,-22.01,-15.91,24.64,-4.94,0.41,-35.23,-2.79,-10.88,23.07
16.73,16.9,-10.65,-32.78,-19.03,-12.41,3.08,-15.6,-9.59,-15.43,0.99,-8.9,-1.51
17.18,35.87,-0.89,-52.43,-21.96,-6.88,33.07,-18.78,-5.01,-34.32,8.87,-21.56,4.52
16.21,40.83,4.61,-47.4,-11.79,-6.01,35.88,-16.52,-3.09,-28.5,14.32,-11.15,13.73
16.7,30.62,-3.31,-45.22,-21.23,-12.73,19.69,-19.59,-9.72,-26.58,12.55,-7.75,10.48
16.65,40.67,-7.41,-53.42,5.51,-14.87,40.96,-27.49,-0.96,-26.97,16.27,-4.45,13.49
17.17,17.94,-12.21,-34.31,-11.17,2.45,24.58,-2.04,0.46,-14.75,9.14,-0.64,16.0
17.08,39.32,-2.52,-60.89,-14.9,-4.32,39.78,-22.7,-1.13,-32.4,18.71,-14.36,18.48
16.92,20.68,-9.66,-39.38,-21.98,-12.75,11.7,-17.19,-11.07,-22.74,11.28,2.51,17.3
16.52,15.4,-11.27,-33.63,-23.26,-14.86,4.97,-7.34,-1.32,-7.27,10.66,5.47,13.1
17.17,16.95,-13.31,-38.9,-23.88,-10.69,14.26,-5.1,-1.0,-13.78,7.43,-2.3,10.36
16.91,41.28,-0.35,-52.39,-9.63,-9.17,37.82,-12.93,10.58,-18.91,19.38,-16.02,5.2
16.7,24.59,-9.75,-42.66,-17.1,-6.19,20.93,-15.61,-8.52,-26.12,10.7,-4.7,15.56
16.72,19.64,-11.11,-41.76,-16.87,-7.79,15.04,-19.42,-9.36,-17.83,15.81,-0.43,8.6
16.13,38.04,0.1,-49.54,-18.81,-10.68,24.51,-19.57,-0.24,-22.48,19.47,-15.77,3.48
16.96,27.19,-3.28,-41.62,-23.82,-14.74,17.93,-11.03,-4.43,-27.07,1.05,-13.69,5.1
16.68,26.53,-4.76,-34.96,-20.24,-10.96,17.06,-2.29,8.43,-6.46,16.35,-2.31,8.3
16.41,34.98,4.26,-54.92,-40.6,-24.13,27.12,-13.85,-2.82,-24.62,21.64,-8.72,5.67
16.69,29.34,0.63,-37.61,-24.84,-17.58,15.2,-9.41,-0.17,-18.45,11.29,-5.19,7.88
16.67,43.89,9.19,-50.62,-25.02,-17.24,36.4,-9.41,7.47,-26.75,15.8,-19.38,10.6
17.01,41.9,0.34,-60.14,-21.27,-18.81,36.68,-14.5,8.87,-35.33,9.72,-25.95,2.61
16.8,27.18,-4.61,-49.86,-33.12,-23.52,17.51,-11.14,-4.02,-34.32,-2.4,-19.84,2.34
16.61,20.62,-9.81,-38.97,-22.07,-10.8,19.58,-2.53,2.02,-19.25,4.49,-5.32,14.01
17.05,25.08,-8.63,-49.98,-21.0,-8.84,26.84,-13.83,-5.85,-31.5,4.07,-15.55,6.74
16.78,25.44,-4.75,-39.19,-23.47,-11.11,22.4,-1.26,7.3,-12.1,11.75,-8.93,3.95
16.54,43.11,2.43,-59.57,-26.27,-22.59,23.96,-29.35,-6.45,-36.49,6.67,-32.24,-2.96
16.98,37.7,-1.53,-50.2,-16.31,-18.44,31.35,-6.51,13.99,-17.03,16.23,-11.97,8.25
17.07,28.18,-2.36,-45.58,-27.74,-15.56,17.49,-19.8,-10.75,-25.2,8.63,-20.18,-13.34
16.91,30.28,0.74,-41.46,-25.7,-15.82,22.6,-3.46,7.46,-9.68,19.68,-5.07,2.74
16.57,29.91,-3.94,-45.09,-17.4,-8.09,23.93,-14.79,-2.18,-22.46,13.22,-7.53,11.71
16.66,15.85,-13.37,-33.92,-16.63,-6.69,8.46,-15.15,-12.43,-20.46,0.5,-11.46,-5.05
16.76,22.65,-8.22,-40.48,-16.51,-6.25,18.19,-17.31,-10.98,-23.3,8.84,-7.04,5.24
16.73,21.9,-7.16,-37.11,-25.04,-14.67,11.4,-10.64,-7.47,-24.37,-2.66,-15.85,-3.41
16.97,45.11,8.45,-64.37,-32.56,-11.46,41.19,-35.8,-19.58,-24.52,35.43,-16.95,1.57
16.48,32.01,-0.55,-41.81,-21.3,-15.53,19.6,-12.47,-3.76,-29.76,3.28,-13.62,5.44
16.3,25.69,-3.55,-38.44,-20.65,-10.37,19.72,-9.68,-4.33,-22.8,3.63,-11.77,3.86
17.19,22.41,-7.47,-41.93,-30.75,-20.5,11.2,-7.78,2.13,-11.28,14.62,-1.44,6.22
16.6,19.7,-5.02,-31.76,-24.87,-17.08,7.96,-7.44,-7.9,-22.93,-2.23,-3.24,9.46
16.53,33.32,-2.84,-40.27,-18.87,-11.75,16.27,-15.79,1.52,-15.79,15.6,-10.62,8.1
16.69,38.13,2.4,-55.86,-29.22,-16.2,24.02,-28.73,-11.42,-25.49,28.3,-7.12,5.24
16.88,31.91,-9.3,-65.8,-30.07,-16.77,20.58,-41.62,-25.56,-46.18,4.02,-34.31,-10.51
16.84,29.74,-7.56,-53.69,-21.22,-12.31,25.81,-18.22,-3.13,-26.05,13.06,-14.14,2.98
17.1,14.9,-12.34,-29.85,-22.42,-14.39,0.77,-6.65,0.49,-5.39,1.57,-11.49,-8.62
16.89,16.82,-11.17,-37.1,-26.79,-18.95,5.55,-6.11,-0.32,-14.83,-2.97,-11.73,-0.37
16.44,37.87,-2.9,-52.32,-18.31,-8.55,26.54,-29.46,-8.18,-25.51,25.42,-6.85,21.62
16.88,38.43,-1.75,-59.75,-15.87,-3.12,35.5,-34.75,-14.57,-37.32,19.62,-14.58,12.52
16.82,18.99,-13.2,-37.02,-20.7,-13.38,1.74,-23.44,-16.79,-26.55,-4.72,-19.49,-8.83
16.54,24.47,-6.82,-38.46,-13.9,-4.79,21.69,-7.43,0.62,-16.7,7.21,-10.14,4.56
16.43,36.38,0.45,-44.37,-20.64,-14.15,19.27,-22.87,-6.39,-27.05,14.64,-11.06,11.58
16.88,18.99,-8.56,-37.96,-14.92,-2.65,19.64,-21.07,-20.64,-31.05,7.72,-2.77,6.55
17.03,40.36,-3.17,-62.36,-17.4,-15.94,33.88,-28.66,-6.42,-30.7,22.41,-11.78,11.73
17.18,19.67,-6.68,-31.66,-12.35,-3.77,15.78,-15.07,-13.6,-22.32,9.22,3.58,13.33
16.71,19.76,-11.18,-37.57,-20.53,-10.8,9.14,-17.5,-13.32,-25.95,2.43,-4.4,13.38
16.63,33.25,-2.47,-45.15,-11.02,-7.2,31.28,-11.67,0.1,-25.58,14.37,-7.32,11.51
16.95,33.11,-0.43,-46.45,-20.02,-6.16,33.2,-15.67,-9.33,-34.32,6.54,-21.95,-6.55
16.75,44.87,6.86,-58.46,-16.7,1.62,39.97,-39.0,-15.28,-33.17,30.41,-19.59,5.23
16.56,23.89,-8.27,-41.31,-22.16,-13.09,10.17,-24.09,-17.81,-32.44,0.13,-14.5,2.43
17.07,24.73,-5.83,-41.3,-15.77,-6.2,24.42,-12.62,-8.69,-31.33,0.94,-12.12,9.12
16.83,24.24,-4.32,-39.47,-20.64,-7.52,25.7,-4.96,-4.72,-28.39,0.33,-12.14,7.76
16.73,33.39,-3.38,-44.08,-11.68,-11.41,27.6,-8.96,5.03,-22.79,8.95,-9.34,10.51
16.7,15.02,-15.45,-36.33,-11.47,1.84,21.87,-7.48,-1.01,-12.02,15.88,2.87,16.89
17.15,30.75,-4.92,-46.77,-6.35,4.12,41.93,-9.09,0.83,-30.85,7.42,-12.73,19.63
17.6,31.81,-7.07,-51.35,-13.48,-8.57,36.21,-6.92,3.77,-32.4,3.05,-21.03,4.12
17.38,19.93,-7.17,-33.81,-10.83,-0.4,23.9,-9.1,-8.21,-24.76,6.83,3.36,22.21
16.8,24.65,-7.5,-32.16,-10.09,-2.99,16.46,-11.49,-1.92,-14.65,11.21,-5.91,5.59
17.16,33.04,-1.25,-46.97,-19.27,-11.1,20.62,-23.15,-5.01,-19.07,23.24,-6.82,4.95
16.75,45.89,-2.11,-55.22,-8.14,-5.69,32.51,-34.33,-10.1,-39.4,17.6,-18.79,20.43
16.65,19.5,-6.0,-27.06,-11.29,-2.71,13.33,-10.63,-11.34,-22.53,-4.47,-13.03,-4.85
16.16,40.08,0.71,-50.71,-11.5,-8.23,32.35,-22.36,-1.29,-25.01,20.17,-10.58,7.03
17.07,16.13,-10.76,-31.94,-11.28,-1.58,15.29,-11.69,-8.63,-16.84,7.36,-1.48,6.66
16.69,32.63,-10.33,-65.05,-20.84,-2.45,40.62,-23.09,0.85,-22.06,32.13,-6.06,22.85
17.57,24.83,-8.83,-47.87,-19.9,-8.64,24.26,-12.83,0.7,-16.04,18.89,-4.44,8.09
17.13,24.24,-11.7,-39.67,-15.75,-5.71,17.91,-10.95,2.49,-12.19,17.26,-2.1,16.96
17.33,17.48,-12.2,-38.77,-15.86,-8.18,12.14,-18.34,-11.6,-21.97,7.17,-1.85,10.62
17.46,31.0,-10.67,-55.69,-19.7,-13.47,20.36,-29.13,-4.7,-21.64,26.76,-5.26,16.76
17.0,29.14,-7.62,-51.54,-17.35,-13.43,17.46,-29.14,-12.05,-29.36,9.84,-18.86,-3.49
16.61,41.48,9.54,-66.61,-27.42,-0.43,40.93,-37.46,-11.58,-16.94,30.1,-18.05,8.34
16.99,36.36,0.26,-49.44,-14.27,-5.7,27.95,-28.61,-10.81,-25.75,22.05,-10.19,9.08
16.97,25.83,-7.12,-42.42,-15.04,-2.81,30.48,-4.09,1.14,-23.98,6.59,-10.68,9.61
16.77,19.01,-11.82,-40.85,-20.3,-12.18,9.51,-18.52,-13.3,-27.3,-4.64,-18.54,-6.55
17.09,33.87,-2.95,-43.35,-8.89,-9.1,19.66,-29.7,-8.94,-24.14,20.56,-7.98,4.12
17.12,21.14,-8.64,-37.74,-19.43,-11.92,9.76,-15.35,-6.38,-15.62,7.49,-10.16,-5.41
16.78,48.11,12.14,-61.25,-22.1,-5.97,40.31,-24.72,-3.63,-25.34,22.79,-20.43,6.73
17.53,24.65,-3.7,-39.99,-27.5,-18.68,13.47,-9.85,-3.51,-19.77,9.58,-2.58,7.68
16.89,18.53,-7.58,-29.59,-20.28,-10.56,12.51,1.69,5.89,-7.06,5.7,-4.71,3.24
16.62,25.61,-2.74,-34.59,-16.97,-9.55,14.05,-16.21,-9.99,-23.01,5.48,-8.56,1.67
17.17,33.67,-0.94,-48.76,-29.64,-24.91,13.39,-20.27,-3.76,-24.28,14.26,-6.86,13.89
16.22,24.56,-4.23,-36.01,-24.14,-20.17,3.46,-17.12,-7.84,-18.99,6.55,-1.02,13.15
17.05,36.34,-3.84,-47.32,-25.95,-21.1,15.97,-16.41,4.0,-25.16,8.8,-21.35,8.36
17.26,31.65,-1.42,-45.45,-26.74,-21.89,13.22,-16.5,-1.66,-21.2,11.83,-8.22,6.65
17.13,24.12,-5.0,-28.3,-12.31,-5.39,10.79,-14.99,-6.72,-15.39,9.34,-5.54,3.86
17.03,28.07,-1.6,-38.71,-20.0,-13.5,12.14,-21.16,-8.56,-17.68,17.46,-3.84,2.93
16.81,18.13,-10.54,-33.93,-14.2,-3.4,14.51,-15.85,-13.25,-25.13,1.12,-11.0,0.73
16.8,41.6,-10.1,-58.99,0.21,-25.81,36.6,-35.96,-5.0,-30.69,7.15,-13.55,-2.79
16.71,19.06,-12.28,-36.27,-20.46,-12.0,4.6,-19.38,-11.13,-18.3,5.06,-9.29,-0.12
16.54,22.62,-5.94,-38.67,-23.28,-12.22,18.15,-8.6,-8.88,-29.42,-5.32,-16.9,-3.84
16.38,27.1,-8.89,-42.47,-17.12,-7.5,18.16,-18.55,-2.43,-17.82,15.22,-12.9,1.27
16.92,21.09,-7.87,-37.45,-14.12,-3.18,20.87,-12.98,-7.68,-19.01,12.21,-2.12,9.15
16.99,11.8,-18.05,-38.65,-21.95,-13.39,0.1,-25.04,-20.41,-27.58,-4.93,-18.44,-12.91
16.96,16.94,-15.97,-47.28,-19.39,-6.57,21.69,-9.83,0.04,-11.49,21.46,7.37,20.55
16.43,27.45,-4.03,-35.22,-6.62,1.53,22.36,-27.25,-20.3,-33.82,12.91,-5.05,10.41
16.59,31.14,1.53,-39.2,-15.53,-3.29,26.25,-20.47,-13.76,-28.16,14.32,-7.76,5.44
16.62,41.0,3.57,-70.75,-17.25,-4.23,19.07,-43.64,-9.1,-26.24,18.13,-10.69,20.27
17.04,28.64,-8.98,-54.69,-17.53,-8.86,24.1,-26.02,-7.86,-23.7,22.96,-5.08,12.99
16.27,26.75,-3.63,-34.71,-16.69,-8.31,20.29,-7.2,0.07,-19.83,9.94,-3.73,14.26
16.32,15.41,-11.71,-33.96,-21.26,-15.55,-1.37,-23.06,-20.37,-26.53,-4.9,-7.8,3.11
16.67,26.65,-6.96,-43.09,-15.14,-4.22,26.91,-12.72,-4.45,-24.86,10.43,-11.92,4.26
17.05,21.49,-11.49,-44.57,-14.28,-4.68,21.86,-15.01,-2.07,-16.07,13.83,-9.67,1.81
17.26,23.84,-10.85,-42.36,-12.14,-4.26,20.06,-21.06,-7.52,-21.22,16.7,-7.93,5.12
17.64,24.12,-11.6,-50.72,-13.73,-4.15,26.45,-20.44,-2.52,-16.44,21.84,-9.43,2.37
17.72,16.74,-13.25,-32.77,-10.77,-3.12,9.68,-18.86,-8.86,-12.67,15.49,0.36,7.09
17.69,18.6,-13.51,-44.43,-14.86,-4.93,19.46,-17.0,-4.15,-13.62,19.57,-3.3,2.37
17.66,17.2,-11.98,-34.54,-4.78,2.69,18.4,-25.19,-16.08,-22.94,16.65,-3.58,2.75
17.2,17.15,-13.58,-39.66,-10.03,-3.89,12.56,-25.77,-15.21,-22.73,8.59,-7.98,2.39
16.81,32.46,-6.18,-46.92,-11.48,-9.03,22.23,-24.2,-4.12,-22.03,20.1,-10.51,2.7
17.43,31.66,-1.64,-46.13,-14.57,-5.27,25.96,-23.2,-8.28,-24.2,19.22,-14.0,-3.6
17.12,33.6,-7.9,-46.1,-12.48,-5.04,23.44,-26.44,-3.21,-22.83,21.4,-15.88,4.48
16.9,22.1,-10.41,-40.43,-6.87,0.96,23.74,-16.86,-6.68,-22.71,6.37,-15.87,-3.5
17.2,24.97,-3.78,-34.66,-9.71,-0.58,22.1,-19.4,-12.56,-25.38,12.44,-4.18,9.29
16.58,28.13,-2.81,-37.46,-18.25,-12.22,13.01,-16.86,-5.67,-18.87,8.29,-8.04,5.78
16.83,40.89,0.92,-49.72,-14.75,-15.86,30.64,-15.35,3.66,-29.26,10.09,-17.58,4.49
16.75,23.07,-5.36,-41.28,-27.15,-15.8,16.07,-11.63,-8.44,-25.62,5.36,-6.91,5.31
16.73,35.83,-0.6,-50.61,-22.79,-11.68,23.31,-28.24,-9.9,-28.09,18.61,-14.21,6.74
16.68,31.53,-4.05,-49.03,-18.36,-11.47,19.61,-27.8,-12.59,-29.61,10.91,-14.17,5.27
16.35,30.86,-3.56,-43.13,-19.56,-15.97,20.36,-14.51,-6.15,-35.64,-4.03,-21.25,2.74
16.45,29.9,-1.11,-39.36,-13.5,-6.66,22.74,-18.77,-11.89,-31.57,3.26,-10.82,8.18
17.08,33.29,1.09,-40.83,-16.39,-8.05,25.41,-14.14,-2.68,-25.98,9.15,-10.37,12.18
17.1,28.23,-2.62,-43.81,-21.49,-9.59,19.91,-21.29,-10.06,-20.35,22.45,0.1,12.4
16.46,27.79,-2.59,-39.08,-19.4,-9.34,18.71,-18.56,-14.17,-30.89,7.0,-4.83,13.87
16.63,31.49,-0.76,-45.48,-17.08,-3.26,32.47,-17.63,-12.27,-34.26,10.04,-11.25,7.73
16.81,28.83,-1.13,-43.91,-21.48,-8.0,25.75,-21.74,-17.24,-35.5,11.27,-3.58,18.23
17.09,36.5,-5.76,-53.06,-8.0,-8.84,30.17,-21.32,3.45,-21.55,22.19,-8.29,12.49
17.33,34.26,-8.9,-52.17,-14.49,-12.91,21.11,-28.69,-3.16,-24.36,21.76,-14.22,9.79
17.27,25.02,-7.75,-42.83,-18.14,-12.92,13.79,-17.71,-3.31,-15.29,16.91,-3.71,2.77
17.21,22.41,-11.73,-41.42,-15.4,-5.77,16.42,-21.01,-8.87,-20.44,15.71,-6.29,7.07
17.12,29.95,-5.42,-46.58,-5.82,2.34,31.19,-24.34,-14.66,-37.74,3.47,-21.61,0.18
16.8,30.94,-5.52,-51.14,-18.73,-6.86,28.24,-20.78,-4.37,-22.14,20.22,-10.59,7.6
17.04,35.74,-0.46,-49.6,-10.28,-2.57,32.32,-30.78,-13.45,-32.46,17.59,-18.25,-0.56
16.41,31.52,-0.87,-40.68,-13.97,-2.53,27.67,-19.74,-10.57,-23.67,21.84,-3.85,9.69
16.95,22.68,-8.6,-41.02,-23.66,-16.62,7.0,-17.86,-6.94,-17.22,5.11,-14.39,-7.27
16.57,27.83,-7.95,-47.15,-27.01,-19.56,10.92,-23.84,-10.94,-24.07,14.28,-5.13,11.85
16.62,36.67,3.4,-48.5,-20.89,-3.9,33.26,-22.03,-10.19,-31.2,14.16,-21.62,-4.09
15.92,31.9,-6.0,-48.1,-16.06,-15.02,22.99,-13.4,3.33,-22.95,6.82,-16.5,3.14
16.52,19.9,-11.36,-47.31,-29.67,-19.89,10.24,-20.09,-16.42,-35.53,-5.67,-16.04,0.67
17.11,28.18,0.15,-35.78,-21.8,-11.72,24.64,-1.19,1.56,-26.9,1.27,-9.83,12.0
16.89,25.43,-1.7,-33.11,-17.35,-7.87,19.96,-8.43,-8.76,-29.13,-4.72,-13.75,3.09
16.58,36.16,-3.41,-58.68,-25.09,-23.19,20.29,-21.57,-0.52,-25.39,11.94,-15.31,12.34
16.48,17.84,-7.86,-31.34,-14.72,-2.67,18.62,-9.0,-14.41,-29.95,-6.15,-10.01,2.52
16.47,37.33,-2.96,-45.63,-9.3,-17.37,17.51,-26.62,-8.02,-33.92,-0.05,-22.31,0.54
15.89,33.87,8.11,-36.68,-28.22,-19.3,20.01,-11.34,-8.12,-29.83,8.97,-7.35,5.27
16.58,40.71,4.01,-44.52,-9.67,-13.04,29.67,-17.38,-5.43,-34.2,7.63,-10.43,22.49
16.55,39.05,7.77,-47.53,-24.33,-12.91,35.17,-10.71,-0.9,-31.65,11.81,-13.69,15.26
16.37,30.8,1.2,-39.62,-22.84,-13.43,27.91,-3.69,2.41,-29.28,3.63,-10.77,15.42
16.24,31.11,-0.97,-42.19,-18.1,-10.15,25.44,-10.61,-1.22,-26.01,7.82,-5.97,20.65
16.68,24.46,-7.73,-42.5,-22.31,-11.27,16.39,-18.91,-12.24,-28.11,7.91,-8.04,7.9
17.29,36.11,-1.69,-50.78,-14.04,-8.38,29.23,-22.48,-2.81,-21.43,22.7,-11.64,5.17
16.59,44.31,3.63,-56.84,-14.4,-12.7,35.24,-24.68,-3.37,-27.92,18.94,-18.4,-1.28
17.19,49.84,-0.88,-73.14,-7.13,-12.51,36.06,-40.38,4.11,-19.86,30.71,-15.59,3.09
16.7,16.52,-16.51,-42.52,-25.58,-16.08,5.4,-13.67,-0.61,-5.36,19.2,5.28,12.77
16.67,27.57,-5.56,-46.96,-23.33,-14.69,16.67,-19.04,-3.38,-17.7,15.09,-12.72,-3.65
16.53,23.33,-4.82,-31.01,-15.74,-5.04,18.02,-5.63,-2.65,-17.48,5.97,-4.38,8.93
16.8,45.98,-5.99,-61.3,0.02,-26.19,32.89,-35.8,-0.46,-20.02,20.05,-9.82,5.44
16.11,25.6,-8.53,-40.89,-18.96,-9.86,12.08,-25.55,-17.42,-32.5,2.22,-14.48,5.13
16.73,19.69,-10.26,-39.78,-20.44,-11.51,13.13,-14.01,-11.52,-29.87,-8.11,-19.08,-2.32
16.0,31.56,-0.67,-37.87,-18.35,-9.91,21.95,-10.36,-1.32,-23.47,10.06,-7.71,15.83
16.12,16.37,-8.93,-28.29,-12.71,-3.84,11.76,-8.58,-4.92,-10.53,6.72,-5.73,-3.46
16.7,33.97,1.33,-42.99,-11.13,0.07,30.53,-22.34,-9.54,-23.86,26.6,-1.95,16.18
16.34,38.82,3.04,-42.7,-8.87,-8.63,27.2,-18.64,-2.39,-24.83,16.49,-9.62,4.77
15.93,34.08,-1.76,-49.06,-15.61,-10.25,24.72,-23.78,-11.07,-29.46,17.28,-12.1,5.97
16.55,35.36,0.53,-46.69,-17.32,-10.37,22.02,-26.93,-11.65,-29.23,15.51,-11.15,4.54
16.56,20.04,-7.77,-33.3,-18.38,-9.6,10.35,-14.72,-7.54,-13.69,13.6,-2.03,1.66
16.03,34.89,0.7,-37.53,-10.03,-14.41,21.87,-10.94,-0.24,-25.18,5.38,-10.35,6.18
16.98,28.73,-3.2,-42.36,-26.26,-18.41,14.64,-12.48,-1.02,-20.72,9.54,-10.08,6.48
16.62,37.63,-4.01,-54.04,-17.03,-17.29,24.72,-15.85,7.67,-17.3,19.86,-13.8,8.0
16.91,21.17,-5.56,-26.65,-12.8,-5.28,11.11,-11.32,-8.76,-20.05,1.26,-5.31,6.73
17.16,30.77,-6.76,-48.79,-18.93,-16.57,17.39,-17.97,-0.22,-22.74,7.04,-19.84,-6.03
16.29,31.9,-2.2,-41.58,-19.33,-10.36,20.11,-18.69,-5.72,-22.1,19.05,-4.07,11.19
16.62,29.97,-9.04,-48.45,-5.36,-5.52,27.53,-22.23,-2.93,-23.68,16.22,-11.07,3.87
16.17,25.92,-4.03,-38.98,-20.81,-10.08,20.01,-11.61,-3.17,-13.97,22.57,2.43,8.95
17.11,21.36,-9.94,-43.03,-18.64,-8.83,16.38,-19.25,-10.42,-22.97,7.86,-11.19,-1.34
16.19,22.24,-4.85,-29.1,-14.34,-6.56,9.67,-18.13,-11.74,-15.36,15.3,2.9,7.11
16.36,26.09,-4.32,-35.17,-12.3,-2.88,22.14,-6.27,4.45,-9.36,12.51,-9.51,-2.4
16.46,49.63,8.4,-49.47,-7.84,-9.14,41.19,-24.12,-2.83,-34.54,21.49,-9.97,13.58
16.97,23.4,-5.71,-37.07,-21.72,-15.1,8.97,-15.74,-7.47,-17.28,12.97,3.77,14.18
17.06,23.91,-7.02,-33.77,-16.86,-8.37,11.55,-14.02,-4.43,-13.93,13.92,0.05,12.1
16.51,32.44,-2.04,-45.78,-21.62,-17.88,13.83,-23.32,-7.56,-23.89,14.18,-6.18,10.48
16.3,47.66,-1.13,-61.89,-3.49,-16.37,25.17,-39.48,-11.81,-39.24,2.92,-25.22,6.11
16.67,24.45,-5.78,-39.29,-15.94,-6.1,20.11,-14.83,-7.15,-21.52,12.32,-2.46,11.51
16.76,29.99,-5.02,-46.43,-19.93,-11.54,15.34,-34.33,-24.87,-40.86,4.17,-17.0,3.99
16.82,40.89,4.4,-49.15,-11.41,-2.66,32.11,-25.94,-11.42,-32.69,16.49,-13.98,7.21
16.72,33.39,-4.31,-44.81,-11.21,-15.27,21.87,-20.1,-5.17,-32.94,5.49,-7.65,19.43
16.44,36.42,4.23,-48.03,-18.54,-1.91,38.15,-16.76,-11.17,-35.51,10.06,-19.08,3.96
16.94,24.46,-6.54,-39.57,-21.34,-10.48,16.15,-14.47,-6.92,-19.17,11.29,-9.53,-2.91
16.62,34.66,-4.13,-45.94,-8.69,-9.41,26.03,-16.18,5.75,-15.95,15.72,-10.06,6.46
16.97,31.52,-2.11,-48.46,-20.12,-8.0,25.84,-19.75,-4.65,-18.46,22.98,-9.44,3.61
16.89,25.59,-8.26,-45.72,-19.69,-12.17,14.65,-23.13,-9.31,-20.99,14.51,-7.95,2.67
16.73,18.95,-9.26,-27.85,-11.34,-1.41,13.05,-9.93,-8.01,-17.35,5.25,-0.49,10.44
16.9,42.12,-2.57,-60.1,-11.86,-11.64,37.14,-20.35,9.32,-22.07,24.73,-11.13,12.17
16.94,18.03,-8.47,-30.47,-21.26,-11.53,9.17,-4.11,0.62,-7.06,12.42,6.58,13.53
16.71,25.85,-6.42,-39.77,-15.92,-14.18,6.35,-30.78,-20.19,-29.77,7.55,-1.49,14.73
17.24,46.8,7.11,-50.88,-7.72,-7.19,36.72,-27.19,-10.93,-39.06,16.9,-14.88,14.98
17.09,21.1,-4.37,-29.0,-15.09,-9.51,7.25,-20.42,-21.69,-34.13,-8.46,-9.31,6.48
16.4,22.66,-7.26,-34.72,-12.77,-1.32,19.94,-16.64,-14.19,-28.8,2.29,-11.41,2.63
16.33,29.82,-2.68,-42.42,-13.01,-5.12,23.72,-20.23,-9.93,-28.3,13.08,-7.85,11.24
15.86,37.58,-0.52,-43.47,-15.97,-6.39,26.57,-16.58,0.91,-18.65,22.54,-9.46,11.22
16.53,26.23,-4.59,-42.76,-16.92,-5.56,23.86,-18.79,-10.78,-24.74,16.16,-2.15,13.37
16.98,36.99,0.86,-48.05,-19.27,-12.58,20.44,-28.34,-6.36,-21.52,25.68,-8.31,8.02
16.39,28.78,-2.33,-38.93,-18.83,-13.29,17.08,-8.9,5.33,-10.07,15.74,-6.62,3.16
16.28,25.99,-5.31,-38.69,-21.82,-16.2,8.31,-20.39,-9.27,-23.42,8.12,-6.37,8.95
16.27,19.87,-7.63,-32.82,-14.04,-9.91,4.61,-24.58,-16.57,-23.79,1.64,-12.26,-3.42
15.84,39.62,-0.26,-50.07,-8.13,-8.31,34.62,-18.76,-1.54,-26.21,17.07,-13.49,7.04
16.65,19.69,-5.95,-29.06,-14.66,-5.99,13.74,-7.06,-4.27,-14.13,5.54,-5.37,-1.03
16.67,20.21,-5.06,-26.77,-14.79,-7.69,10.93,-9.23,-7.31,-18.12,4.85,0.73,10.86
16.37,42.66,1.54,-60.28,-13.73,-8.07,31.69,-39.41,-10.14,-32.51,22.5,-6.99,19.34
16.44,24.45,-7.64,-46.42,-25.09,-15.19,16.73,-19.84,-17.13,-40.06,-2.27,-11.08,12.63
16.66,33.93,-1.42,-47.04,-12.5,-4.14,30.99,-18.22,-2.99,-21.28,20.5,-7.39,7.94
16.72,23.41,-12.36,-45.16,-18.61,-13.16,8.98,-27.67,-14.29,-27.02,9.11,-9.06,6.62
16.57,36.14,-0.63,-45.15,-4.2,-2.16,33.45,-18.63,-3.64,-29.67,16.96,-4.79,20.22
17.14,31.92,-7.49,-51.32,-3.79,-2.88,35.65,-21.81,-4.76,-31.64,14.54,-14.29,6.3
16.64,33.14,-0.87,-49.32,-18.13,-7.8,25.7,-26.61,-12.18,-30.56,16.38,-7.68,10.98
16.36,24.06,-5.42,-39.78,-25.25,-15.81,13.54,-13.26,-5.36,-18.3,12.65,-2.22,6.36
17.03,24.88,-5.17,-41.35,-16.6,-3.45,27.89,-9.99,-6.0,-26.76,6.47,-10.97,4.87
17.05,31.91,-10.31,-50.81,-18.31,-11.03,15.23,-36.01,-15.52,-36.56,9.99,-21.25,6.36
17.02,42.49,-3.05,-73.56,-21.54,-10.05,36.41,-35.86,-3.09,-19.49,42.63,-6.14,19.54
16.7,30.68,-3.46,-44.99,-21.45,-14.35,16.01,-26.15,-10.95,-26.25,15.86,-9.7,3.58
16.9,17.37,-12.39,-38.53,-20.03,-10.74,11.77,-11.24,-5.98,-17.6,3.53,-5.55,5.32
17.34,31.17,-0.72,-41.24,-18.58,-8.36,22.55,-15.35,-1.13,-13.72,25.29,-1.01,7.74
16.78,37.81,0.74,-53.47,-23.2,-15.77,27.08,-19.61,-1.88,-24.62,15.65,-19.86,-5.93
16.78,30.76,-6.22,-45.82,-17.14,-21.77,12.08,-20.76,-2.61,-16.94,21.52,4.19,15.51
16.62,26.73,0.81,-36.17,-26.78,-14.8,16.91,-8.9,-4.58,-16.92,13.4,-5.63,-1.94
16.45,37.3,-1.79,-49.36,-11.4,-9.35,27.98,-20.48,-4.11,-30.79,13.05,-14.0,8.31
16.51,17.83,-10.23,-34.59,-17.5,-10.25,7.66,-15.75,-11.02,-20.84,0.71,-7.01,4.8
16.33,17.83,-14.02,-39.4,-24.57,-15.85,2.18,-19.58,-11.0,-19.03,3.24,-10.64,-1.43
17.01,33.82,-5.63,-54.55,-13.64,-12.58,22.54,-33.86,-13.28,-32.59,17.21,-9.48,11.23
17.51,18.51,-11.29,-37.2,-22.36,-15.21,2.57,-23.18,-14.97,-19.85,10.47,-0.01,8.7
16.85,26.84,-0.74,-35.74,-22.37,-14.78,16.29,-8.94,-1.63,-17.11,9.89,-2.85,9.22
17.22,27.74,-2.71,-45.62,-23.07,-9.79,23.93,-21.62,-14.45,-26.76,18.75,-2.15,11.18
17.79,34.91,-5.18,-52.27,-15.82,-15.15,26.34,-13.13,8.6,-18.73,15.95,-11.55,8.22
16.59,37.7,2.09,-50.54,-17.0,-12.12,28.42,-16.97,0.86,-23.52,15.18,-12.14,7.34
17.1,29.01,-7.3,-52.51,-23.42,-13.64,22.31,-17.68,-2.63,-23.67,12.32,-12.97,3.75
16.85,43.11,-0.55,-64.36,-15.4,-6.24,36.27,-38.09,-7.23,-27.69,39.27,-13.03,4.88
16.64,26.0,-3.58,-32.13,-9.11,-2.49,18.7,-10.36,-0.14,-13.1,8.41,-12.07,-4.5
16.48,31.14,0.8,-33.97,-10.25,-0.66,25.32,-14.43,-8.68,-27.2,6.15,-15.45,-1.38
16.54,24.92,-3.15,-32.63,-15.67,-7.86,13.2,-13.44,-6.66,-17.79,7.22,-6.77,2.22
16.11,38.05,0.54,-49.1,-16.37,-9.65,22.53,-30.95,-10.12,-28.19,23.25,-6.78,14.42
16.35,25.67,-4.64,-41.61,-25.65,-18.17,12.4,-13.68,-4.26,-19.76,11.2,0.09,16.31
16.64,42.81,-2.15,-65.52,-22.55,-18.17,29.31,-27.24,2.23,-25.53,24.23,-15.82,10.33
16.84,48.85,-0.47,-70.6,-12.7,-10.0,39.16,-34.89,5.85,-25.51,22.9,-14.13,21.94
16.81,21.9,-5.8,-29.25,-10.48,0.94,20.76,-8.52,-8.46,-22.66,2.02,-9.6,2.92
16.47,51.44,6.24,-60.28,-11.77,-15.11,36.74,-38.77,-8.42,-27.56,30.89,-10.24,8.32
16.57,28.62,-0.18,-32.63,-19.42,-10.45,18.55,-6.09,-1.34,-22.8,1.19,-12.0,7.26
16.16,23.84,-4.47,-38.29,-21.64,-10.91,17.09,-14.21,-13.52,-31.35,-1.3,-12.8,0.0
16.32,30.2,0.78,-37.38,-21.73,-13.89,17.16,-9.74,2.46,-13.48,17.76,0.15,13.5
