16.35,21.37,7.1,-26.75,-33.16,-5.51,15.41,-14.14,-24.93,-26.18,13.59,11.56,20.72
16.18,42.78,-0.26,-47.6,-20.48,-18.26,21.92,-23.22,2.06,-28.39,20.21,-6.07,32.47
17.0,35.2,7.5,-38.43,-24.91,-21.02,10.97,-27.44,-15.86,-31.1,18.76,9.39,36.09
15.66,30.7,5.05,-25.85,-21.31,-23.72,-5.91,-26.37,-13.93,-17.84,14.83,9.7,22.69
16.16,27.6,0.34,-33.55,-28.17,-29.28,-6.56,-23.55,-10.03,-16.23,13.41,10.07,26.19
14.81,22.78,-1.2,-30.95,-26.26,-21.3,1.06,-19.65,-16.83,-26.01,6.48,7.22,21.34
15.49,29.32,4.77,-39.32,-42.35,-39.63,-9.56,-33.8,-21.34,-27.79,17.09,8.91,22.46
14.08,33.14,4.17,-38.6,-27.98,-20.27,7.01,-20.91,-8.32,-23.46,18.65,3.99,21.83
14.7,38.55,19.78,-51.94,-48.87,-22.16,6.53,-48.05,-22.26,-16.65,32.34,8.98,27.46
14.42,40.54,18.25,-44.36,-33.1,-22.67,9.86,-34.8,-13.46,-16.71,26.2,14.95,29.4
14.92,25.7,4.63,-21.67,-21.81,-26.56,-12.33,-28.03,-21.55,-22.35,9.71,15.81,28.2
13.79,31.67,2.74,-28.77,-17.76,-19.49,-0.17,-29.01,-17.75,-27.95,6.62,0.0,18.81
14.63,34.16,5.79,-51.66,-37.79,-29.33,4.43,-37.93,-25.53,-34.15,15.19,5.86,27.18
14.45,23.55,1.37,-18.61,-16.4,-13.69,1.43,-10.02,-7.86,-12.5,6.06,5.89,11.67
16.08,30.99,6.88,-28.8,-25.93,-30.71,-6.75,-26.72,-13.04,-21.18,13.99,8.82,25.71
15.4,36.4,15.62,-25.4,-22.32,-21.28,11.11,-18.84,-14.0,-35.26,5.42,7.1,31.51
15.66,25.92,-1.86,-38.47,-30.75,-34.01,-10.05,-34.73,-21.64,-28.6,9.36,9.67,27.99
16.07,39.75,11.02,-41.34,-26.02,-24.41,10.61,-33.54,-13.32,-28.23,26.75,13.02,39.9
16.61,20.26,-5.09,-32.07,-27.21,-31.44,-16.19,-31.58,-17.61,-18.24,11.11,13.69,29.69
17.37,29.05,9.11,-26.42,-31.57,-36.51,-8.95,-23.8,-17.4,-29.15,4.65,8.6,27.86
17.24,32.83,10.85,-21.38,-19.69,-24.03,-4.52,-24.58,-13.71,-19.53,13.43,11.25,25.16
17.01,22.51,-0.36,-28.31,-32.8,-36.84,-19.52,-29.52,-20.15,-23.14,6.99,13.09,25.3
18.14,44.07,18.41,-29.21,-17.67,-33.41,-0.56,-34.89,-6.21,-19.64,26.92,9.39,34.88
17.39,33.63,14.01,-13.11,-13.35,-22.18,-3.08,-12.63,1.38,-6.46,14.74,5.85,14.47
16.99,21.23,2.43,-16.55,-21.84,-27.82,-16.22,-18.67,-8.67,-7.09,10.65,13.31,19.18
16.23,33.38,7.0,-31.75,-24.04,-31.0,-6.02,-32.49,-17.87,-26.54,17.46,11.89,26.64
15.53,26.33,6.35,-22.66,-27.01,-33.54,-15.17,-25.19,-12.51,-18.19,6.66,6.8,19.32
15.53,29.45,10.09,-14.48,-15.71,-23.67,-11.55,-24.23,-13.5,-15.14,12.5,13.67,22.67
15.94,35.86,16.26,-20.11,-21.09,-32.09,-3.48,-15.63,0.8,-15.87,12.78,5.81,27.84
15.86,24.59,6.35,-11.5,-17.52,-23.96,-14.76,-17.46,-6.28,-3.46,12.72,11.13,14.5
15.9,22.68,5.39,-12.09,-18.91,-24.61,-14.51,-15.32,-4.4,-2.68,9.72,9.26,12.66
15.49,26.26,7.46,-15.42,-20.46,-27.23,-13.35,-21.26,-8.92,-10.69,12.28,15.69,27.6
14.37,16.43,-6.25,-25.1,-22.57,-19.67,-6.67,-14.93,-10.46,-11.98,7.36,10.92,16.95
14.52,39.88,16.47,-43.22,-35.73,-27.54,15.75,-17.64,-5.21,-38.41,8.8,-4.89,23.16
14.12,28.87,6.15,-31.41,-32.52,-33.74,3.07,-8.95,-0.21,-20.28,4.03,4.1,26.11
15.03,24.61,4.01,-28.26,-31.07,-32.73,-1.39,-10.51,-3.78,-25.47,-1.56,2.76,29.82
15.46,25.28,2.34,-28.76,-31.36,-37.22,-16.31,-25.67,-12.83,-18.95,8.69,10.93,26.88
15.81,34.88,13.16,-30.23,-31.13,-40.03,-6.06,-22.87,-3.22,-17.26,22.14,13.35,33.79
16.89,35.49,14.85,-18.65,-19.71,-29.86,-5.67,-18.53,-0.13,-11.68,14.11,6.05,22.88
17.31,20.87,-1.06,-25.61,-30.37,-32.7,-14.79,-20.08,-11.22,-14.66,7.07,9.8,18.99
17.36,21.93,1.6,-25.14,-30.39,-32.95,-9.2,-13.23,-7.36,-21.25,-2.09,4.46,26.42
17.47,40.3,7.69,-37.82,-17.33,-31.89,10.03,-22.05,-1.16,-27.72,14.12,7.14,35.54
16.98,36.0,14.35,-27.94,-30.03,-38.65,-5.34,-19.8,1.14,-14.8,16.02,3.72,23.26
17.63,26.94,9.07,-17.65,-24.28,-32.26,-9.52,-12.4,3.76,-5.07,15.45,10.31,22.59
17.59,23.9,5.0,-22.86,-30.86,-40.69,-17.82,-16.85,2.64,-2.83,18.21,14.24,26.0
17.95,21.16,1.08,-23.71,-30.19,-38.11,-22.0,-27.73,-14.84,-17.41,8.01,12.57,27.13
17.23,35.28,11.9,-27.96,-26.74,-32.78,-0.28,-16.53,-1.01,-19.78,11.0,5.1,28.06
16.96,43.08,10.19,-40.54,-26.88,-40.28,5.24,-26.11,4.41,-17.53,23.98,5.23,37.19
17.11,37.62,12.67,-35.3,-31.46,-38.4,2.62,-22.46,-1.0,-19.89,20.87,9.56,28.45
16.04,13.87,-9.93,-25.98,-29.99,-27.57,-15.98,-12.93,-4.72,0.39,12.25,14.35,14.84
16.34,32.53,5.12,-41.55,-37.42,-45.0,-7.07,-28.2,-6.93,-27.05,14.0,7.47,32.01
16.25,20.89,-2.64,-29.39,-33.68,-37.0,-18.56,-22.65,-9.82,-12.44,9.13,8.92,21.69
15.21,40.1,10.8,-37.06,-18.5,-23.95,17.16,-14.0,1.47,-24.97,16.9,7.99,34.08
14.89,23.31,1.36,-20.43,-20.58,-20.59,-4.35,-13.38,-7.63,-15.35,5.09,9.49,25.26
14.03,31.79,10.31,-23.2,-20.9,-22.91,5.51,-10.04,-6.82,-20.39,3.28,5.18,25.09
15.31,22.19,1.22,-21.96,-27.18,-30.61,-15.73,-18.84,-7.95,-9.1,12.83,14.51,23.71
15.18,26.86,6.63,-22.57,-25.51,-29.23,-3.44,-11.09,-0.24,-11.8,12.77,13.23,27.66
15.61,22.9,-4.36,-40.0,-36.0,-35.09,-7.04,-24.21,-13.0,-22.25,15.95,18.85,37.67
16.19,23.21,-0.78,-33.74,-31.29,-28.3,0.21,-16.64,-13.24,-27.51,4.78,9.76,30.1
16.35,27.12,4.01,-25.28,-25.62,-26.22,-3.34,-15.18,-7.33,-16.2,9.04,8.38,20.99
16.47,44.92,5.13,-53.3,-25.22,-45.29,7.18,-29.6,0.82,-24.51,17.78,3.74,35.82
15.74,28.89,8.3,-16.33,-16.61,-17.99,0.32,-11.55,-6.09,-15.61,3.95,3.26,15.69
17.22,31.83,8.36,-22.98,-15.89,-23.92,-2.53,-20.81,-3.1,-10.13,18.63,11.46,25.59
18.02,22.58,3.35,-17.04,-18.19,-22.68,-9.02,-18.05,-7.08,-9.0,13.09,13.2,24.05
16.83,16.62,-2.94,-19.15,-25.0,-27.95,-16.81,-13.81,-3.94,-2.58,6.37,7.4,13.75
16.4,39.93,9.21,-36.92,-20.95,-34.06,1.96,-23.97,-4.52,-19.58,16.52,4.31,27.07
16.96,24.13,5.32,-20.16,-25.48,-30.79,-11.28,-18.43,-8.73,-16.9,5.54,10.84,27.68
17.64,39.69,8.11,-49.07,-32.61,-44.08,3.73,-35.35,-9.61,-32.55,19.95,6.97,41.64
16.67,24.86,8.19,-8.92,-14.72,-23.31,-15.02,-16.18,-1.47,1.7,13.2,6.86,8.26
16.02,25.49,4.8,-26.99,-31.13,-37.63,-10.55,-18.17,-3.74,-16.09,12.28,15.1,36.6
14.88,27.86,6.47,-26.07,-28.81,-28.97,0.81,-10.49,-3.71,-19.22,8.87,13.11,30.65
15.6,20.27,0.71,-15.31,-20.64,-23.56,-15.27,-16.54,-8.2,-5.64,7.14,9.0,13.53
15.82,30.27,12.66,-25.48,-23.25,-39.69,-4.04,-26.27,-7.7,-22.76,12.66,10.07,35.38
15.54,16.16,-2.25,-19.1,-26.94,-34.33,-24.69,-22.74,-7.9,-3.25,13.07,15.88,23.17
15.88,34.91,15.48,-18.29,-17.81,-27.77,-8.8,-28.51,-11.38,-18.47,16.35,9.09,23.61
15.56,42.66,16.79,-23.4,-13.29,-21.84,4.99,-23.99,-11.77,-26.29,9.63,0.81,21.49
17.18,34.44,15.43,-15.97,-19.1,-27.77,-7.97,-21.02,-6.05,-13.15,11.29,5.39,18.36
17.34,36.29,18.6,-16.7,-22.17,-27.91,4.08,-4.52,9.87,-5.7,20.93,12.59,24.4
17.81,52.95,18.11,-29.18,-4.32,-37.22,13.92,-24.52,7.46,-13.69,26.32,3.36,29.11
17.74,30.86,11.19,-13.64,-17.29,-21.58,-3.25,-8.32,6.15,2.42,18.6,8.38,13.96
17.69,24.07,3.84,-14.9,-15.04,-15.42,-2.31,-6.66,3.34,3.85,17.14,12.75,15.32
17.36,40.64,14.83,-28.4,-18.39,-16.48,18.18,-10.62,4.48,-10.32,29.04,15.32,33.49
17.8,35.73,4.65,-32.36,-15.16,-22.16,2.65,-24.09,-3.39,-10.41,24.1,11.02,24.25
18.2,34.45,14.04,-21.4,-19.13,-18.1,8.42,-14.24,-6.25,-13.95,22.28,15.37,21.82
18.39,26.94,2.9,-23.3,-12.64,-9.27,7.44,-15.84,-8.26,-10.99,18.28,10.91,15.16
18.64,31.24,6.31,-25.49,-16.45,-12.79,8.85,-18.42,-9.47,-13.39,25.02,16.27,22.93
18.71,17.84,-5.4,-24.47,-12.6,-9.71,0.48,-22.46,-17.08,-15.0,15.61,16.85,22.56
18.46,31.89,11.08,-26.98,-21.97,-15.5,13.38,-14.4,-11.76,-22.18,14.34,9.81,20.7
17.94,28.41,3.99,-29.08,-19.7,-13.93,9.94,-18.28,-13.6,-22.55,12.74,5.81,17.64
17.39,29.35,2.83,-25.85,-13.48,-9.53,8.25,-18.24,-8.83,-14.28,18.34,8.52,17.44
17.65,28.11,1.74,-28.53,-14.78,-10.56,11.4,-14.48,-8.75,-21.91,4.42,-4.56,10.31
17.13,38.03,6.57,-33.04,-14.71,-11.87,15.73,-18.62,-0.86,-13.87,24.88,1.06,13.48
17.11,36.14,3.87,-40.11,-14.71,-11.38,19.15,-24.4,-8.3,-25.68,17.09,-3.66,14.35
17.21,35.42,8.72,-35.46,-18.02,-9.92,19.31,-25.35,-16.52,-26.87,14.78,-4.66,9.22
17.5,52.48,18.81,-52.03,-27.34,-16.02,18.71,-49.47,-11.65,-15.63,30.83,-10.46,21.08
17.38,25.26,5.06,-14.44,-14.25,-15.48,-5.74,-18.56,-14.56,-15.48,6.36,8.2,12.8
17.43,47.97,12.06,-37.7,-5.81,-14.41,13.94,-35.18,-7.62,-15.86,30.08,-2.68,14.54
17.05,21.37,-3.11,-24.05,-17.19,-15.36,-5.94,-26.66,-21.01,-19.53,7.8,3.55,5.16
16.8,35.38,7.04,-31.25,-7.3,-5.49,16.32,-27.87,-12.81,-18.1,27.48,7.31,15.88
16.92,32.06,6.06,-27.04,-19.31,-21.45,-1.87,-25.72,-11.51,-15.85,16.35,5.35,14.24
17.25,27.43,3.73,-32.6,-33.04,-35.58,-9.95,-28.4,-13.69,-15.11,20.34,9.25,10.95
16.45,34.16,2.78,-45.79,-28.94,-26.62,3.0,-37.33,-22.79,-27.96,20.75,3.87,17.18
16.62,34.73,8.77,-32.71,-24.12,-20.77,4.22,-32.48,-20.44,-24.72,20.47,7.22,15.94
16.42,30.69,11.98,-17.12,-20.97,-22.45,-2.68,-16.65,-10.55,-14.61,11.69,6.47,7.86
17.54,24.6,1.55,-27.21,-25.98,-33.28,-20.4,-38.37,-19.08,-11.91,22.25,15.08,17.42
16.18,26.72,6.01,-16.64,-16.83,-17.0,-2.37,-14.52,-9.04,-13.23,8.34,7.16,11.94
15.71,25.06,2.59,-18.45,-12.33,-12.71,-3.51,-23.02,-18.51,-19.39,3.32,0.43,4.21
17.0,33.07,10.31,-24.51,-20.53,-21.91,-0.01,-25.58,-16.2,-22.12,13.09,6.95,17.82
16.88,24.06,4.84,-14.03,-16.74,-17.8,-5.01,-9.43,-3.83,-7.47,4.27,3.06,8.57
16.56,30.56,10.63,-19.32,-23.75,-26.03,-1.88,-10.06,-3.48,-16.74,3.33,-0.96,10.09
16.57,54.74,18.35,-54.84,-24.06,-13.56,20.79,-40.81,-6.9,-22.72,32.2,-17.18,9.19
16.02,40.37,7.66,-32.4,-8.37,-9.14,18.43,-19.72,-3.27,-19.7,16.61,-6.06,12.33
16.19,52.33,13.75,-47.55,-16.92,-29.96,15.5,-37.49,-4.44,-20.14,16.36,-11.44,10.84
17.05,28.35,7.36,-22.95,-27.57,-31.29,-11.01,-22.92,-14.22,-20.91,2.64,-1.99,6.01
16.31,32.27,5.69,-29.02,-19.69,-20.87,-2.47,-29.07,-13.67,-15.6,15.37,-1.3,2.93
17.39,44.41,5.83,-42.31,-12.96,-24.71,9.17,-39.24,-6.73,-15.99,34.76,3.8,14.25
17.44,22.86,0.39,-19.44,-15.29,-17.36,-8.84,-20.3,-6.69,-1.81,15.17,4.43,3.0
17.1,37.34,12.54,-29.16,-22.24,-20.07,12.34,-18.12,-10.18,-19.92,21.36,5.08,9.26
17.12,41.44,12.18,-32.23,-18.05,-25.63,3.59,-29.1,-6.66,-17.42,19.62,2.8,17.92
17.56,29.03,2.69,-33.28,-28.53,-27.75,-1.26,-20.44,-7.33,-14.69,17.83,6.13,11.48
17.96,25.2,1.0,-24.99,-22.62,-24.5,-6.3,-14.38,-0.91,-5.5,11.5,3.43,10.32
18.06,50.99,5.12,-64.78,-25.36,-31.12,23.13,-33.82,4.06,-13.91,33.01,-7.5,19.04
18.09,34.81,3.56,-40.12,-22.22,-16.79,20.68,-9.83,4.51,-16.03,15.3,-6.35,10.07
18.54,22.63,-0.12,-26.37,-27.92,-25.84,-5.4,-15.2,-9.12,-12.42,12.91,13.46,20.74
17.95,30.15,6.26,-26.71,-22.12,-19.09,6.04,-13.49,-5.02,-13.77,16.95,9.13,18.29
17.67,33.07,-0.62,-41.81,-29.22,-32.88,-1.23,-25.12,-4.75,-22.93,8.55,-5.95,15.79
17.27,21.87,-6.91,-37.68,-27.23,-20.38,4.74,-12.17,-2.33,-10.71,12.91,3.07,11.92
18.22,30.57,2.44,-35.73,-28.43,-24.04,5.61,-17.13,-4.37,-14.47,18.94,4.19,13.52
17.55,25.69,1.36,-27.81,-21.4,-17.31,6.68,-10.72,-5.97,-18.14,6.82,2.95,14.16
17.53,44.55,6.42,-46.76,-16.96,-25.28,20.11,-24.05,1.09,-21.64,23.14,1.81,26.8
17.38,21.67,-4.96,-35.18,-26.44,-20.42,6.24,-10.29,-3.9,-17.35,6.03,0.45,13.52
17.03,25.65,-1.59,-36.74,-31.49,-25.66,5.96,-14.32,-12.1,-33.6,-6.14,-9.18,12.16
16.94,39.9,5.39,-57.18,-36.41,-25.67,20.73,-29.22,-12.36,-38.2,9.02,-25.95,5.02
16.52,32.11,-0.46,-36.97,-23.12,-21.95,2.51,-26.89,-10.57,-18.91,18.07,2.11,17.76
16.33,30.76,3.3,-29.14,-18.08,-16.26,5.69,-14.43,-2.61,-13.49,7.17,-7.61,4.87
16.86,42.3,12.92,-38.71,-22.51,-20.23,12.38,-27.12,-6.07,-18.75,27.58,5.66,22.81
16.17,49.43,17.82,-53.69,-31.16,-18.99,22.3,-42.25,-20.87,-23.18,32.47,-11.9,4.69
16.31,25.3,2.07,-21.45,-16.91,-12.86,4.76,-9.06,-3.76,-10.73,9.36,2.23,8.37
16.53,25.18,-7.86,-43.64,-24.56,-23.74,-2.0,-33.9,-23.3,-35.9,-4.43,-13.22,6.62
16.65,22.26,-6.7,-32.43,-21.55,-17.38,-1.11,-22.38,-13.2,-19.57,6.06,-3.02,8.2
16.89,25.73,2.97,-20.14,-15.65,-15.34,-2.71,-19.7,-13.49,-13.82,9.17,6.26,11.87
16.98,22.7,2.62,-22.36,-27.64,-27.18,-8.68,-16.14,-13.16,-19.2,0.21,1.61,8.09
16.74,34.34,2.92,-44.12,-28.67,-25.37,9.52,-25.79,-13.37,-30.94,9.36,-3.64,20.41
16.95,15.24,-8.93,-25.29,-25.52,-22.61,-13.78,-19.46,-15.18,-12.07,3.6,6.48,11.03
17.37,21.79,-7.75,-46.66,-45.68,-48.76,-26.83,-49.18,-35.44,-38.67,-1.75,-8.42,2.97
16.15,33.72,8.03,-33.39,-20.03,-9.83,19.73,-16.97,-10.4,-21.55,18.06,2.53,10.46
17.2,52.14,11.3,-66.57,-27.25,-22.31,18.69,-54.39,-14.65,-15.53,37.08,-9.72,26.06
16.81,37.79,8.47,-31.87,-15.44,-15.17,14.53,-18.15,-6.49,-20.43,19.83,6.97,23.31
16.21,22.37,-2.11,-29.75,-21.04,-13.25,8.06,-15.51,-16.13,-25.81,1.94,-1.27,8.03
17.43,35.94,11.34,-44.98,-38.02,-26.87,16.8,-27.21,-25.24,-34.85,20.34,2.77,16.01
17.42,20.23,-6.53,-40.04,-35.93,-34.31,-9.69,-30.16,-26.83,-40.17,-8.72,-4.2,17.05
15.99,24.87,0.58,-21.06,-16.24,-14.01,1.28,-10.5,-3.23,-7.34,11.33,7.62,14.43
16.45,25.09,2.19,-30.1,-29.86,-29.62,-2.48,-18.07,-12.21,-24.86,6.99,9.4,28.33
15.8,28.98,4.52,-25.82,-21.23,-20.2,3.22,-15.96,-9.23,-23.0,3.87,0.12,17.46
16.25,37.49,7.08,-39.7,-24.45,-24.85,11.68,-23.25,-10.4,-36.7,3.28,-8.18,18.96
15.72,36.3,8.9,-33.8,-27.15,-27.17,4.41,-24.06,-10.75,-30.81,9.47,-0.69,24.5
15.58,23.09,0.29,-26.9,-22.7,-19.75,3.2,-13.16,-10.5,-23.63,1.5,5.73,22.0
15.76,29.19,1.28,-36.63,-27.3,-27.61,2.82,-22.92,-13.04,-35.49,0.02,-4.89,24.37
15.75,46.46,18.44,-47.36,-32.35,-26.92,21.68,-20.38,0.13,-30.97,14.09,-5.3,24.97
16.27,22.95,-2.06,-33.29,-34.5,-32.25,-6.71,-18.73,-14.29,-25.62,-2.51,-1.59,15.17
17.14,27.44,6.8,-22.08,-25.06,-30.59,-6.65,-10.47,6.24,-2.67,16.0,9.33,19.79
17.1,47.68,2.98,-66.33,-31.85,-42.53,12.54,-34.53,4.32,-19.78,25.82,-1.32,27.89
17.22,45.25,9.8,-51.68,-30.14,-35.74,15.43,-17.83,10.52,-22.28,15.09,-7.43,22.57
17.43,53.75,15.2,-58.41,-35.13,-38.98,27.33,-28.84,5.72,-25.82,21.35,-11.41,23.26
17.48,39.66,4.91,-66.55,-55.51,-55.8,4.27,-39.98,-14.88,-35.6,18.18,-9.17,29.41
17.15,41.64,12.78,-43.47,-34.66,-38.57,5.91,-23.03,-0.55,-29.13,10.12,-7.2,21.44
17.15,33.17,9.24,-31.53,-29.97,-30.42,6.13,-11.14,0.24,-21.62,9.09,5.2,29.84
17.32,33.91,7.4,-34.7,-26.01,-24.28,11.86,-14.93,-4.86,-22.5,15.76,9.14,29.13
16.96,20.74,-2.55,-23.54,-18.67,-15.8,-0.08,-10.99,-6.44,-12.31,4.77,3.76,10.76
16.69,25.86,1.39,-26.86,-17.88,-12.75,11.95,-9.07,-5.68,-20.57,6.61,3.03,17.24
16.85,34.41,8.62,-49.39,-47.44,-33.44,16.66,-20.63,-15.02,-37.08,16.41,-3.5,21.28
15.76,26.67,-1.4,-33.46,-23.27,-21.87,6.39,-10.46,-2.62,-22.0,1.72,-2.14,19.11
16.18,28.46,-1.74,-45.63,-29.77,-24.52,10.71,-22.24,-13.38,-36.0,3.91,-4.62,21.0
15.38,24.39,3.51,-19.81,-20.51,-18.47,0.09,-10.4,-8.97,-16.94,4.57,7.81,15.19
15.25,31.5,5.66,-33.35,-23.44,-22.29,7.37,-18.94,-8.97,-30.56,4.69,5.99,31.04
14.16,41.45,21.28,-41.21,-37.11,-29.45,13.73,-22.87,-8.94,-26.98,14.09,4.95,18.91
14.64,29.9,9.98,-18.24,-21.94,-28.39,-7.37,-15.68,-7.23,-17.51,2.12,2.89,18.14
13.95,38.62,17.27,-35.15,-27.63,-29.86,5.62,-16.11,-0.39,-17.54,8.98,6.95,24.5
13.47,38.69,11.14,-41.54,-22.76,-26.72,7.25,-11.55,2.26,-15.47,6.04,-6.17,21.94
14.06,26.87,2.35,-30.44,-31.03,-31.09,-5.98,-17.88,-11.99,-31.24,-9.44,-7.14,16.05
14.08,22.83,-1.62,-32.61,-30.78,-28.76,-5.66,-17.18,-10.19,-17.95,5.2,5.55,21.37
14.71,35.79,5.47,-44.29,-29.28,-29.6,4.9,-35.8,-22.71,-45.0,6.63,-2.12,36.79
14.57,30.02,5.57,-30.09,-24.96,-24.26,3.18,-17.13,-11.15,-21.3,4.28,3.27,20.67
14.1,23.02,-2.04,-31.18,-30.8,-28.75,-3.24,-10.09,-1.92,-18.99,-2.39,-4.92,14.18
14.49,36.27,9.16,-37.21,-28.43,-28.92,11.47,-16.35,-2.68,-28.32,8.06,0.8,26.43
15.22,21.83,-1.85,-29.74,-30.67,-29.38,-6.63,-14.02,-8.5,-21.05,-0.21,2.87,20.53
14.7,33.11,-3.02,-49.86,-26.44,-34.58,11.14,-20.61,-3.74,-33.21,4.88,-1.05,30.45
15.64,41.62,21.65,-40.53,-33.4,-26.4,20.59,-19.85,-2.74,-17.26,26.51,9.01,37.35
16.16,23.44,2.52,-22.0,-24.06,-26.62,-8.89,-18.13,-10.83,-16.8,4.34,9.09,22.57
16.2,28.06,3.63,-24.83,-23.44,-24.28,-0.82,-14.69,-5.19,-18.49,6.42,5.53,25.85
15.6,36.28,14.35,-43.54,-47.19,-43.91,1.27,-34.61,-24.74,-45.47,9.6,-1.67,19.16
15.51,28.59,4.46,-28.28,-29.71,-35.47,-16.6,-32.09,-17.71,-26.03,3.44,1.0,16.88
15.35,24.47,4.86,-23.11,-29.64,-33.73,-10.62,-15.76,-6.54,-16.53,7.46,9.76,22.21
15.85,22.63,1.88,-19.72,-25.56,-29.83,-17.19,-22.1,-15.1,-18.28,-0.13,3.78,14.12
14.6,25.0,3.23,-28.21,-32.9,-38.23,-21.69,-34.86,-25.61,-30.15,-0.83,0.22,16.4
13.9,28.87,7.47,-21.33,-22.98,-24.6,-9.36,-23.04,-18.05,-26.03,2.0,5.98,19.09
14.05,27.0,6.48,-28.05,-34.94,-39.43,-14.18,-15.19,-2.78,-17.77,3.06,2.7,22.41
14.03,31.19,11.15,-20.19,-23.36,-29.19,-5.76,-12.04,0.29,-9.27,12.41,7.88,23.78
14.24,36.83,16.69,-33.22,-34.76,-33.29,5.69,-13.97,3.39,-20.97,11.59,1.21,27.34
13.91,38.13,22.88,-36.69,-39.97,-32.8,8.7,-14.67,1.81,-19.24,13.14,6.13,23.52
14.04,40.21,22.25,-44.42,-37.04,-32.47,10.63,-12.99,-4.38,-19.73,14.1,-1.33,21.74
14.29,25.12,4.01,-24.79,-30.06,-33.51,-9.99,-9.7,3.19,-4.37,8.86,1.65,13.13
15.89,39.92,16.86,-50.78,-50.52,-49.62,-5.77,-38.63,-2.67,-17.96,25.01,2.42,27.93
16.38,42.13,14.82,-30.01,-20.77,-36.86,2.95,-16.42,15.49,-11.05,18.71,0.11,26.29
16.99,23.52,3.35,-29.96,-38.26,-47.86,-18.8,-19.16,3.65,-6.64,13.98,6.44,24.0
17.5,40.28,18.7,-22.43,-21.68,-39.63,-4.18,-20.55,10.02,-10.99,18.18,-0.35,26.6
17.1,24.06,2.99,-25.1,-27.29,-31.7,-10.29,-23.03,-16.47,-29.57,-6.03,0.26,25.4
17.36,32.01,13.57,-17.34,-21.34,-31.3,-8.31,-23.32,-8.8,-20.53,8.57,6.43,28.05
16.76,33.61,11.58,-24.23,-21.96,-31.11,-3.48,-19.77,-1.67,-16.49,11.54,1.8,21.68
16.2,21.67,0.67,-19.69,-24.2,-24.2,-9.17,-13.99,-13.12,-22.86,-10.82,-4.94,10.34
15.89,29.47,8.08,-19.27,-20.65,-27.63,-11.36,-22.78,-10.56,-16.8,3.92,0.51,14.03
16.18,25.37,-0.78,-34.88,-39.13,-43.09,-16.35,-25.72,-14.69,-32.12,-9.02,-8.69,16.4
16.64,27.03,6.56,-19.58,-21.82,-25.63,-4.36,-8.62,3.14,-7.39,7.55,3.59,18.73
16.61,19.0,-3.12,-24.86,-29.59,-33.71,-19.67,-21.47,-7.92,-7.74,8.05,6.25,12.89
14.94,41.01,18.03,-27.91,-22.32,-31.32,6.49,-9.39,8.35,-20.82,7.01,-5.36,22.01
15.19,36.33,14.16,-34.96,-34.78,-39.24,-1.39,-22.1,-9.95,-32.26,2.98,-2.78,25.45
15.02,27.64,9.45,-15.59,-19.09,-23.11,-3.4,-9.48,-1.75,-13.47,4.16,6.39,20.87
14.36,29.25,4.39,-31.96,-31.56,-33.86,-8.64,-24.9,-9.0,-22.07,7.08,3.34,21.62
14.24,28.83,5.13,-35.63,-37.72,-45.94,-18.41,-27.51,-13.96,-31.91,-7.43,-10.01,13.86
13.46,34.24,15.52,-27.0,-30.47,-25.69,6.46,-12.82,-6.77,-22.75,2.16,0.07,18.81
14.63,23.65,3.28,-25.28,-33.28,-36.21,-10.2,-9.4,1.87,-10.25,4.07,3.08,18.4
13.61,37.97,14.39,-30.29,-26.33,-21.7,7.39,-18.05,-3.08,-25.23,10.3,5.13,22.77
14.53,37.35,11.38,-35.85,-25.13,-31.94,-9.93,-33.69,-10.4,-28.54,6.95,0.49,28.47
16.05,22.75,3.94,-17.59,-26.57,-34.25,-21.44,-22.88,-11.53,-12.53,3.48,4.81,13.65
16.56,31.02,11.04,-19.85,-23.7,-34.69,-16.5,-30.15,-12.54,-20.05,8.66,4.56,19.38
16.29,45.37,19.42,-31.26,-18.57,-35.38,1.56,-25.03,-1.56,-18.5,19.38,2.41,25.25
17.39,27.13,9.87,-14.0,-20.17,-29.72,-13.6,-16.39,-1.38,-3.84,14.81,11.5,20.3
17.31,33.43,12.49,-14.55,-10.84,-20.9,-5.1,-26.71,-10.14,-15.02,16.98,10.05,27.53
16.87,24.53,5.54,-22.56,-31.64,-44.24,-27.2,-33.52,-20.52,-27.22,-3.11,-3.28,10.31
16.49,37.34,17.3,-18.24,-14.72,-27.78,-5.4,-30.04,-8.45,-15.87,23.87,10.87,25.92
16.38,37.9,17.94,-19.88,-18.07,-26.14,-1.92,-29.02,-14.92,-22.24,19.56,9.95,24.79
16.67,25.95,3.67,-26.89,-31.05,-43.82,-28.22,-39.39,-18.07,-19.64,10.92,4.69,15.38
16.05,43.54,19.21,-32.71,-26.68,-35.01,-5.22,-37.65,-15.24,-34.49,15.03,1.05,24.53
16.53,36.65,15.36,-23.27,-19.51,-26.96,-3.07,-26.61,-8.24,-13.67,25.31,10.03,21.35
14.75,39.18,20.91,-20.25,-18.8,-21.0,6.29,-21.08,-16.06,-21.14,19.6,9.69,18.55
14.84,29.64,11.55,-14.11,-17.84,-26.3,-13.56,-25.8,-13.09,-15.94,12.96,10.84,19.01
13.36,22.45,5.69,-10.35,-18.89,-26.56,-20.74,-21.78,-13.73,-12.74,-3.78,-5.53,2.35
13.36,28.11,9.12,-22.13,-26.87,-31.48,-15.35,-28.78,-20.92,-25.08,3.5,1.35,12.17
12.43,33.91,17.31,-29.01,-32.19,-21.93,-2.6,-21.18,-15.64,-19.94,-0.99,-6.77,4.96
12.02,32.6,16.53,-13.62,-14.43,-13.07,-2.93,-13.52,-3.29,-3.31,10.58,3.72,11.99
12.75,30.38,12.2,-36.04,-36.47,-30.45,-13.79,-38.08,-29.08,-33.15,5.92,3.45,9.85
14.01,30.45,12.96,-15.16,-20.01,-29.49,-13.67,-22.63,-7.67,-9.16,14.1,6.34,14.32
15.31,26.31,9.56,-11.92,-17.97,-30.41,-18.85,-21.48,-3.42,-0.25,14.91,7.01,11.8
16.92,30.05,13.1,-12.08,-17.86,-32.78,-17.04,-21.21,3.06,0.85,19.29,5.11,14.23
16.83,23.01,5.84,-15.94,-24.6,-37.29,-26.06,-27.19,-8.35,-7.69,7.36,1.59,10.25
17.0,32.38,15.18,-10.69,-13.83,-27.76,-14.6,-27.3,-5.99,-4.63,24.24,12.24,15.85
15.69,22.39,5.88,-9.17,-15.86,-22.12,-16.2,-20.03,-10.41,-5.51,8.36,8.95,10.91
16.83,27.61,11.68,-16.44,-27.04,-42.09,-25.55,-31.17,-15.41,-20.97,1.45,-3.6,8.86
17.51,25.48,8.63,-13.2,-21.11,-33.57,-23.07,-27.36,-11.59,-12.02,5.82,4.45,15.14
17.01,30.79,15.72,-8.78,-16.91,-35.29,-23.39,-28.68,-5.81,-7.4,10.37,-3.21,7.57
16.28,26.11,7.17,-17.5,-25.76,-38.36,-27.61,-34.74,-20.6,-21.38,-3.05,-7.18,2.65
16.75,29.01,11.48,-10.2,-17.27,-27.91,-16.27,-17.72,-0.98,-2.29,10.54,0.98,6.52
16.6,23.01,6.66,-13.62,-23.96,-35.69,-23.63,-21.09,-4.67,-5.8,4.05,-1.9,4.88
16.21,33.07,14.38,-17.94,-24.25,-36.11,-14.18,-21.58,-3.56,-11.77,12.24,2.54,15.82
14.72,32.63,12.24,-13.65,-12.24,-21.89,-6.83,-15.57,3.94,2.0,18.55,6.95,12.32
14.6,26.38,8.89,-10.45,-15.33,-20.81,-10.89,-18.43,-9.59,-9.79,6.01,0.26,2.74
15.74,21.99,5.79,-7.77,-14.54,-20.43,-14.68,-14.88,-6.71,-4.65,2.42,0.33,1.01
16.58,36.48,20.98,-15.91,-20.97,-39.1,-9.82,-21.21,0.1,-16.01,12.18,3.66,24.83
16.14,32.12,17.37,-11.8,-15.19,-26.16,-8.61,-24.53,-9.21,-14.33,19.6,14.07,32.37
14.97,36.26,16.56,-14.79,-14.61,-24.17,-8.51,-27.14,-11.56,-15.63,10.65,0.16,10.85
14.46,35.79,14.32,-25.27,-19.42,-24.96,-2.32,-23.79,-12.44,-17.69,12.92,3.97,14.69
14.08,37.29,17.04,-24.69,-24.85,-25.38,1.42,-21.82,-16.04,-23.81,12.62,5.67,9.75
13.23,30.38,8.23,-23.75,-24.21,-27.23,-9.06,-27.25,-18.04,-20.39,2.96,-1.88,8.53
14.14,38.95,20.65,-22.04,-20.23,-26.04,-0.59,-26.2,-12.27,-15.44,16.03,6.42,16.09
14.4,28.5,10.04,-12.17,-13.66,-18.42,-10.34,-26.47,-23.03,-25.44,1.71,4.24,15.19
15.15,31.01,7.08,-21.0,-22.45,-31.83,-20.74,-36.67,-20.48,-23.97,0.89,-5.63,6.95
14.74,37.91,12.52,-28.1,-15.78,-21.4,-5.63,-38.59,-28.47,-37.08,1.79,-9.88,7.76
15.7,24.48,4.5,-18.89,-25.42,-29.69,-18.12,-27.87,-27.06,-30.47,-7.78,0.57,14.05
15.33,46.08,20.24,-27.38,-7.22,-13.76,6.37,-33.32,-20.31,-28.27,18.75,-0.27,17.55
14.52,29.01,8.49,-19.4,-25.37,-30.94,-16.41,-28.69,-24.62,-36.35,-16.86,-13.82,3.63
14.65,26.56,9.96,-8.28,-14.04,-18.74,-11.24,-20.4,-20.18,-26.26,-13.81,-7.67,6.87
14.41,34.0,15.88,-15.74,-15.4,-20.99,-7.92,-31.22,-28.32,-41.26,-8.5,-3.64,21.73
13.22,33.91,17.41,-13.22,-16.75,-16.14,-2.9,-22.79,-17.13,-22.83,9.01,11.92,14.57
14.06,26.95,5.44,-18.67,-21.36,-23.22,-12.0,-27.89,-25.99,-30.8,-7.97,-3.81,12.36
13.77,30.1,9.78,-14.6,-11.52,-16.67,-7.57,-33.59,-30.5,-35.04,-5.57,-0.51,16.06
13.07,36.28,29.02,-26.0,-30.91,-18.23,-3.31,-34.48,-32.25,-35.75,-0.55,-3.94,11.09
12.29,27.36,13.83,-8.27,-13.07,-18.99,-9.82,-17.2,-9.06,-7.85,7.77,12.12,19.29
10.93,26.32,15.45,-9.48,-14.96,-13.89,-2.87,-8.28,-19.84,-21.54,-8.58,7.6,12.73
10.09,25.67,23.03,-18.22,-30.39,-8.34,2.48,-14.86,-25.14,-22.4,5.57,15.53,8.62
9.79,17.49,6.28,-18.69,-24.99,-21.39,-14.81,-25.92,-36.98,-32.54,-22.99,-1.22,0.59
9.36,19.53,8.35,-15.1,-31.42,-18.58,-5.1,-17.61,-24.19,-20.81,-11.45,2.98,8.87
9.52,18.07,9.19,-19.3,-40.78,-13.9,-3.57,-17.39,-23.54,-19.69,1.46,9.08,2.4
9.23,21.11,10.66,-11.24,-25.32,-4.61,0.34,-17.31,-23.73,-22.67,-8.86,10.97,9.35
9.7,24.23,12.79,-6.78,-19.33,-5.98,3.42,-7.49,-10.34,-14.82,-3.08,2.69,4.85
12.85,26.21,10.99,-10.19,-15.87,-18.18,-7.02,-21.97,-21.2,-28.41,-12.71,-2.05,15.12
12.57,22.15,8.16,-2.35,-8.53,-14.71,-16.5,-22.87,-21.13,-16.17,-1.33,6.89,10.71
12.79,27.05,10.41,-10.46,-15.7,-18.78,-12.82,-24.72,-16.4,-16.86,-1.78,0.8,11.82
11.91,31.95,15.6,-30.34,-38.5,-21.0,1.34,-29.16,-26.81,-34.19,1.46,-4.37,7.11
11.07,30.98,19.67,-23.68,-34.48,-10.41,9.8,-18.78,-22.14,-29.75,-3.19,-5.29,7.99
10.8,22.83,6.94,-16.38,-18.22,-13.59,1.26,-12.96,-22.17,-28.81,-12.9,-6.59,5.94
9.33,17.8,8.07,-29.2,-38.53,-11.93,9.12,-14.13,-23.41,-29.41,-13.29,-8.48,-5.56
8.57,11.57,2.7,-32.5,-39.38,-17.85,-0.72,-6.33,-22.94,-29.19,-21.79,-6.39,1.76
10.6,25.07,18.62,-17.9,-19.78,-5.61,3.68,-10.99,-28.21,-27.41,-14.41,-7.95,0.89
10.5,26.29,23.96,-21.27,-29.38,-3.49,7.33,-14.2,-30.91,-23.08,-2.56,0.41,7.35
9.11,20.03,10.53,-18.93,-22.56,-4.65,11.03,-7.71,-21.63,-16.84,-2.07,7.86,16.29
8.49,15.76,3.98,-25.88,-23.21,0.61,4.48,-21.37,-32.13,-25.9,-5.84,-0.58,5.53
8.16,15.21,5.64,-21.26,-27.36,3.51,5.85,-15.97,-17.14,-11.26,8.28,14.33,7.26
7.98,12.95,2.98,-22.84,-30.41,0.72,12.99,-5.27,-25.57,-26.22,-5.26,-5.28,-1.65
8.31,14.49,4.64,-24.91,-37.53,-5.29,12.29,-11.67,-30.63,-20.36,5.79,-1.04,0.25
8.65,12.37,1.63,-35.4,-46.06,-10.54,12.2,-19.09,-34.04,-28.17,-4.56,-7.72,-9.53
8.15,9.97,-5.18,-30.38,-32.82,-10.66,5.43,-10.81,-25.06,-20.88,-7.39,-6.7,0.51
7.84,8.54,-6.83,-30.9,-25.64,-1.7,6.56,-6.56,-22.29,-15.49,6.32,6.81,9.45
8.16,10.65,-1.98,-32.01,-42.51,-8.97,7.71,-13.94,-25.72,-22.86,-1.24,2.71,3.03
8.29,10.75,-0.67,-24.91,-34.78,-7.95,14.66,-4.07,-16.48,-22.9,-10.51,-2.29,0.54
8.28,13.7,5.39,-22.81,-37.42,-2.1,22.73,8.81,-8.61,-15.54,3.31,8.96,5.19
8.46,11.56,-1.08,-28.68,-32.28,0.98,18.64,12.29,-0.48,-8.57,3.42,0.78,10.94
8.34,11.29,-1.9,-25.25,-27.16,2.91,12.49,6.46,-5.87,-16.19,-5.11,-3.27,6.23
8.61,11.11,-5.0,-25.84,-30.1,-9.47,4.58,-2.25,-7.76,-23.3,-14.28,-11.3,-0.42
8.26,9.56,-0.59,-28.65,-37.58,3.65,18.75,1.1,-14.89,-22.8,-9.82,-11.2,-2.4
8.5,14.03,6.8,-21.64,-37.29,-1.51,21.3,9.09,-14.3,-28.87,-6.78,-2.14,9.46
8.08,10.02,-0.49,-20.97,-28.78,-0.83,9.7,5.21,-6.29,-14.1,-9.84,-10.03,-0.25
7.85,7.53,4.93,-27.36,-41.89,-5.55,21.66,14.15,-6.24,-3.74,-0.61,11.02,9.67
7.86,10.54,8.56,-28.17,-33.73,7.24,28.58,5.56,-13.66,-8.69,-3.62,3.0,-12.03
7.73,9.3,1.64,-32.19,-29.19,0.36,14.69,10.02,-6.05,-1.7,3.96,3.1,5.24
8.03,11.93,4.35,-24.66,-24.12,5.91,23.97,12.42,-8.45,-10.11,-5.48,-7.1,-6.32
8.77,11.52,-3.61,-34.22,-24.62,9.21,20.85,1.61,-7.72,-11.57,2.11,-0.22,-0.43
7.98,10.93,3.71,-29.54,-26.42,8.61,19.92,-4.2,-14.87,-10.55,-7.37,4.26,0.45
7.82,8.54,-3.08,-34.1,-27.28,4.37,15.54,-4.98,-19.22,-13.59,-1.22,1.3,-2.37
7.43,8.91,5.21,-21.5,-19.03,13.42,31.2,7.03,-11.16,-3.19,2.53,0.73,-21.22
8.5,10.19,3.48,-35.42,-32.95,6.24,32.13,12.91,-11.54,-6.26,4.28,-0.76,-0.95
8.02,12.88,7.29,-28.0,-31.17,6.0,20.9,-6.9,-27.57,-16.5,0.93,-0.53,-4.3
7.64,12.79,9.25,-26.07,-30.54,0.17,9.44,-5.32,-12.95,-10.67,-0.59,5.15,-10.43
7.53,12.2,14.55,-21.14,-33.24,7.23,19.55,4.31,-14.38,-6.95,-5.55,6.27,1.75
8.46,11.34,5.64,-36.39,-40.48,-4.61,20.01,0.83,-21.64,-18.88,-7.81,-2.59,-3.07
8.49,12.7,7.4,-29.62,-31.42,5.79,23.93,6.63,-1.51,-12.61,-7.11,2.0,0.74
7.95,10.47,6.68,-28.36,-36.59,-0.9,21.52,4.16,-20.2,-14.24,-3.1,-1.1,-11.06
7.94,11.91,8.22,-22.94,-29.72,2.08,18.71,9.34,-9.18,-13.73,-13.46,-7.42,-8.81
8.16,15.02,6.16,-24.24,-28.46,-1.88,19.09,0.64,-14.72,-7.54,-2.24,-1.48,8.27
8.26,9.49,2.5,-32.16,-32.74,2.33,28.13,6.46,-15.19,-15.19,-5.5,-5.36,-7.81
8.68,14.47,6.56,-30.78,-35.7,-5.41,20.07,-2.63,-14.87,-19.28,-1.6,-2.14,-3.65
8.28,15.29,6.59,-25.85,-31.52,-3.67,12.49,-2.01,-10.6,-5.08,-1.46,1.05,-3.62
8.14,11.43,3.24,-30.58,-31.63,9.36,19.03,-4.49,-18.17,-24.29,-2.67,-2.02,-15.51
7.76,9.62,1.43,-27.2,-31.6,-1.42,10.39,-11.74,-29.39,-22.87,-0.83,3.12,-0.95
7.83,12.16,-1.33,-21.73,-21.63,3.97,10.77,0.71,-10.23,-14.56,-6.49,-3.5,-8.31
8.11,12.23,1.11,-23.92,-21.44,13.49,25.07,-3.29,-14.35,-14.67,-1.84,-2.78,-1.93
7.81,9.77,0.93,-25.99,-32.66,3.32,24.11,0.42,-11.65,-10.71,3.8,10.66,9.03
8.2,12.21,-2.23,-27.23,-30.05,-4.61,8.52,-10.68,-18.76,-16.13,-8.14,-6.85,-7.3
7.89,12.99,1.42,-21.51,-25.4,3.27,17.22,4.73,-2.94,-2.11,-0.15,1.14,-0.23
7.75,8.03,-0.32,-24.91,-29.41,8.81,23.89,13.23,-10.63,-17.6,3.06,9.29,13.63
7.94,7.88,-4.88,-27.07,-32.91,-3.98,10.54,0.4,-11.66,-13.35,-2.16,0.7,6.81
8.04,10.8,-0.27,-29.14,-32.74,4.14,30.55,8.91,-7.4,-10.75,6.33,2.27,-6.12
7.97,9.94,-0.93,-28.15,-29.23,11.22,26.97,1.48,-13.08,-20.8,-4.45,-0.58,-9.17
7.78,7.54,-9.68,-27.76,-18.72,5.09,12.1,-9.35,-15.08,-8.57,0.59,1.3,3.14
8.03,7.26,-0.37,-39.73,-29.11,5.63,20.08,-0.91,-19.15,-8.67,-1.21,5.63,8.14
7.64,9.18,3.36,-27.24,-32.42,1.07,16.67,-2.34,-19.21,-13.23,-5.7,5.24,2.99
7.45,7.76,2.15,-30.9,-33.9,2.68,20.34,-3.17,-18.65,-3.74,4.54,2.82,-8.59
7.61,5.92,0.81,-31.51,-40.06,-3.7,7.83,-3.07,-24.0,-21.7,-14.18,-8.87,-7.42
8.0,12.24,7.61,-29.03,-30.13,8.61,28.17,-2.87,-25.02,-14.21,5.36,6.37,0.12
7.46,7.71,3.03,-25.83,-24.86,12.37,21.34,1.91,-23.89,-18.93,-0.67,4.95,-2.57
7.36,9.82,5.51,-22.81,-26.37,7.59,19.36,-2.2,-22.45,-16.16,2.1,0.09,-4.71
7.44,9.37,2.05,-20.69,-29.47,3.82,15.46,9.5,-2.75,-7.87,-1.86,3.36,-2.36
8.22,12.73,5.5,-27.11,-25.12,9.65,28.0,-3.5,-21.56,-16.22,4.62,4.43,-5.8
8.05,10.08,-0.3,-31.13,-27.38,7.56,22.8,1.2,-8.5,-12.66,-10.4,-3.15,1.82
7.92,9.06,-3.02,-29.62,-25.29,7.44,24.01,2.58,-13.59,-14.72,3.95,12.42,4.94
7.91,10.54,1.95,-27.33,-35.83,3.41,26.54,5.59,-5.94,-2.44,3.09,4.34,-7.17
7.65,8.96,2.88,-20.62,-27.55,8.44,34.77,7.04,-16.99,-15.18,4.61,7.61,-11.66
7.66,7.5,-1.58,-27.37,-32.68,6.23,24.44,4.99,-7.78,-2.68,5.68,11.59,6.18
7.95,11.16,-0.12,-28.88,-31.44,4.36,28.86,4.06,-9.8,-2.87,15.04,13.62,3.55
8.03,10.62,-0.68,-27.89,-28.87,4.58,17.63,-1.44,-6.17,-6.76,-4.46,3.39,-0.85
8.31,10.8,-2.21,-35.41,-23.88,5.87,16.46,-10.39,-16.81,-16.58,-3.51,6.74,8.02
8.21,5.58,-12.37,-32.5,-16.4,1.68,5.13,-9.37,-9.93,-6.06,13.13,14.97,8.46
7.8,7.54,-5.51,-27.33,-16.04,8.56,15.21,3.32,-7.79,-13.38,-1.24,3.9,-2.73
8.18,11.62,-2.91,-32.28,-24.64,-3.74,6.4,-8.41,-16.92,-8.37,-1.56,-8.31,-5.9
8.31,12.17,3.23,-28.67,-26.79,5.05,21.9,7.13,-6.2,-16.77,-4.3,0.29,0.15
8.33,12.84,1.82,-28.53,-38.87,0.91,21.72,-4.89,-18.32,-16.84,3.88,5.87,4.6
7.75,13.4,-0.9,-18.0,-27.33,-8.88,4.41,-0.34,-10.24,-0.61,2.02,-6.47,0.18
8.09,12.49,-4.21,-23.5,-24.47,-4.52,12.42,-6.51,-12.32,-12.94,-3.37,-0.05,-0.75
8.03,12.13,-0.66,-27.33,-25.95,11.34,18.58,-3.87,-13.26,-19.16,3.62,-1.98,1.77
7.55,8.44,0.05,-21.83,-27.09,6.84,18.83,7.62,-9.73,-14.66,17.03,21.44,20.81
8.14,14.59,9.04,-21.76,-17.73,15.89,27.45,3.86,-14.57,-17.24,-1.56,4.62,3.41
