1.92,-39.72,-20.92,-11.4,-16.12,-10.52,-17.79,-7.57,-6.26,4.41,-5.17,-0.69,-4.4
2.32,-29.02,-4.16,6.4,-3.56,0.44,-11.79,-0.47,-3.42,4.54,-4.19,2.33,1.67
2.05,-42.89,-21.86,-10.41,-15.7,-2.72,-12.71,-7.77,-18.27,-6.63,-5.64,4.14,-3.9
2.74,-42.9,-17.84,-2.72,-9.52,2.44,-6.76,7.76,-3.43,-0.67,-6.34,-4.63,-11.9
7.02,8.57,4.65,-28.92,-27.07,11.86,28.35,2.5,-20.64,-11.61,13.85,12.81,-4.66
6.7,-0.88,-3.07,-29.78,-30.36,10.78,14.73,-12.67,-30.61,-21.24,0.86,7.23,-5.59
14.64,41.71,23.42,-16.51,-11.0,-2.35,25.3,-7.21,-7.32,-24.15,5.93,-6.17,1.39
16.25,41.09,18.67,-9.44,0.65,0.83,18.79,-8.77,-4.95,-19.76,1.31,-8.12,4.18
16.36,57.26,34.56,-34.46,-11.86,0.39,45.58,-19.89,-14.68,-24.45,24.72,-15.55,8.33
16.54,33.04,13.92,-9.09,-6.41,-4.38,10.29,-8.96,-14.39,-26.49,-5.55,-3.16,10.51
17.82,34.84,18.85,-3.81,-0.75,3.52,18.53,-6.62,-15.04,-28.26,-3.49,-1.57,10.15
17.89,45.52,22.67,-20.79,-12.14,-13.67,16.68,-21.4,-20.71,-48.13,-11.9,-23.31,6.25
17.44,36.43,19.63,-7.9,-9.02,-8.11,11.39,-9.28,-9.58,-20.44,7.24,7.17,18.62
17.49,35.91,19.37,-9.63,-5.29,1.54,24.93,0.36,-3.95,-14.97,13.67,6.68,8.19
17.67,45.63,22.11,-19.92,-9.6,-7.95,19.71,-19.73,-15.06,-34.76,0.08,-16.6,3.96
17.95,44.13,19.21,-18.18,-10.29,-11.62,13.32,-17.45,-8.25,-26.31,8.1,-7.44,9.28
17.23,40.57,21.54,-12.94,-6.24,-2.72,23.66,-7.9,-10.9,-32.62,-3.54,-7.68,15.36
16.81,33.86,16.39,-4.29,-3.15,-0.77,17.89,6.94,6.3,-7.23,5.13,0.59,8.16
17.7,33.04,14.53,-8.79,-4.95,-2.7,14.35,-5.21,-6.22,-18.11,1.68,-1.92,8.33
17.97,37.4,19.28,-6.94,-1.23,-0.57,13.56,-12.26,-8.13,-13.8,12.93,4.24,10.51
18.41,60.43,25.0,-28.91,8.63,-5.84,30.32,-27.64,0.19,-20.05,31.67,-6.25,10.66
18.15,36.31,14.74,-5.89,2.63,4.46,15.23,-5.49,0.82,-3.32,17.25,5.29,10.32
18.32,33.7,16.13,-6.68,-4.16,-1.29,15.15,-2.79,-3.42,-10.84,11.77,8.9,13.85
18.02,47.72,21.41,-19.06,-0.51,-1.41,20.86,-23.32,-11.15,-26.03,11.75,-10.37,4.07
18.7,53.78,26.06,-18.93,1.11,-7.2,24.48,-16.98,3.37,-16.51,14.0,-8.57,10.33
18.62,41.69,24.98,-8.25,-4.93,-3.89,18.92,-8.89,-10.04,-24.21,5.39,-1.47,9.81
18.8,29.57,9.93,-11.19,-10.16,-11.39,-0.79,-16.91,-16.91,-26.88,-14.37,-17.12,-6.85
19.02,29.62,10.26,-6.46,-6.38,-4.3,6.64,-1.18,0.37,-6.22,3.39,0.42,7.19
18.86,38.77,18.87,-11.84,-7.0,-4.35,21.38,0.47,2.19,-14.34,9.95,2.4,13.29
18.37,31.7,15.55,-4.0,-4.84,-4.41,10.76,-1.96,-4.61,-17.96,-8.03,-10.9,-2.03
18.04,34.03,13.25,-9.77,0.95,1.67,12.11,-16.32,-14.07,-20.98,2.17,-5.5,2.66
18.75,31.55,14.21,-1.52,4.67,9.85,23.84,6.66,-0.6,-15.35,-3.69,-5.37,3.45
18.51,29.25,14.22,-0.8,0.32,4.06,18.55,8.36,1.05,-15.01,-7.69,-5.76,7.11
18.59,38.02,15.81,-15.31,-4.45,0.37,22.76,-6.58,-3.89,-20.85,7.48,-1.46,12.07
18.53,51.89,25.38,-25.16,-2.81,8.24,35.45,-19.45,-7.97,-24.61,17.75,-12.7,11.38
18.52,29.63,12.28,-5.63,-3.56,-0.7,12.04,-2.21,-3.11,-10.76,3.1,-1.18,2.65
18.9,32.02,17.62,-3.84,-8.87,-8.73,11.02,2.34,-0.11,-14.46,1.4,7.58,23.04
19.12,35.98,16.56,-4.04,-0.31,-0.1,13.9,-0.56,3.94,-4.81,9.5,-0.0,7.05
18.2,37.99,20.5,-9.7,-8.2,-4.93,15.95,-11.25,-14.63,-26.03,5.6,-0.2,10.03
18.68,34.17,18.01,-5.34,-4.04,-4.22,8.86,-16.03,-19.23,-25.52,2.71,1.68,5.76
18.9,25.71,9.98,-1.39,-0.5,-1.4,2.55,-8.6,-9.21,-11.81,-3.14,-4.93,-2.11
18.24,28.46,10.48,-2.44,1.76,4.81,12.27,-0.71,-2.53,-7.49,4.75,3.2,8.05
17.91,38.23,22.2,-6.12,-8.4,-8.53,12.72,-4.72,-5.92,-21.14,3.4,2.15,14.01
17.87,26.92,12.63,0.19,-0.3,-1.92,6.68,-2.0,-3.25,-11.27,0.93,7.73,20.25
17.95,43.3,20.47,-18.41,-7.62,-2.97,21.68,-15.56,-9.1,-18.68,19.36,1.15,9.18
18.42,34.08,17.48,-1.33,-2.72,-3.25,7.07,-4.31,-3.4,-9.34,4.27,1.27,5.92
18.78,36.58,21.29,-4.07,-8.08,-15.95,0.17,-14.08,-7.35,-15.53,7.18,4.62,18.82
18.89,38.16,21.45,-6.24,-5.71,-9.14,6.69,-15.24,-14.63,-25.11,-0.79,-4.33,5.6
18.56,27.61,14.18,0.43,-6.86,-9.35,2.23,2.04,1.79,-7.35,-2.95,0.64,10.59
18.59,54.21,27.38,-21.31,1.78,-2.85,36.33,-16.1,-1.71,-19.16,20.3,-0.55,23.12
18.57,32.48,15.51,-5.08,-4.8,-5.44,6.65,-9.92,-11.3,-20.77,-2.59,0.93,14.16
18.98,34.2,16.04,-1.37,3.76,4.96,12.43,-8.73,-10.0,-15.66,2.82,-2.55,1.34
19.32,56.52,24.67,-12.23,17.06,-18.14,26.57,-21.47,-3.53,-26.38,3.08,-6.09,14.56
19.17,33.62,18.69,0.36,1.06,2.49,15.76,-0.55,-6.8,-19.42,-3.41,-1.37,8.1
17.85,48.24,25.43,-14.5,-0.56,-0.65,29.28,-10.04,-6.63,-28.05,4.62,-11.24,9.73
17.98,50.41,17.57,-25.62,5.78,-6.01,29.23,-18.29,-1.74,-27.8,11.05,-8.74,8.62
18.46,41.49,18.56,-14.82,-2.58,-1.14,19.86,-12.35,-5.97,-17.27,14.6,1.09,14.38
18.25,52.39,28.93,-24.56,-8.55,-6.85,30.76,-14.76,-5.01,-23.69,16.63,-7.76,9.75
18.48,35.34,19.53,-2.1,0.23,1.48,17.08,-2.26,-8.01,-24.25,-5.86,-3.8,12.78
18.46,28.33,13.05,3.62,3.55,3.14,4.58,-4.94,-6.0,-7.61,0.13,1.0,5.99
18.14,55.29,25.54,-18.75,4.93,-9.51,31.24,-12.48,6.81,-15.49,16.57,-0.21,21.0
17.96,45.03,26.84,-12.74,-3.97,0.46,23.52,-13.85,-8.25,-21.28,11.48,-2.07,9.03
18.63,53.32,28.61,-19.61,-3.59,-3.32,34.02,-10.05,-2.04,-24.14,19.13,-3.58,13.77
18.42,44.26,18.53,-19.8,-6.69,-5.19,21.37,-15.57,-6.31,-29.91,3.39,-15.0,3.94
18.5,35.36,17.68,-7.97,-10.17,-12.96,3.91,-8.79,-4.71,-15.61,1.1,-3.54,6.55
18.61,44.21,27.13,-13.74,-12.89,-13.93,17.93,-7.56,-3.55,-20.24,13.86,1.34,11.3
18.98,50.89,27.38,-17.96,-5.38,-7.83,27.63,-8.61,3.77,-13.56,24.55,0.3,21.21
18.0,44.61,23.84,-14.32,-5.19,-2.18,26.63,-3.36,3.89,-13.12,16.87,-0.7,8.32
17.87,23.77,8.7,-1.27,-3.09,-6.22,-4.45,-11.72,-9.01,-5.84,5.33,6.28,6.67
17.7,57.32,35.13,-33.79,-5.24,4.52,29.87,-33.4,-6.89,-3.18,31.74,-6.27,15.09
18.23,46.84,24.16,-13.63,-1.69,-8.8,17.43,-14.77,-4.91,-20.16,16.8,4.66,22.05
18.11,30.9,15.32,-5.18,-7.46,-6.22,9.58,-2.23,-3.97,-10.29,9.38,11.62,15.94
18.27,33.37,18.72,-2.32,-7.48,-8.0,8.76,1.52,3.2,-5.02,9.88,9.54,16.55
18.67,34.77,18.33,2.14,2.36,1.87,10.74,-2.15,-3.7,-12.92,-1.53,-3.24,6.12
18.2,32.79,19.43,1.62,-3.44,-7.49,1.7,-11.4,-13.87,-22.72,-8.34,-4.5,8.03
17.99,34.07,20.59,2.43,-2.38,-7.03,4.91,-6.43,-10.33,-23.93,-8.53,-0.5,15.91
17.94,35.66,18.42,-4.23,-1.01,0.62,13.99,-7.57,-8.28,-14.67,8.88,3.87,9.55
18.64,38.72,22.96,-7.67,-6.09,-3.68,17.61,-7.57,-11.03,-22.04,10.83,10.3,18.86
17.5,45.73,21.22,-21.41,-7.78,-7.76,17.03,-19.95,-8.41,-21.97,16.93,4.86,20.73
18.07,41.09,19.57,-13.66,-4.06,-0.19,23.6,-7.34,-0.23,-12.39,21.45,11.26,22.51
18.15,43.22,23.22,-11.25,-4.57,-5.01,16.69,-14.89,-6.78,-16.63,19.17,8.91,20.05
18.06,32.22,16.38,-3.98,-3.28,-3.05,9.23,-8.2,-7.88,-12.64,9.63,9.66,16.65
18.03,41.49,20.57,-14.81,-9.68,-7.01,20.59,-2.88,4.09,-8.73,22.16,9.82,21.88
18.27,30.24,16.83,-0.69,-4.55,-7.83,4.96,-6.69,-8.75,-18.4,-0.11,8.19,24.04
17.77,27.91,11.43,-3.86,1.08,3.2,11.44,-7.63,-10.36,-13.37,8.64,12.09,16.0
17.49,34.16,11.61,-15.61,-7.62,-7.86,4.27,-26.95,-24.38,-30.37,2.22,-3.48,7.19
17.5,49.94,23.27,-18.41,1.22,-3.15,23.88,-14.87,-0.23,-15.77,17.2,0.92,21.23
17.99,41.71,20.37,-14.09,-3.8,0.0,22.71,-10.19,-6.12,-18.07,14.91,2.54,14.34
17.48,30.87,12.79,-3.65,3.64,3.95,10.82,-10.17,-9.89,-12.51,5.97,2.63,6.25
18.13,38.92,19.49,-13.88,-6.46,-6.96,8.86,-28.11,-26.34,-31.92,5.17,-4.46,2.61
18.18,32.03,13.43,-9.08,-7.52,-7.03,5.79,-12.99,-16.13,-29.37,-14.65,-16.73,-3.27
18.54,26.6,11.32,-3.6,-10.52,-13.21,-4.97,-8.9,-10.93,-18.99,-15.36,-14.21,-6.18
18.18,30.25,15.5,2.22,1.56,-1.08,4.1,-7.48,-9.87,-16.46,-6.26,-4.93,3.38
18.5,29.92,12.49,-3.33,-5.25,-6.14,1.18,-8.54,-6.78,-7.54,5.14,3.7,6.83
18.41,45.7,14.38,-30.14,-9.6,-17.98,8.5,-32.81,-12.19,-23.43,20.25,-2.82,12.91
17.75,54.16,25.07,-29.81,-3.01,3.06,36.92,-22.15,-5.33,-19.77,33.68,-1.11,19.76
17.78,35.6,15.72,-7.6,-0.03,-5.02,3.86,-21.0,-16.22,-20.65,6.53,2.59,12.55
18.4,36.13,13.71,-8.5,-3.43,-4.8,6.21,-11.35,-1.18,-2.49,19.91,10.35,19.71
18.61,29.66,13.77,-4.69,-8.36,-10.96,-2.02,-14.65,-13.47,-15.18,4.61,6.84,11.93
18.2,28.36,12.28,1.9,0.76,-0.16,1.73,-6.04,-5.03,-4.67,1.5,-1.9,-1.21
18.13,34.75,17.88,-8.21,-9.63,-7.76,13.75,-1.38,-1.31,-13.73,6.54,2.24,9.83
18.12,35.0,15.88,-13.01,-12.26,-12.81,6.06,-13.17,-8.27,-15.62,12.77,9.3,18.35
18.4,46.78,22.87,-14.09,-1.64,-6.5,18.46,-12.92,-2.05,-19.22,9.88,-5.03,15.16
18.49,32.42,18.13,-2.82,-9.8,-13.29,2.3,-4.7,-4.52,-16.52,-4.44,-2.8,8.13
17.72,59.92,17.45,-35.85,11.53,-13.51,34.08,-33.01,-4.2,-26.71,18.19,-10.83,12.83
18.23,40.1,20.04,-10.61,-6.01,-5.19,16.25,-8.22,-5.38,-17.09,13.71,9.38,22.44
18.11,37.24,21.76,0.3,1.13,-1.53,12.74,-5.76,-7.58,-22.03,-6.96,-5.89,11.01
16.87,28.52,13.3,-0.58,-2.05,1.13,12.95,8.42,4.07,-5.76,-1.15,0.57,7.68
14.83,28.61,9.15,-9.25,-0.83,4.62,18.15,-0.86,-2.45,-13.79,-0.39,-1.28,12.51
17.52,34.46,14.64,-13.17,-6.84,-3.62,18.18,-5.19,-6.37,-21.57,5.93,8.06,28.57
17.41,34.05,15.61,-3.93,4.78,8.21,20.63,-1.3,-2.01,-10.82,6.58,-1.21,2.68
17.67,29.51,11.62,-8.64,-5.08,-3.18,10.96,-7.38,-11.96,-25.84,-8.33,-6.25,8.61
18.35,35.03,19.39,-1.11,-2.01,-0.48,16.68,7.05,7.95,-2.53,11.74,8.95,16.86
18.12,28.26,14.86,8.68,10.61,10.88,10.72,1.04,0.84,3.29,13.56,14.85,16.01
16.36,36.02,19.81,-3.2,3.0,8.7,26.7,9.13,6.61,-0.05,20.8,16.34,24.4
17.24,25.69,13.23,5.76,2.55,-3.07,-4.04,-8.74,-1.19,4.88,9.56,-0.1,-5.59
17.72,37.34,15.1,-15.12,-5.91,-4.17,14.2,-13.03,-8.31,-22.96,-1.14,-15.44,-5.64
17.91,53.07,31.25,-20.08,0.66,11.81,46.16,-11.77,-3.34,-12.8,26.34,-4.96,9.87
18.07,44.27,22.22,-10.42,6.21,10.82,32.2,-5.73,-2.43,-19.48,10.88,-0.57,17.22
18.61,38.32,16.83,-6.03,3.3,6.46,24.42,3.35,6.24,-4.14,18.18,9.75,22.06
18.5,46.93,25.93,-10.05,1.4,0.56,24.05,-10.16,-5.76,-18.85,15.87,1.98,17.96
18.71,62.66,24.21,-30.91,15.07,0.35,43.15,-35.49,-11.71,-27.92,24.16,-14.59,16.83
18.69,33.51,16.75,-1.0,9.18,10.9,21.47,-4.99,-8.33,-17.67,4.44,4.25,16.28
17.81,27.26,4.49,-10.07,-5.23,-1.68,2.77,-12.2,-10.92,-12.92,0.36,-2.19,6.55
18.81,36.56,20.38,0.29,4.25,4.67,15.02,-6.85,-7.99,-14.33,7.3,4.92,12.43
18.33,37.76,17.03,-8.67,2.46,7.83,25.56,-3.27,-2.03,-13.56,13.1,3.17,14.32
18.78,36.49,20.57,-0.66,2.18,4.08,17.29,-2.98,-5.95,-15.84,6.35,4.37,10.94
18.58,51.57,26.63,-21.24,-6.19,-19.39,16.7,-24.23,-14.31,-32.82,-1.49,-20.02,2.33
17.99,41.38,21.21,-11.24,-3.28,0.14,23.37,-6.6,-6.34,-21.71,7.08,-2.72,10.42
18.11,38.13,18.31,-4.19,2.54,2.45,14.9,-4.44,1.6,-5.19,14.36,5.61,13.91
17.71,25.07,7.46,-6.78,0.44,5.63,15.42,-3.2,-6.94,-10.85,10.52,15.49,22.89
17.64,27.87,8.91,-5.34,-0.81,1.81,7.17,-10.91,-14.1,-18.67,-4.38,-5.97,0.79
18.11,31.19,17.11,0.14,-3.69,-2.71,12.37,6.26,3.96,-6.2,4.41,7.59,16.96
17.66,43.75,22.43,-14.22,-3.25,-0.32,25.29,-5.82,-1.34,-19.69,13.57,1.09,15.79
18.35,28.37,12.84,-0.44,-1.33,-1.8,8.28,3.51,5.04,-1.82,2.87,0.87,6.91
18.41,30.08,16.05,2.46,4.22,4.99,11.4,-5.26,-9.73,-14.12,2.92,5.15,9.12
18.62,38.51,23.97,-0.59,-0.88,0.59,18.26,-3.48,-9.92,-23.6,0.49,1.41,13.96
18.51,42.57,22.15,-9.02,-3.51,-2.91,17.06,-9.08,-4.58,-16.05,12.47,3.08,18.78
18.04,22.25,8.41,2.81,5.99,8.11,10.15,0.24,-2.92,-2.72,6.34,8.7,10.56
18.31,39.5,16.87,-12.0,2.56,7.24,27.87,-6.22,-7.56,-27.01,-2.39,-15.88,-2.49
18.68,35.32,16.0,-7.09,5.9,11.37,25.16,-6.94,-10.4,-22.26,3.2,-2.61,11.5
17.64,33.24,11.61,-10.8,-4.0,-0.22,13.46,-6.77,-7.03,-16.31,4.69,-0.04,9.45
18.71,61.39,27.38,-26.2,10.42,1.31,44.56,-17.13,4.64,-20.34,19.54,-14.54,9.21
18.42,23.07,6.8,-1.51,-1.87,0.42,2.12,-7.48,-14.7,-17.93,-10.88,-5.46,-1.68
18.01,61.96,32.23,-33.15,-5.3,0.79,56.2,-27.69,-14.58,-28.71,30.8,-9.38,18.61
17.8,50.75,21.9,-21.82,2.13,-9.61,30.27,-10.18,-0.24,-31.36,8.27,-4.84,24.78
17.68,30.65,14.25,-5.66,-3.25,-0.2,14.67,-4.87,-12.78,-27.96,-9.02,-2.91,12.11
18.25,32.57,16.67,-6.09,-7.09,-7.76,6.1,-13.94,-21.09,-34.08,-14.11,-9.58,5.15
18.47,31.63,17.69,4.5,8.67,7.31,10.83,-11.99,-21.29,-32.44,-16.93,-13.73,-1.41
18.54,32.8,17.38,2.76,5.19,7.2,15.51,-1.69,-5.72,-11.08,5.51,5.78,10.92
18.73,40.37,22.38,-7.19,-1.47,1.93,22.45,-6.37,-6.65,-16.08,16.22,10.89,20.51
17.99,32.81,15.79,-5.41,-5.52,-7.18,4.53,-13.16,-12.97,-18.83,3.11,4.33,12.58
17.83,35.3,20.38,-1.18,-1.78,1.09,18.3,2.95,-2.05,-15.75,0.79,-1.98,2.77
17.74,30.74,11.85,-8.16,-5.62,-3.15,9.83,-5.97,-8.43,-20.17,-4.98,-5.6,6.56
17.51,28.52,8.97,-9.65,-2.01,0.54,11.71,-8.37,-8.98,-15.16,5.47,6.87,16.85
16.85,31.98,15.66,-4.69,-1.45,0.49,16.95,2.07,1.62,-9.41,6.55,4.81,12.55
17.67,32.06,13.98,-4.3,-1.26,-3.9,3.37,-13.17,-10.37,-14.5,2.24,1.48,10.82
18.45,34.91,18.13,-3.46,-1.29,-0.45,12.55,-7.24,-9.25,-16.47,7.41,8.15,16.37
17.62,40.08,20.75,-11.06,-6.31,-5.47,18.49,-5.9,-6.95,-23.26,3.08,-3.18,10.48
17.5,35.97,19.89,-7.25,-4.79,-0.52,20.39,-3.26,-9.87,-23.22,4.36,3.48,9.67
17.84,33.19,15.21,-3.87,1.73,1.5,11.17,-8.85,-9.55,-17.32,2.43,3.13,14.47
17.61,23.11,7.8,-0.87,-3.6,-1.76,4.72,3.96,2.94,1.17,5.09,7.81,9.72
18.03,23.95,7.62,-3.21,2.65,4.88,10.0,-5.85,-8.46,-10.57,5.96,9.98,15.58
18.03,34.96,11.14,-13.73,-0.24,-0.98,8.11,-27.25,-22.36,-27.41,9.64,4.16,19.01
18.25,40.01,17.84,-13.12,-3.97,-7.3,12.09,-13.37,-5.81,-16.02,14.8,7.4,21.76
17.68,26.41,10.5,-2.38,-4.22,-7.16,-4.7,-16.28,-15.93,-15.32,-1.3,-0.21,3.23
18.18,44.81,23.31,-16.37,-9.16,-6.48,22.49,-12.25,-5.54,-18.83,17.92,3.15,18.09
18.62,27.53,12.7,0.43,-1.39,1.62,11.25,5.34,1.02,-5.38,0.9,2.15,5.32
18.28,44.35,25.24,-3.76,3.84,-2.35,14.74,-9.1,-1.79,-16.08,6.14,-6.79,8.51
17.35,27.14,10.84,-0.36,0.73,2.2,7.25,-5.07,-9.32,-15.34,-5.62,-3.68,5.32
18.26,34.4,18.31,-4.22,-3.53,-1.56,13.96,-4.53,-4.83,-10.81,13.32,12.18,17.14
18.39,35.13,17.97,-7.52,-4.38,-0.61,22.12,6.25,5.51,-12.85,2.89,-0.24,14.31
18.49,43.12,19.03,-18.43,1.12,7.65,38.26,1.82,4.98,-19.85,18.26,5.14,23.4
18.3,33.31,12.87,-12.62,-5.86,-0.53,20.03,1.21,2.11,-9.98,11.94,9.62,25.54
18.18,39.36,19.2,-8.91,-3.49,-7.67,8.1,-13.45,-3.08,-9.26,15.79,3.58,8.87
17.9,37.33,19.75,-6.16,-6.43,-7.03,13.43,-0.38,3.12,-8.56,11.67,6.46,13.03
17.54,30.8,14.29,-3.56,-4.87,-6.09,5.67,-2.82,0.34,-5.56,7.18,7.79,15.85
18.28,59.42,28.46,-22.11,4.51,-6.07,38.76,-17.98,-0.32,-22.09,20.74,-4.71,20.72
17.99,32.26,16.1,-1.1,-0.07,-0.22,10.16,-2.22,0.25,-2.58,14.02,10.42,11.46
18.3,36.39,20.86,-6.7,-6.93,-6.19,14.91,-5.29,-10.0,-25.94,-0.48,4.5,21.23
18.52,29.45,16.21,5.0,4.07,2.73,6.09,-6.89,-10.45,-12.66,1.25,3.82,5.71
17.98,35.02,16.0,-15.84,-7.83,-4.18,18.04,-10.55,-8.33,-17.08,17.76,14.56,25.9
18.19,56.67,22.79,-21.11,8.46,-15.69,32.82,-14.4,9.42,-13.51,17.53,2.93,22.61
18.04,32.52,15.91,-6.33,-6.62,-4.16,14.86,2.57,1.86,-10.04,5.96,3.57,10.93
18.25,32.47,14.65,-3.09,0.72,0.39,9.93,-3.93,0.03,-3.67,10.15,5.35,10.69
18.53,51.17,24.22,-22.75,-1.11,2.88,34.01,-13.58,-4.16,-29.46,14.7,-9.64,9.3
18.59,39.32,17.37,-11.89,-0.12,-2.95,13.35,-17.96,-14.94,-29.65,-0.76,-6.31,7.7
18.8,39.25,21.82,-14.19,-10.04,-6.19,21.87,-7.01,-9.29,-22.69,12.36,9.38,19.95
17.58,28.57,10.78,-7.69,-5.36,-7.12,0.33,-17.87,-14.68,-12.53,14.38,18.47,24.03
17.98,48.5,22.06,-15.09,4.56,-4.55,19.78,-18.83,-9.83,-29.4,9.67,-2.87,18.69
17.86,33.36,16.04,-9.75,-11.66,-10.69,8.63,-7.32,-8.12,-17.06,8.41,11.07,22.75
17.37,49.45,22.49,-20.68,2.18,-4.07,21.98,-22.33,-8.37,-21.53,17.16,-1.54,13.18
17.91,58.62,24.28,-27.64,6.51,-7.19,33.62,-20.11,1.56,-19.41,22.69,-4.3,13.29
18.61,43.72,19.82,-11.23,0.87,3.27,23.37,-10.28,-7.13,-23.61,7.05,-5.6,12.52
17.98,32.28,17.97,-1.65,-7.34,-8.34,7.43,-0.72,-2.29,-12.61,1.76,4.46,12.55
18.22,55.7,25.51,-28.62,-1.71,-3.52,29.32,-30.1,-10.73,-26.38,19.82,-8.4,11.13
18.29,50.04,15.06,-33.13,10.03,3.19,33.53,-38.72,-20.33,-39.93,17.97,-5.36,21.83
18.22,55.15,37.05,-26.71,-10.11,4.28,45.12,-29.53,-26.39,-27.64,27.46,-6.41,8.75
18.08,31.01,14.38,-4.79,-1.87,0.21,13.53,-3.25,-4.25,-10.75,11.14,13.53,21.95
18.01,32.12,11.65,-13.0,-6.42,-1.47,17.23,-5.13,-4.96,-14.57,12.11,9.86,21.21
18.66,58.45,30.78,-24.34,-3.35,-6.73,36.46,-20.22,-5.26,-23.48,27.48,-3.99,17.45
18.73,49.72,25.81,-21.46,-2.05,2.95,36.06,-10.72,-5.83,-25.06,14.72,-10.5,4.76
17.65,39.47,22.56,-6.21,-3.03,-0.47,17.87,-7.05,-3.61,-10.99,18.04,7.94,10.54
18.05,34.71,19.37,2.87,-0.14,-3.56,5.2,-2.88,0.68,-5.4,2.21,-4.8,-0.84
17.6,26.89,13.68,4.14,1.17,-1.7,1.77,-5.02,-5.79,-8.08,-0.46,1.63,6.44
17.66,44.96,17.64,-19.57,-2.64,-6.19,19.37,-16.18,-0.76,-13.58,24.94,6.75,18.49
17.74,31.33,12.86,-4.84,-0.35,-4.59,1.7,-15.23,-9.15,-9.06,11.62,11.15,18.49
18.04,50.08,26.56,-14.56,-1.29,-3.6,23.68,-18.1,-6.88,-21.88,16.16,2.3,22.25
18.17,36.34,22.23,-1.05,-2.42,-2.46,15.83,-1.89,-7.9,-23.25,-1.41,1.94,13.73
17.89,43.81,20.58,-17.67,-6.74,-4.98,21.94,-9.66,-4.35,-22.76,14.49,2.28,21.0
17.49,29.01,11.99,-8.1,-10.56,-10.41,3.22,-8.46,-10.15,-18.38,-0.64,3.77,13.78
17.82,32.2,12.04,-13.1,-10.32,-7.69,11.36,-8.38,-10.43,-21.56,4.59,6.17,19.71
18.17,61.73,21.09,-36.45,7.63,-11.95,42.24,-21.17,11.23,-11.84,33.64,5.57,33.23
18.27,46.02,24.62,-22.04,-5.35,-1.83,27.86,-18.52,-10.36,-23.91,18.14,8.77,33.17
17.94,30.44,12.05,-8.71,-7.88,-8.75,3.87,-12.48,-14.31,-23.88,-6.04,-2.77,10.26
17.74,52.27,33.3,-27.86,-16.05,-3.34,41.92,-18.36,-19.31,-25.21,26.09,-5.38,11.29
18.38,60.27,21.67,-42.51,-1.58,-11.54,34.34,-37.44,-10.23,-28.92,29.26,-7.05,36.12
18.47,25.3,8.67,-10.31,-15.19,-19.29,-9.91,-21.07,-20.49,-26.38,-11.4,-11.3,-5.5
18.25,37.71,19.25,-9.25,-8.21,-13.18,5.22,-15.92,-11.35,-22.66,3.45,-0.06,11.49
17.82,55.59,28.08,-27.09,-10.18,-13.19,25.84,-24.63,-7.04,-32.87,17.53,-6.65,15.94
18.31,39.91,22.17,-12.74,-14.52,-14.04,14.08,-9.09,-10.57,-29.41,0.46,-1.91,15.2
17.85,31.49,15.11,-4.1,-4.99,-5.38,6.84,-6.87,-9.01,-17.68,1.64,6.03,18.96
17.2,32.88,16.43,-2.64,-0.37,2.7,16.29,0.51,-3.33,-14.15,-0.88,-2.18,6.07
18.28,61.76,32.15,-20.69,4.8,-0.47,38.94,-28.44,-11.85,-22.05,22.39,-15.52,12.95
17.81,33.36,18.21,-0.91,-2.19,0.76,14.69,0.39,-2.74,-10.15,5.57,1.87,5.51
17.63,49.49,24.43,-20.2,-6.25,-5.51,24.36,-17.92,-8.79,-25.06,16.68,-1.83,18.81
17.32,52.23,28.38,-22.75,-4.35,-4.48,27.54,-24.01,-13.86,-19.98,35.03,9.93,24.87
18.0,38.63,16.96,-7.68,-0.81,-4.7,6.66,-19.49,-15.7,-26.07,-2.01,-5.14,12.59
18.04,26.31,10.34,-4.16,-3.49,-1.85,5.86,-9.04,-14.56,-20.13,-3.82,2.99,12.74
18.21,41.48,22.56,-9.98,-5.7,-4.51,20.7,-3.2,0.55,-16.77,11.19,3.36,16.99
17.75,28.51,13.42,-0.32,-3.06,-4.84,4.36,-0.78,-0.6,-8.34,-2.44,-2.25,4.65
17.65,29.38,12.94,-2.68,-3.25,-3.78,4.83,-7.18,-8.09,-14.5,-0.61,1.96,10.32
17.78,35.79,19.13,-8.11,-7.21,-4.41,18.38,-1.22,-5.19,-21.25,5.14,8.78,27.45
16.95,38.9,19.84,-12.86,-7.53,-7.23,15.43,-12.08,-7.3,-18.96,10.27,4.76,15.02
17.77,27.43,12.71,-0.23,0.93,2.38,8.68,-8.32,-18.29,-28.94,-16.55,-9.1,3.35
17.54,35.84,19.64,-2.64,-3.45,-3.23,12.98,-1.97,-4.41,-18.69,-0.23,0.72,13.63
17.93,31.11,14.88,-4.96,-7.51,-8.19,3.43,-10.6,-12.53,-19.58,-1.44,1.48,10.33
17.44,25.63,8.31,-4.01,-3.93,-3.48,0.06,-13.86,-20.13,-24.96,-11.74,-4.45,6.03
17.75,37.98,18.85,-9.32,-2.5,0.39,21.22,-2.96,-1.36,-14.98,13.19,10.94,24.56
17.47,26.26,14.73,6.25,4.29,2.11,6.33,-2.98,-8.29,-16.03,-7.93,-1.81,7.0
18.26,32.79,17.83,-1.34,-2.67,-3.45,10.01,-4.24,-8.35,-21.58,-5.16,1.0,15.11
18.14,48.85,27.2,-15.25,-5.06,-7.32,20.73,-11.36,-0.14,-18.61,16.72,1.6,16.99
17.95,25.95,11.0,-1.35,-5.42,-10.17,-8.13,-15.8,-12.12,-9.2,2.49,2.67,5.12
18.23,34.92,16.22,-3.08,-2.59,-3.77,7.55,-5.87,-2.43,-8.69,8.38,5.77,15.58
18.07,34.26,17.56,-5.27,-7.46,-9.86,4.5,-9.1,-7.53,-16.75,1.86,2.28,14.12
17.78,25.35,11.8,2.48,1.49,4.51,14.77,11.91,8.94,0.83,2.08,0.27,2.29
18.04,36.2,20.28,-3.21,-3.21,-2.19,17.48,3.51,1.91,-14.78,2.11,1.3,13.17
17.39,28.85,13.19,-4.88,-2.52,0.75,15.78,1.95,-0.61,-9.94,7.64,8.65,13.51
18.16,31.54,14.96,-2.94,2.24,4.99,16.65,-2.96,-7.14,-16.63,3.78,7.83,19.29
17.77,62.41,32.92,-36.49,-7.5,-9.5,42.66,-25.45,-8.34,-20.55,30.62,-13.41,16.62
17.92,35.29,17.57,-5.33,-0.0,2.44,19.62,-0.66,-2.59,-15.3,5.93,2.93,11.21
18.12,56.92,26.32,-23.41,3.71,-7.91,26.83,-25.02,-8.2,-25.59,13.63,-10.97,10.22
18.23,39.88,19.79,-11.31,-6.67,-8.19,14.98,-7.84,-3.46,-20.46,2.71,-1.7,15.42
18.48,35.18,17.13,-1.99,1.93,3.66,16.98,-0.15,-1.12,-12.08,5.87,4.51,18.21
17.02,46.7,19.84,-24.04,-3.91,0.06,37.02,-1.97,11.9,-10.59,23.47,6.87,32.92
17.14,27.53,14.82,4.72,5.92,7.62,14.23,3.09,-0.96,-6.19,3.47,4.05,7.16
17.87,36.0,20.86,1.34,2.67,3.48,15.58,-1.25,-1.93,-9.27,8.8,5.01,8.3
17.33,39.23,22.26,-10.61,-5.21,-0.61,23.49,-5.61,-7.4,-18.24,13.91,7.14,15.87
18.39,41.55,17.03,-14.21,7.23,5.14,24.07,-15.39,-6.47,-19.67,15.67,5.7,20.02
18.42,44.69,15.74,-20.31,4.78,-1.23,26.57,-12.04,0.33,-20.5,16.61,6.3,23.58
18.24,46.12,25.14,-24.22,-10.37,3.51,37.87,-18.41,-15.19,-22.18,39.86,14.38,25.96
17.84,30.76,12.93,0.75,11.34,14.84,21.73,-1.08,-2.78,-6.01,14.31,10.52,13.12
18.53,26.18,12.35,3.82,4.22,3.76,6.48,-1.82,-2.04,-2.32,6.38,8.15,11.27
18.69,24.25,8.9,1.87,4.35,7.16,8.86,-0.88,-2.63,0.95,14.88,21.95,26.65
18.02,35.64,21.76,2.32,4.41,6.37,18.03,-4.19,-10.39,-18.82,6.62,10.21,18.2
18.17,42.07,22.62,-4.55,5.2,6.43,25.31,1.37,2.69,-19.16,1.51,-6.8,13.75
17.76,28.05,12.47,-1.63,-1.04,0.27,9.02,-1.99,-3.05,-6.23,7.24,8.47,12.22
17.75,24.35,7.84,-5.28,-5.48,-6.78,-1.02,-10.71,-8.5,-9.81,3.36,4.58,12.08
18.14,51.22,22.65,-24.25,-2.48,-7.86,27.37,-12.41,3.23,-25.86,4.75,-13.33,11.84
18.1,54.54,25.11,-28.31,-4.99,0.6,39.67,-11.68,-0.36,-19.32,24.73,-11.05,14.14
17.65,40.5,16.98,-13.95,-2.31,-4.32,18.03,-6.21,3.25,-12.15,12.37,2.31,19.7
17.79,26.99,13.36,-1.38,-5.76,-7.4,2.6,-4.9,-7.65,-15.2,-4.51,-0.75,6.1
18.1,35.26,18.29,-4.03,-0.43,1.66,19.32,4.33,6.23,-3.48,16.64,13.61,21.71
16.26,27.78,11.39,-8.69,-10.53,-7.9,11.15,3.16,2.08,-10.36,4.09,5.96,15.65
17.91,30.19,16.29,2.61,-0.09,-3.43,2.06,-8.8,-9.5,-13.83,-0.98,2.87,9.39
18.2,34.39,16.99,-4.82,-3.99,-3.52,12.29,-1.94,4.45,0.89,21.78,17.98,26.37
17.0,28.65,8.28,-12.23,-5.07,0.57,18.94,5.64,11.57,5.72,23.29,19.51,23.01
16.85,31.27,14.7,-6.27,-6.85,-4.52,12.54,0.33,-3.97,-17.44,-2.48,0.59,11.47
17.43,48.5,21.14,-28.56,-6.59,1.29,33.78,-17.53,-9.16,-26.25,22.58,0.32,16.34
17.75,26.43,9.69,-4.78,-2.49,3.91,19.09,9.62,3.49,-9.5,-0.56,0.51,8.81
16.82,25.23,7.97,-8.29,-6.28,-4.38,6.43,-7.92,-11.42,-17.44,2.5,9.35,19.03
17.98,41.29,19.45,-22.2,-11.08,-3.51,28.63,-8.7,-6.97,-26.36,9.1,-4.89,13.04
17.67,28.02,9.08,-9.44,-2.3,-0.46,8.48,-13.67,-12.55,-14.38,9.53,7.02,10.9
17.77,30.19,7.4,-12.5,-5.23,-1.02,11.54,-7.24,-4.92,-12.87,3.76,-5.15,4.39
18.58,43.75,23.38,-17.83,-8.63,2.86,34.4,-3.37,-3.63,-22.14,13.53,-3.64,13.9
17.63,32.8,11.64,-11.82,-4.02,-0.2,17.49,-2.51,-1.92,-14.41,7.06,4.39,16.67
17.43,42.12,16.86,-18.59,-5.31,-8.84,19.55,-5.3,5.94,-13.98,12.38,0.71,21.61
17.7,38.78,17.47,-13.92,0.87,4.59,30.92,2.7,5.63,-18.06,3.03,-6.62,10.09
18.16,43.39,19.02,-19.19,-0.88,5.14,35.86,-5.35,-2.1,-25.68,10.17,-2.94,17.53
17.27,28.65,10.23,-8.24,-8.76,-7.88,5.04,-3.4,-2.15,-8.55,4.81,6.2,13.81
18.54,24.36,9.3,-1.04,0.01,-1.93,1.15,-9.64,-7.32,-4.29,12.94,18.93,22.89
18.48,29.01,13.54,-5.12,-8.29,-8.27,6.17,-2.79,-5.09,-13.68,4.46,13.03,25.21
17.7,36.73,16.71,-11.0,-3.78,-3.15,16.87,-7.23,-4.73,-16.52,11.36,10.61,26.1
18.18,56.42,28.33,-27.41,3.86,2.67,44.18,-14.81,4.84,-17.7,22.37,-5.34,19.07
18.14,45.2,24.45,-15.97,-4.95,5.88,32.85,-9.82,-8.2,-18.38,20.68,0.21,12.86
17.83,33.38,12.72,-14.51,-4.74,2.71,24.61,-1.6,-3.69,-17.74,10.03,5.09,15.63
18.07,28.77,8.6,-11.13,-5.99,-5.09,8.87,-4.49,2.24,1.0,21.35,19.09,24.2
17.94,33.7,14.38,-3.91,1.17,-0.85,5.73,-15.78,-12.56,-15.61,6.93,6.77,20.27
18.34,52.32,27.11,-21.95,-0.56,5.43,42.41,-4.63,7.33,-19.58,17.72,-2.29,25.26
17.82,27.23,12.42,5.0,8.27,12.64,16.05,5.05,0.17,-1.55,8.09,10.93,12.34
17.9,57.46,28.38,-27.63,3.52,2.55,45.74,-16.75,-4.89,-24.59,22.24,-3.32,22.67
16.9,21.7,6.36,-3.62,-3.38,1.38,12.4,8.68,5.03,-2.02,3.19,6.52,11.44
17.41,24.92,6.44,-7.7,0.99,4.49,12.79,-6.97,-11.06,-19.65,-4.52,-3.99,3.71
17.48,29.49,11.08,-3.94,6.9,10.87,19.97,-3.61,-3.85,-9.06,11.71,7.38,13.73
18.45,43.81,20.61,-14.53,0.22,3.6,30.39,-3.2,4.02,-11.87,16.61,5.27,20.78
18.24,32.62,17.31,1.19,1.46,2.52,14.38,3.04,1.66,-7.81,5.0,6.77,17.13
17.91,31.57,15.06,-4.23,-4.46,-4.37,10.22,-0.09,2.64,-4.3,11.57,12.73,22.81
17.71,43.66,19.19,-12.91,-0.29,-6.52,20.94,-6.05,4.54,-13.67,15.06,4.5,21.11
18.01,36.31,19.44,-5.75,-4.99,-4.63,17.07,2.08,3.88,-9.51,10.32,7.13,18.95
18.33,34.6,14.96,-3.86,0.86,0.24,8.93,-10.82,-7.57,-12.21,9.28,5.0,13.41
17.31,28.45,11.0,-8.17,-12.09,-14.72,-2.64,-10.15,-9.25,-18.32,-7.48,-6.91,2.95
18.0,25.3,10.37,2.36,2.99,2.7,3.82,-6.24,-6.63,-4.64,5.32,3.47,2.01
18.62,29.16,11.21,-5.56,-1.1,2.18,14.79,1.81,1.78,-4.89,9.58,9.84,18.73
17.69,26.51,9.23,-4.13,-4.66,-3.52,2.92,-7.1,-9.16,-12.06,-0.21,2.72,7.62
18.08,45.26,22.41,-9.91,2.02,-5.25,18.09,-8.06,2.44,-13.63,13.96,0.48,15.58
18.64,44.87,22.09,-12.65,-1.11,-1.21,24.41,-8.56,-0.38,-13.37,20.23,7.76,24.21
17.73,28.63,14.2,2.66,2.87,0.16,2.44,-11.38,-13.02,-14.46,-1.33,1.45,6.65
17.08,28.0,13.49,-0.7,-2.7,-4.39,4.09,-6.21,-8.78,-14.54,0.8,9.08,22.04
17.99,38.73,22.59,-6.72,-7.79,-6.69,14.51,-7.66,-6.63,-18.45,10.77,9.79,20.53
18.8,26.82,13.15,6.57,8.37,8.25,8.77,-0.01,2.81,7.4,17.69,13.57,8.42
18.75,36.77,18.71,-3.37,5.37,7.8,23.43,-0.67,-2.14,-12.65,10.53,7.81,18.66
18.41,33.64,19.41,3.84,5.62,7.23,17.28,2.34,-1.97,-10.52,3.28,4.39,10.47
17.62,24.41,12.94,7.83,4.64,0.75,-0.31,-4.94,-4.1,-1.87,2.72,3.87,4.53
17.63,35.11,19.18,1.89,1.8,-0.37,6.69,-9.96,-12.38,-18.8,-2.15,-2.03,7.62
17.83,32.57,17.83,-0.05,-2.61,-2.87,11.18,1.73,0.96,-6.58,8.73,12.18,20.87
17.64,30.77,16.29,3.6,1.74,0.19,5.56,-5.32,-7.27,-11.47,0.08,3.1,10.17
16.5,30.47,15.11,-1.1,-4.03,-4.93,6.0,0.27,3.05,-1.47,8.01,7.63,14.75
16.87,37.01,17.67,-10.85,-9.46,-12.83,5.07,-14.56,-8.34,-15.86,11.11,7.33,19.11
17.06,28.5,13.56,-2.72,-5.83,-6.38,5.42,-4.19,-7.55,-15.96,-1.0,7.11,20.03
16.99,37.89,18.46,-5.9,-2.47,-3.41,12.53,-6.41,-0.81,-10.38,12.61,6.54,19.22
17.11,34.99,21.62,0.37,-3.73,-8.89,6.12,-5.41,-3.68,-14.16,6.69,10.45,22.8
16.76,43.76,25.19,-11.73,-8.09,-9.28,20.21,-6.18,-6.93,-32.0,-3.46,-9.55,12.26
16.4,45.78,24.84,-11.61,-5.04,-8.11,20.3,-8.07,1.31,-15.77,10.41,-2.73,13.97
16.94,47.91,27.5,-17.59,-7.47,-4.81,25.29,-6.1,-0.49,-24.55,6.12,-8.06,14.05
16.65,25.49,10.55,-0.83,-0.36,3.25,13.61,6.49,1.86,-6.75,-0.69,-0.13,4.28
16.65,26.36,9.54,-2.55,-3.03,-0.27,8.64,3.04,1.99,0.52,11.48,15.2,18.54
16.77,32.08,16.34,2.23,5.54,5.6,13.16,0.62,0.59,-4.4,6.3,3.93,8.89
16.74,29.51,12.38,-3.81,-1.49,0.23,9.34,-5.93,-8.04,-14.64,2.57,5.75,15.76
16.98,31.25,17.06,2.86,1.46,-3.91,-1.84,-16.56,-14.22,-14.42,0.65,-1.99,-0.9
16.98,38.24,25.67,-3.88,-5.69,-5.16,14.71,-5.82,-10.44,-22.53,1.71,-0.6,4.77
17.07,29.61,13.1,-4.43,-5.14,-9.35,-2.25,-16.28,-14.06,-16.73,5.09,11.11,20.82
15.79,43.05,16.44,-23.49,-8.47,-19.87,9.78,-21.35,-9.92,-24.41,8.79,0.74,19.24
16.2,45.01,19.53,-29.07,-18.21,-20.59,10.85,-28.21,-20.4,-39.28,3.16,-8.12,15.04
16.65,37.3,19.85,-4.35,1.73,2.83,19.6,-7.72,-11.39,-26.72,-0.94,0.57,20.62
16.16,43.96,23.9,-7.78,0.02,-5.18,15.5,-16.86,-11.05,-22.05,5.68,-0.59,14.41
15.89,46.91,25.85,-18.98,-5.99,-9.72,19.28,-23.68,-18.22,-36.17,3.1,-4.58,19.48
16.44,55.87,34.14,-22.65,0.47,1.18,31.95,-20.71,-12.12,-26.9,14.43,-1.07,26.42
16.4,56.53,40.7,-27.0,-13.01,-1.42,39.07,-22.65,-16.96,-13.15,38.44,-1.69,10.42
16.29,54.95,36.18,-26.09,-12.57,-2.44,31.06,-22.64,-17.79,-23.61,23.86,-4.27,13.08
15.86,39.06,20.49,-3.82,1.18,-6.2,6.34,-12.63,-3.32,-9.66,13.29,8.48,14.37
16.22,39.21,25.37,0.34,-2.08,-6.72,8.96,-8.59,-4.06,-12.28,10.88,9.62,17.77
