2.45,-42.25,-20.75,-12.57,-23.66,-13.05,-20.19,-14.28,-16.95,-7.25,-11.59,-5.7,-9.01
2.45,-40.28,-18.48,-15.02,-20.09,-8.16,-15.68,-3.89,-11.72,-2.71,-12.45,-3.27,-7.77
2.65,-28.69,-7.62,-2.97,-1.93,2.59,-7.62,0.58,-15.18,-5.27,-0.13,6.8,3.91
3.68,-36.48,-19.12,-10.55,-21.93,-11.06,-15.22,-7.13,-10.49,-3.89,-0.33,12.77,7.89
4.23,-33.33,-17.23,-5.26,-19.19,-5.38,-14.87,-1.74,-8.3,-2.48,-9.46,0.98,-3.37
9.93,25.51,19.3,-23.16,-32.51,-4.24,14.23,-16.42,-24.32,-20.33,6.38,8.84,12.02
10.18,21.83,10.01,-1.67,-4.07,1.81,5.73,-10.83,-18.61,-19.81,-10.16,3.18,5.57
10.79,31.26,27.05,-10.91,-18.67,9.02,26.72,1.66,-14.13,-19.97,0.24,3.54,1.57
11.8,29.27,13.86,-11.47,-6.36,0.15,17.54,-2.12,-13.92,-22.07,0.14,4.96,13.01
13.91,35.74,16.02,-9.74,1.78,9.88,29.31,2.45,-0.69,-19.08,7.03,2.64,22.6
14.3,40.84,21.02,-12.64,-0.21,7.45,30.69,2.3,2.5,-19.9,7.5,-2.15,8.97
14.31,32.6,16.78,-1.85,-0.22,1.73,17.14,7.19,-0.22,-11.99,-3.2,-2.19,7.63
14.05,26.6,12.27,1.63,4.45,8.8,19.64,10.43,4.95,-6.79,-2.31,-4.03,-0.09
14.38,32.82,17.85,-0.89,-5.89,-4.77,11.37,6.27,3.52,-10.15,-5.42,-4.94,7.12
15.06,46.91,29.59,-12.05,-4.07,8.35,39.01,-0.1,0.25,-28.05,-0.41,-13.77,8.25
13.99,24.23,10.83,-0.35,-5.2,-7.17,-0.94,-5.63,-11.11,-18.28,-12.01,-3.65,7.33
14.92,33.16,18.36,0.54,2.24,5.12,18.74,3.32,-2.13,-14.98,-4.9,-4.52,3.57
14.7,48.18,35.6,-19.28,-13.16,15.01,44.71,-8.35,-7.63,-24.34,14.28,-11.6,2.1
15.05,41.06,21.73,-8.64,1.73,6.09,23.29,-7.95,-7.58,-23.85,2.92,-4.8,6.17
14.7,38.2,21.59,-7.43,-3.13,-0.98,20.56,0.01,-4.13,-17.47,7.67,4.05,15.7
15.23,28.86,14.63,3.0,2.9,4.26,13.1,4.82,1.52,-7.55,-4.13,-4.7,0.79
15.29,44.67,24.72,-12.81,-1.65,4.03,24.74,-14.37,-12.4,-33.46,1.72,-6.26,16.39
14.89,26.94,12.46,2.03,5.81,7.07,9.23,-8.38,-14.25,-17.35,-2.59,2.62,8.53
15.65,45.13,30.35,-8.27,-6.41,3.23,31.38,-2.73,-6.65,-37.13,-10.52,-19.83,3.33
15.01,27.39,13.17,1.74,0.53,1.23,9.43,1.7,-2.3,-13.02,-8.9,-6.01,3.85
15.12,39.45,18.46,-12.4,-1.81,0.94,20.54,-6.21,-8.18,-27.51,-0.33,-8.2,7.8
15.31,36.59,20.57,-3.79,-0.88,1.39,20.13,2.8,-1.82,-15.18,1.74,-0.02,16.81
15.45,30.53,16.54,3.15,3.86,7.28,17.6,6.51,1.1,-9.15,-0.33,1.65,9.4
15.6,31.65,16.02,0.22,3.94,6.89,19.61,5.9,2.26,-6.79,4.98,7.58,16.18
14.76,46.78,23.88,-20.44,1.89,1.69,21.52,-8.21,-2.65,-21.56,1.47,-12.93,9.84
15.41,51.13,36.59,-27.22,-7.51,16.34,50.28,-11.41,-8.0,-24.28,15.34,-8.57,13.46
15.74,33.09,15.66,-2.57,-1.76,0.76,13.02,0.8,-1.41,-14.84,-5.49,-5.63,5.19
14.62,47.1,19.78,-21.1,7.3,-1.04,24.23,-5.54,-2.39,-18.66,7.79,-12.7,11.86
14.72,37.01,20.74,-14.86,-9.11,-2.62,24.64,-3.18,-9.24,-29.87,-2.39,-6.2,11.53
14.64,29.8,11.94,-6.79,-3.66,-1.28,12.86,-3.16,-7.4,-18.86,-6.51,-8.04,-1.53
15.59,45.81,28.4,-17.01,-4.25,-0.28,29.81,0.38,0.58,-23.89,3.98,-2.22,23.28
14.66,31.08,14.83,-1.11,5.19,9.97,21.73,8.24,3.51,-13.7,-6.98,-11.65,-2.79
15.06,29.45,12.33,0.38,5.12,13.33,23.24,12.5,5.02,-6.69,-2.02,-3.21,3.32
15.47,25.36,12.18,3.57,1.16,0.57,2.97,-5.65,-10.96,-17.36,-13.95,-12.43,-7.75
16.23,46.92,27.65,-8.01,10.2,1.98,29.24,0.04,-4.16,-24.63,-11.09,-20.41,1.8
15.13,23.25,10.7,4.12,1.75,0.66,1.85,-4.66,-8.72,-11.93,-8.55,-7.02,-5.43
15.23,30.11,11.35,-4.61,1.34,6.33,15.14,-3.23,-10.07,-22.85,-11.1,-13.01,-2.84
14.88,32.96,14.31,-5.88,1.43,7.46,27.21,9.39,6.14,-16.12,-8.33,-17.97,-7.47
14.34,45.96,22.71,-19.57,-0.84,4.27,27.16,-3.69,-1.43,-15.36,11.75,-10.81,6.64
14.87,38.08,14.56,-15.74,3.58,12.16,36.57,2.53,1.21,-21.27,2.36,-10.22,6.77
14.6,20.37,2.94,-6.43,-1.89,4.96,12.82,2.44,-5.28,-14.87,-11.11,-11.63,-9.78
14.89,36.2,13.17,-16.55,-4.56,-4.32,16.16,-3.0,1.07,-17.96,6.61,3.84,18.83
15.37,37.56,15.0,-15.01,-2.48,3.12,23.44,-8.06,-5.72,-19.18,7.0,-7.52,2.81
14.78,39.35,16.69,-13.5,1.25,1.43,14.5,-14.47,-12.44,-27.2,-0.18,-14.87,2.97
14.19,43.21,25.55,-26.74,-17.27,0.61,32.8,-17.21,-21.78,-37.32,-1.92,-12.23,2.61
14.38,45.7,26.1,-18.2,-5.12,2.09,29.31,-15.52,-17.4,-26.93,13.41,0.43,14.92
14.23,30.12,11.68,-2.37,2.12,6.57,11.39,-7.23,-10.98,-19.23,-7.82,-9.63,-2.28
14.37,39.08,18.26,-14.38,-5.92,0.59,22.55,-3.32,-1.83,-16.31,10.52,-1.19,13.62
15.18,36.25,23.19,-2.6,0.7,6.06,28.38,8.24,-4.35,-25.51,-3.89,-1.6,13.13
15.8,37.45,20.85,-4.25,0.94,3.81,26.73,5.51,1.29,-21.23,-3.72,-4.86,11.35
14.35,35.39,23.13,-6.48,-4.62,2.44,23.56,-3.32,-6.61,-21.16,1.71,-1.12,5.5
15.35,35.87,19.63,-4.52,-1.58,3.96,25.71,5.6,-0.91,-18.5,-1.93,-4.6,7.06
15.37,47.48,25.83,-16.12,5.51,6.16,32.77,3.32,3.32,-24.99,3.63,-13.4,10.74
15.4,41.01,21.48,-9.05,5.27,8.58,27.74,-5.42,-5.34,-23.28,11.8,7.23,18.62
15.02,30.92,11.68,-7.99,-0.97,3.41,16.13,-8.6,-14.35,-28.52,-10.29,-14.49,-1.48
14.66,25.17,10.06,-2.23,-1.21,2.91,14.01,5.67,1.16,-6.38,1.99,4.86,8.96
14.94,29.51,12.43,-6.98,-2.14,3.07,18.49,-4.64,-14.77,-37.95,-20.8,-15.07,5.65
15.37,27.42,11.48,-4.64,1.23,6.96,22.49,5.45,-6.92,-31.99,-23.71,-20.66,-1.55
15.26,31.62,18.13,0.68,-1.87,-1.53,11.39,0.89,-4.71,-20.21,-9.95,-6.17,4.94
14.51,40.39,19.65,-15.24,-9.73,-10.0,10.92,-14.18,-10.46,-30.82,-6.14,-12.12,5.82
15.59,41.09,21.24,-8.38,4.49,8.59,27.96,-2.86,-1.7,-18.9,7.3,-4.0,2.38
15.57,29.98,15.42,1.77,2.94,5.62,16.23,4.32,-2.18,-12.83,-1.59,1.96,13.06
14.42,32.2,15.82,-3.6,-0.97,3.68,18.14,0.1,-6.41,-21.53,-6.33,-4.95,6.71
15.17,44.6,26.9,-9.87,2.78,5.34,32.48,-0.49,-0.94,-29.68,-2.77,-5.56,19.9
15.49,48.38,37.98,-20.28,-13.84,1.09,34.8,-10.36,-13.65,-20.9,14.36,-9.92,7.96
15.39,30.63,17.69,2.87,0.08,0.23,13.01,6.51,0.5,-14.92,-8.72,-4.3,9.73
14.94,42.66,24.62,-14.35,-0.63,4.9,32.86,-7.63,-11.9,-36.25,-2.25,-3.24,16.74
15.67,42.05,21.99,-17.45,-6.23,8.29,38.96,1.24,0.67,-22.17,10.98,-6.21,11.42
16.43,52.05,26.75,-37.38,-11.85,2.14,41.27,-19.49,-1.04,-7.7,42.4,3.02,6.47
16.05,46.66,10.22,-30.68,8.75,-10.97,30.35,-12.59,6.4,-10.85,25.76,12.47,23.85
15.24,34.11,16.78,-10.12,-4.7,2.07,24.37,6.34,3.42,-9.91,11.24,8.85,16.67
15.45,53.95,32.02,-38.71,-7.35,16.83,47.08,-34.64,-16.83,-28.82,25.74,-8.68,3.92
14.9,36.14,18.44,-8.4,1.31,7.82,27.72,5.13,-7.33,-31.27,-13.25,-15.49,3.44
14.98,21.24,9.02,5.48,5.57,3.75,1.75,-7.06,-9.77,-8.5,-0.91,2.85,3.54
15.35,22.4,7.99,3.51,3.78,5.0,3.33,-6.96,-14.39,-17.24,-13.54,-8.2,-4.36
14.96,33.26,18.08,0.96,2.35,5.56,20.06,5.64,1.47,-11.96,-3.34,-6.01,-0.04
14.89,28.35,15.09,5.15,5.59,5.3,8.88,-1.45,-4.91,-8.91,-1.94,-0.74,3.58
15.26,40.24,26.18,-7.21,-1.11,4.34,27.4,6.51,0.95,-21.41,-2.68,-11.95,6.92
15.99,43.0,26.65,0.48,7.69,10.57,31.69,3.26,-2.21,-24.18,-6.55,-14.92,4.86
15.18,45.68,29.39,-6.03,2.2,8.83,32.37,2.94,2.91,-14.78,10.13,0.91,6.49
15.23,29.99,18.41,2.45,3.5,9.34,30.37,23.15,12.74,-11.38,-7.54,-4.02,10.0
15.27,31.16,17.41,3.86,6.48,10.42,23.07,10.04,4.2,-8.93,1.1,0.03,5.09
14.71,43.15,25.12,-8.04,3.71,11.47,29.14,-1.43,0.42,-14.47,7.7,-8.09,3.44
14.8,29.64,15.95,5.34,7.53,7.92,9.52,-4.92,-8.04,-12.95,-1.77,-2.87,1.12
14.07,38.55,17.75,-16.62,-8.17,-5.25,10.87,-13.99,-11.37,-25.34,-2.7,-8.37,7.86
14.2,37.59,22.61,-9.26,-9.68,-3.99,17.7,1.26,-1.8,-14.45,9.36,2.97,11.53
14.55,37.58,19.33,-11.13,-5.12,2.34,23.79,1.69,-2.0,-25.42,0.51,-5.63,10.39
14.95,25.5,13.02,2.79,-2.38,-2.87,5.6,3.28,-3.0,-14.8,-14.43,-9.56,2.93
15.46,36.13,20.98,-1.68,-0.58,3.73,27.36,15.55,12.19,-8.97,0.63,-2.98,13.82
14.81,48.93,33.57,-8.21,-6.14,2.88,31.39,-5.34,-2.61,-18.3,10.7,-3.62,10.06
15.57,29.57,15.92,3.92,0.47,1.13,9.09,5.71,3.86,-2.82,2.03,3.44,9.17
14.68,41.85,27.01,-0.47,-1.53,0.1,20.95,-8.94,-3.16,-10.64,9.3,1.95,0.93
15.2,23.56,9.32,0.13,-6.15,-7.9,-5.64,-8.8,-12.26,-18.66,-20.03,-19.41,-14.98
15.72,40.74,27.65,0.77,-0.91,1.69,26.42,11.64,5.05,-16.5,2.36,-3.09,11.71
14.59,27.14,13.09,1.8,-0.17,-1.09,4.47,-3.74,-4.38,-4.75,4.63,5.84,8.09
15.42,43.36,28.69,-1.28,0.79,4.38,26.77,3.9,7.88,-12.23,-0.94,-6.69,7.89
15.72,23.37,11.95,8.5,7.74,7.58,7.87,1.35,-3.53,-6.55,-3.23,1.4,6.46
15.73,45.16,28.98,-14.56,-0.93,14.05,41.85,-1.36,-7.55,-15.29,14.21,-20.18,-6.75
15.51,38.02,23.85,-6.32,-1.21,10.44,26.65,0.4,-6.18,-19.91,6.55,4.32,14.88
15.41,31.43,18.17,3.73,4.68,5.08,17.97,4.91,-3.02,-16.11,-9.7,-7.61,5.7
14.95,26.56,13.3,4.79,4.65,4.59,9.84,1.57,1.46,-2.09,6.54,8.05,12.37
14.54,23.4,10.06,1.69,-0.81,0.4,7.48,4.62,0.84,-6.74,-5.3,-2.81,4.54
14.83,50.26,33.89,-19.08,-2.74,8.08,26.5,-16.47,-10.36,-28.39,7.53,-7.34,12.81
15.09,25.33,12.04,3.99,6.12,9.44,16.33,8.19,1.2,-7.75,-5.12,-4.36,1.96
15.45,19.43,5.68,0.17,-0.45,-0.71,-0.62,-8.05,-10.45,-9.57,1.11,8.3,12.55
15.25,38.86,17.66,-14.92,1.05,8.54,35.82,6.88,7.44,-12.56,11.15,-2.17,10.56
15.36,39.66,15.84,-26.4,-4.6,8.37,41.69,-4.53,-5.56,-25.06,12.31,-2.12,15.38
15.5,47.38,24.71,-17.54,1.74,5.51,31.92,-1.29,0.97,-27.27,6.02,-10.1,11.68
15.38,48.77,29.0,-13.22,-1.21,0.95,32.96,-3.04,-1.55,-26.52,0.42,-8.17,14.96
15.55,29.31,15.23,3.72,6.74,10.13,20.87,9.02,1.43,-14.85,-13.04,-13.28,-1.38
15.43,49.07,36.29,-15.01,-2.69,6.71,36.78,-4.45,-13.34,-29.89,-4.91,-20.68,7.04
15.6,43.89,26.91,-9.22,1.07,10.63,39.57,7.88,5.92,-28.71,-1.98,-12.03,12.93
15.42,25.39,12.46,6.74,8.87,9.52,12.0,0.41,-8.56,-18.26,-15.5,-12.18,-2.49
15.26,26.54,14.07,5.99,4.79,5.41,10.82,3.91,-2.1,-10.5,-5.46,0.16,9.55
16.44,48.06,28.46,-8.7,4.95,3.95,35.71,5.65,3.23,-34.55,-3.33,-18.68,9.46
15.88,30.7,16.77,5.06,8.83,11.62,21.27,6.85,-2.15,-19.24,-13.84,-12.52,0.6
14.62,45.36,29.27,-13.48,-4.33,4.41,25.86,-6.72,-10.31,-25.1,6.37,-6.42,10.81
14.9,29.66,14.74,1.96,4.82,7.29,16.34,4.59,0.4,-8.77,-3.62,-6.2,-0.41
13.93,37.53,14.44,-5.81,4.1,4.51,15.4,-6.04,1.21,-9.46,7.13,-9.86,-5.25
15.17,40.13,23.06,-8.5,-0.26,5.16,28.55,2.37,-1.81,-21.14,-0.8,-7.3,10.4
14.98,35.45,22.53,0.28,0.38,5.37,22.64,5.61,-2.68,-19.3,-6.74,-2.91,11.84
14.92,34.61,21.36,0.76,1.0,6.12,21.29,2.48,-7.05,-23.88,-6.35,-4.44,7.47
15.18,35.41,19.73,-1.79,1.59,3.91,21.17,2.78,1.41,-16.05,-1.09,-3.32,9.53
13.82,30.56,14.73,-4.38,-1.64,3.53,16.17,-2.18,-9.45,-21.95,-7.51,-6.36,2.7
14.6,39.21,20.17,-2.36,5.53,9.9,21.25,-5.12,-6.73,-20.4,3.86,-0.49,11.64
14.94,32.1,15.45,-5.12,-1.66,1.48,13.63,-7.11,-14.36,-22.8,-4.02,-0.55,11.53
14.88,32.07,16.22,-0.6,9.25,12.88,23.67,-5.63,-13.8,-25.02,-1.38,3.0,14.25
15.4,23.74,9.68,2.7,7.06,9.44,12.51,-0.84,-6.16,-10.03,0.56,5.05,9.97
15.49,27.2,12.19,6.08,10.47,15.84,17.32,5.98,-1.1,-4.75,-0.48,-1.08,0.4
14.2,40.56,20.65,-18.03,-6.55,3.83,30.36,-2.34,-4.32,-17.26,14.21,-2.58,5.92
13.81,29.85,13.93,-5.75,-2.15,4.19,19.42,7.64,-1.39,-16.26,-6.01,-7.04,0.71
14.37,29.88,11.66,-8.25,1.96,10.9,30.13,11.64,6.77,-9.81,4.91,0.31,9.02
15.69,29.79,12.78,-1.18,5.6,9.06,16.77,-6.51,-15.37,-26.62,-9.06,-9.25,-0.94
14.21,27.22,12.4,-0.06,0.87,2.76,12.05,3.8,-1.44,-11.44,-8.11,-8.03,-2.63
14.45,33.41,21.13,2.71,-0.88,-1.69,10.93,1.22,-2.61,-13.95,-6.29,-6.61,-0.96
15.08,29.47,15.41,3.34,4.04,5.67,13.91,5.92,1.64,-8.38,-4.66,-6.69,-0.1
14.44,27.94,14.6,-0.58,-4.49,-3.22,7.82,-2.28,-7.66,-20.5,-12.7,-12.31,-6.03
15.02,45.77,32.69,-9.85,1.85,19.4,38.2,-1.17,-0.67,-12.61,4.05,-10.42,10.13
14.76,36.81,20.64,-4.23,2.42,9.71,29.09,4.28,-2.98,-20.25,-0.85,-4.91,7.3
14.35,34.88,19.32,-2.46,4.81,8.87,25.3,7.58,4.87,-10.68,7.91,3.05,7.67
14.71,28.43,17.57,7.64,7.1,8.52,15.74,6.63,-3.7,-17.73,-11.57,-3.97,10.54
15.28,45.63,30.15,-11.82,-3.24,13.92,42.93,6.34,5.62,-17.86,13.01,-0.46,15.31
15.51,34.01,19.18,0.86,8.01,14.36,30.78,12.37,6.24,-9.32,8.62,4.64,10.58
15.23,40.87,22.67,-3.01,10.16,12.49,33.49,11.68,10.91,-11.26,5.02,1.27,11.48
15.32,40.89,24.87,-3.21,7.07,13.52,35.3,8.82,0.9,-21.98,-5.12,-7.23,10.94
15.34,28.3,14.76,7.13,11.65,13.73,17.81,6.17,0.71,-6.11,-1.73,-5.19,-4.13
14.57,34.6,17.38,-3.97,1.73,7.27,19.81,3.38,-1.24,-12.37,2.78,-3.23,4.08
14.55,37.0,22.49,-2.43,0.21,7.65,30.39,4.78,-6.79,-32.68,-13.24,-13.56,3.91
13.45,40.02,26.55,-12.31,-3.73,9.21,35.51,0.61,-8.09,-23.73,0.53,-3.49,7.25
14.05,22.57,9.11,2.1,2.09,5.87,13.5,6.4,-1.1,-8.58,-4.97,1.59,11.06
14.73,34.24,16.86,2.0,9.68,14.94,26.22,3.24,-5.6,-22.34,-14.74,-13.23,1.83
14.69,40.58,23.26,-8.55,0.93,7.21,29.96,4.73,0.97,-14.17,5.77,-1.28,12.62
14.63,33.43,17.99,-4.63,-1.02,5.09,27.05,14.76,9.4,-5.22,7.99,6.67,14.85
14.58,28.6,13.03,-0.51,4.25,9.37,21.86,10.2,7.39,-1.81,9.83,10.15,18.01
14.14,26.13,12.51,1.46,-3.51,-2.85,5.75,5.25,7.89,3.9,4.67,0.28,2.02
14.47,37.8,21.95,-6.54,-2.04,3.53,30.07,10.16,2.94,-19.77,-5.08,-12.11,4.71
14.55,38.06,22.03,-5.68,2.54,7.61,29.47,7.98,-0.47,-19.22,-1.97,-7.43,6.41
13.56,25.68,10.97,1.35,5.81,8.25,11.21,-0.84,-5.08,-9.8,-0.4,0.67,2.28
14.59,42.32,30.15,-2.95,-2.86,1.7,29.76,7.39,3.72,-25.25,-13.84,-13.41,2.48
14.36,23.66,9.7,3.44,5.94,8.59,12.54,2.18,-3.3,-9.45,-6.78,-7.5,-3.47
15.29,38.68,23.25,-0.47,5.08,8.47,25.35,8.47,6.27,-11.0,3.84,-4.91,-2.35
15.59,27.55,10.37,-6.34,-0.68,5.89,23.21,9.31,1.33,-18.93,-14.11,-20.55,-12.78
15.52,26.07,16.3,12.09,11.35,10.65,13.31,7.9,2.45,-5.76,-7.37,-5.9,0.69
15.51,40.21,23.62,-6.11,-1.11,4.44,27.05,1.57,-2.72,-19.57,0.94,-13.8,-7.94
14.66,38.72,21.25,-9.24,-4.45,-1.04,16.1,-6.11,-7.93,-25.02,-6.31,-11.58,2.88
14.08,34.25,16.64,-10.65,-6.03,0.3,18.98,-4.47,-12.0,-25.87,-2.52,-1.36,12.9
14.73,33.64,20.52,0.98,3.38,6.42,22.74,1.88,-7.64,-19.41,-6.36,-7.83,-4.73
14.28,36.68,19.35,-3.53,2.84,8.49,27.68,1.24,-2.61,-18.31,1.43,-2.36,3.51
14.48,26.94,11.2,-0.03,4.36,6.31,11.26,-2.52,-4.17,-13.21,-10.65,-18.83,-15.78
14.61,41.43,28.08,-7.04,1.18,7.52,31.98,8.1,2.97,-20.34,-7.31,-5.07,17.75
14.58,34.13,19.57,-0.52,-0.53,3.3,23.66,9.21,5.35,-15.35,-7.91,-9.88,2.24
14.18,40.07,21.01,-18.03,-7.45,0.42,28.4,4.02,0.25,-17.5,2.57,-12.1,9.04
14.59,35.06,13.92,-14.39,-0.76,9.21,30.43,1.49,1.25,-13.93,8.9,0.6,10.16
14.81,29.14,9.5,-10.8,-2.54,4.0,22.05,4.35,4.12,-6.52,14.77,15.15,28.66
13.28,22.82,7.35,-1.02,1.93,8.59,18.41,12.94,5.91,-2.34,1.73,5.62,11.7
14.26,41.75,23.14,-14.45,-1.33,6.69,31.5,-2.51,-2.51,-19.26,6.91,0.88,13.52
14.46,39.53,24.35,-5.98,-0.61,6.06,30.38,2.83,-0.51,-10.18,14.36,10.64,17.67
14.33,37.5,19.65,-4.39,2.26,2.98,13.13,-12.87,-12.32,-23.33,-1.09,-6.73,-0.6
15.22,29.3,16.33,5.94,7.53,9.62,17.41,6.07,0.73,-6.78,1.15,3.07,9.62
14.73,45.41,32.72,-8.46,-5.58,15.3,38.16,0.53,-0.59,-20.38,10.79,0.55,9.36
14.51,26.8,13.26,4.01,3.44,3.74,7.68,1.08,-1.54,-5.82,-0.59,0.84,6.53
14.68,45.0,33.89,-7.22,-5.18,18.14,46.83,5.91,-1.14,-22.09,5.34,-13.04,-3.38
14.47,31.75,18.91,2.29,2.54,7.19,21.91,5.58,-3.63,-23.42,-12.84,-10.58,2.68
14.01,35.94,19.16,-4.34,3.25,8.17,26.34,10.47,9.65,-7.39,0.69,-7.58,-1.62
14.03,25.42,10.29,0.05,1.05,5.08,12.45,7.25,7.03,-1.43,-1.03,-5.36,-1.34
13.88,32.36,16.61,-2.49,0.24,2.6,15.9,0.28,-5.1,-20.47,-8.3,-9.71,2.53
13.44,43.68,29.21,-21.67,-14.68,-0.28,17.87,-15.58,-19.11,-24.7,5.93,-16.55,1.7
14.46,30.31,17.53,1.5,-2.34,-1.24,10.33,2.57,-4.54,-17.07,-6.85,-1.61,8.2
15.13,32.45,18.41,5.27,5.26,5.67,12.53,2.74,-1.49,-9.97,-3.6,-3.72,1.18
14.51,42.51,25.69,-10.64,-5.08,2.57,32.03,1.52,-2.13,-24.32,6.73,-1.57,12.65
14.7,38.97,21.68,-4.37,-4.87,1.4,22.15,-3.23,-3.71,-30.43,-4.34,-10.96,4.66
14.48,37.5,21.45,-0.4,6.33,9.03,24.7,0.13,-4.18,-19.81,1.03,0.66,8.94
14.82,25.89,11.69,7.27,9.13,11.82,11.35,3.55,-1.31,-3.23,-1.52,-1.85,-0.24
14.57,39.06,21.26,-10.71,3.54,9.97,29.07,-2.84,-4.84,-14.83,16.95,9.42,18.16
14.38,22.48,7.11,-4.49,-4.2,-2.54,4.09,-10.51,-21.25,-34.34,-25.14,-17.97,-7.51
14.46,34.48,20.79,-1.77,-3.98,0.17,15.18,2.0,-1.94,-12.91,-1.89,-3.04,6.65
14.23,41.3,26.28,-7.69,1.51,5.02,18.16,-11.81,-10.18,-28.18,-8.4,-11.16,-2.31
16.17,41.82,25.94,-1.3,7.02,9.4,25.37,3.29,0.73,-14.57,5.05,1.57,13.6
15.51,33.84,21.19,6.53,9.76,14.32,24.08,1.5,-10.03,-29.56,-13.83,-10.99,6.06
16.64,44.64,25.73,-4.8,4.11,5.92,23.75,-5.82,-2.0,-18.8,13.81,5.59,20.82
14.71,21.66,8.23,3.56,3.4,4.93,4.87,-0.42,-2.1,-0.64,5.93,10.09,11.59
15.48,40.77,22.59,-11.52,-1.03,6.97,36.31,6.26,2.12,-20.19,1.44,-8.61,8.14
14.23,29.21,14.43,2.91,6.64,8.52,13.81,-1.27,-8.71,-16.94,-5.0,-0.22,10.72
14.28,33.13,17.15,-2.37,2.31,8.91,28.11,10.36,4.18,-16.27,-1.87,-3.37,5.68
13.29,29.38,13.57,-1.39,-2.31,1.28,9.99,-0.5,-6.94,-14.94,-8.06,-5.02,0.59
14.89,42.74,31.97,-12.58,3.12,21.76,40.94,1.12,-4.93,-9.53,18.27,6.32,10.28
14.43,27.0,12.43,3.72,4.21,6.89,11.04,2.05,-3.45,-9.08,-6.15,-5.29,-0.67
14.27,25.32,10.51,0.92,4.99,8.23,12.76,3.52,-0.35,-3.9,3.95,3.09,7.14
14.56,44.1,33.75,-7.21,-3.23,8.7,30.51,2.13,-7.62,-20.87,3.66,-4.55,7.13
14.48,42.87,30.83,-13.4,-12.08,1.49,36.47,10.48,8.03,-21.27,3.93,-7.58,4.15
15.54,34.34,19.18,3.7,7.34,11.35,24.92,10.92,3.55,-16.47,-12.99,-18.58,-6.18
14.75,37.23,20.96,-3.32,2.21,6.75,23.65,-0.08,-5.79,-22.47,-3.98,-10.13,2.11
14.53,30.92,18.14,5.04,5.2,7.2,14.53,3.43,-2.3,-12.7,-4.51,-6.1,-1.65
14.54,38.45,25.49,-3.96,-4.7,3.35,25.07,3.32,-7.29,-20.77,2.92,-2.31,4.32
15.03,29.98,14.36,0.73,2.84,6.22,15.83,4.19,-0.7,-11.59,-2.67,-2.76,8.8
14.34,33.92,16.99,-3.71,5.93,6.54,20.0,1.03,-3.44,-12.52,2.42,6.16,14.62
14.31,33.9,22.22,1.95,0.25,1.24,18.38,6.75,-4.02,-19.21,-6.55,-1.74,10.43
15.1,36.01,22.25,-4.9,-1.85,6.44,32.58,18.94,12.55,-8.91,2.54,2.61,17.88
15.23,24.37,13.21,9.13,8.96,8.19,8.15,0.45,-3.25,-6.53,-3.14,-1.42,2.58
14.86,41.94,35.38,-4.91,-0.73,15.78,35.24,1.75,-3.94,-11.05,4.03,5.54,8.33
14.34,37.29,21.82,-6.84,-2.88,1.59,25.71,7.88,-0.62,-21.78,-2.62,-6.03,10.84
14.51,31.01,19.17,4.51,-0.21,-1.96,8.83,2.37,-3.78,-15.09,-8.05,-2.37,5.47
13.52,28.24,13.71,-2.16,-4.89,-4.61,2.07,-3.95,-6.29,-11.81,-3.03,-2.96,2.22
14.3,24.28,10.21,1.84,1.98,2.5,5.36,-2.93,-5.96,-8.74,-5.5,-7.89,-5.83
15.18,46.66,36.06,-17.82,-7.26,19.08,40.02,2.75,2.0,-3.72,28.05,6.66,14.42
14.1,22.92,10.53,5.45,6.39,7.08,9.6,3.45,0.19,-2.64,-0.48,-0.04,2.27
14.53,35.89,19.73,-4.26,3.87,9.82,26.95,7.9,5.94,-1.82,13.65,8.58,17.1
14.51,31.27,16.13,0.83,2.85,3.5,12.3,-1.83,-3.21,-7.82,4.2,3.7,5.4
15.12,33.96,17.95,-7.03,-6.6,-4.01,18.21,3.06,1.92,-17.92,-1.36,-5.06,7.96
14.76,35.86,18.33,-5.79,-0.56,-0.72,16.28,-0.42,0.72,-11.12,4.39,0.75,8.6
13.88,30.26,14.3,-3.51,-5.42,-3.05,10.3,-4.72,-8.46,-23.64,-12.05,-11.69,-0.7
14.88,42.14,28.15,-4.37,-1.49,2.77,30.11,7.06,2.34,-23.41,-3.05,-8.79,6.1
13.62,33.57,21.12,3.36,-1.16,0.79,11.46,1.45,-3.62,-16.45,-2.1,-1.1,7.77
13.98,29.56,12.06,-6.91,-5.83,-3.05,4.41,-11.76,-13.25,-18.9,0.23,0.28,10.16
14.44,41.6,32.14,-1.58,-4.64,1.08,23.74,6.27,2.64,-12.85,8.48,5.72,13.66
14.5,41.89,28.62,-7.15,-1.13,7.08,29.72,-0.39,-10.53,-22.18,2.39,-1.53,17.91
14.95,30.25,20.92,7.98,4.31,0.24,8.92,3.98,1.55,-7.09,-2.5,0.45,7.92
14.37,33.12,17.7,-0.25,3.78,6.45,19.5,1.27,-1.43,-11.03,1.5,2.89,12.77
13.35,29.66,16.36,4.85,1.17,2.72,9.69,2.71,-0.39,-7.98,-4.01,-5.08,1.98
13.79,33.7,19.43,1.46,5.62,8.31,18.03,5.59,-1.9,-18.16,-9.65,-12.31,-0.49
13.77,42.35,24.15,-9.37,0.74,1.76,20.95,-4.71,-3.99,-22.44,-5.25,-7.71,4.62
13.48,31.54,16.86,-5.04,-8.92,-7.43,10.79,0.64,-5.75,-21.07,-10.42,-5.69,8.27
14.61,40.72,28.76,-1.04,2.02,9.44,28.74,7.51,5.54,-8.0,8.98,5.88,11.53
14.31,42.33,30.05,-3.65,-6.04,2.47,23.87,5.84,7.12,-6.01,13.31,-2.74,5.07
14.38,42.61,25.18,-5.57,-2.7,0.76,20.8,2.21,8.6,-9.72,4.73,-2.07,12.47
13.55,41.16,29.08,-13.67,-10.53,-2.75,19.83,-0.66,-3.41,-15.0,4.09,1.78,15.58
13.81,33.02,18.35,-0.03,4.1,8.38,26.48,14.91,5.89,-7.62,-2.57,-7.18,5.0
13.78,35.91,18.37,-6.64,-5.53,-2.92,13.17,-7.98,-8.97,-21.39,-2.69,-6.29,0.87
14.9,40.86,25.03,-5.73,2.34,8.07,30.99,9.83,5.64,-12.51,2.01,-5.88,2.08
13.82,34.17,22.05,6.52,1.26,-2.51,10.66,6.89,9.93,-2.85,-3.46,-9.73,-0.51
13.52,43.89,30.98,-13.44,-15.54,3.29,27.23,-2.73,-1.09,-14.72,12.64,-0.45,11.0
14.92,33.42,21.31,6.77,3.1,2.11,15.97,8.9,3.82,-8.43,-7.14,-8.39,-1.61
14.51,44.85,29.91,-9.96,-7.81,1.22,32.05,6.23,11.4,-9.48,11.63,-1.72,9.9
15.04,36.45,20.6,2.08,7.33,9.47,23.81,6.76,5.97,-4.55,3.2,-2.81,4.9
14.73,21.45,9.16,4.87,2.29,1.44,1.64,-3.54,-8.82,-13.99,-14.99,-13.27,-8.53
14.78,29.38,17.62,9.04,9.72,11.05,16.14,9.13,5.06,-2.5,1.13,-0.31,3.28
14.32,26.64,16.05,12.01,12.88,12.08,11.91,0.57,-6.93,-11.89,-8.08,-3.15,4.35
14.14,27.56,17.37,9.9,9.71,9.07,10.99,-1.88,-12.94,-19.47,-14.28,-6.02,0.32
15.02,33.46,19.72,6.13,6.12,7.19,13.94,-0.4,-5.85,-18.17,-9.81,-10.37,-3.42
14.71,33.98,22.62,4.35,3.83,2.78,13.76,0.42,-12.52,-30.81,-20.78,-12.32,4.81
14.31,27.62,16.76,9.6,6.8,4.38,6.88,-1.78,-6.52,-11.96,-10.41,-9.87,-4.98
14.71,35.87,23.24,4.29,7.14,7.8,19.55,1.04,-6.64,-21.99,-16.31,-15.15,-2.4
14.55,32.3,18.42,2.63,3.72,5.79,15.86,1.0,-8.28,-23.61,-10.11,-8.52,2.72
14.99,29.99,19.09,8.52,5.67,5.8,15.1,8.77,-1.03,-15.24,-13.22,-8.29,3.74
14.66,31.51,20.93,7.9,5.79,1.66,5.53,-2.97,-10.99,-21.69,-14.56,-9.42,0.05
14.55,29.37,17.17,6.75,8.66,9.16,11.95,-4.97,-14.52,-20.43,-1.46,7.61,17.16
14.88,23.32,11.23,6.42,3.42,-0.55,-3.19,-7.9,-8.67,-9.66,-11.99,-15.35,-16.23
14.61,38.38,24.34,0.92,5.73,8.43,27.46,3.6,-3.62,-17.88,-1.58,1.4,13.82
14.26,34.63,16.11,-0.61,10.51,16.44,29.43,4.79,0.05,-16.03,0.87,-4.2,7.74
14.84,28.34,15.11,5.65,8.59,10.6,17.93,5.66,-3.1,-13.98,-8.15,-5.41,2.1
13.97,25.07,10.95,4.98,6.41,10.55,14.24,5.79,-0.73,-5.67,-1.69,0.65,6.93
14.67,30.9,16.68,4.39,7.99,11.64,22.17,13.32,9.49,-0.93,2.06,-3.35,1.4
13.9,38.73,25.23,-1.78,-0.88,11.07,29.71,1.23,-3.16,-26.26,-4.75,-13.23,0.95
14.49,34.42,20.52,5.28,7.01,6.92,18.23,1.09,-0.4,-11.35,-11.86,-16.36,-12.61
14.34,42.52,28.14,-9.15,-10.14,4.14,35.22,1.18,3.2,-19.11,7.49,-4.53,16.83
14.47,30.96,16.81,1.98,3.61,7.71,21.61,8.48,-0.2,-15.96,-5.43,-3.91,6.83
13.6,27.88,15.53,2.52,7.15,8.09,12.96,-8.34,-19.34,-29.28,-13.21,-8.66,3.89
13.52,29.47,16.03,3.49,3.58,6.0,12.53,-0.57,-4.45,-12.25,-3.03,0.2,3.93
14.88,26.19,13.87,5.23,4.55,6.32,14.39,8.66,2.26,-8.92,-9.7,-7.16,-0.63
14.02,40.5,33.17,-4.93,-10.67,4.09,30.96,15.84,2.08,-15.79,2.66,-3.49,10.47
13.77,36.07,20.42,-2.97,-2.53,1.4,19.31,5.29,1.19,-19.48,-8.15,-10.4,-0.6
14.18,33.68,18.92,0.99,2.31,3.89,18.02,3.27,-2.94,-15.67,-5.62,-5.79,7.97
14.75,26.68,12.82,3.12,1.16,2.73,7.62,0.1,-7.68,-17.29,-15.03,-11.88,-5.94
13.91,26.4,14.01,6.68,7.87,8.87,11.31,2.22,-3.68,-10.62,-7.88,-7.6,-2.72
13.84,30.92,19.23,4.16,1.21,1.42,9.16,-3.23,-8.24,-20.28,-12.08,-9.27,-2.79
15.45,32.18,20.66,10.56,10.54,9.59,12.32,-0.56,-6.58,-15.19,-6.0,-4.75,3.09
14.97,32.29,17.08,6.56,9.65,8.78,8.99,-9.21,-16.6,-19.62,-5.63,-1.25,6.21
14.11,31.95,18.64,4.27,2.41,4.18,14.2,1.87,-3.08,-13.78,-6.67,-4.81,0.58
15.74,27.25,17.8,16.2,15.88,13.03,9.12,-2.27,-6.58,-7.35,-1.91,-1.13,-0.52
15.02,42.68,31.08,4.86,3.78,11.24,21.59,0.26,1.63,-13.32,4.32,0.3,13.78
15.15,28.14,17.52,12.15,12.28,13.8,16.05,8.27,0.42,-8.65,-8.1,-6.21,-2.45
14.19,21.6,9.28,4.66,3.3,2.54,3.38,-0.46,-1.02,-2.17,-1.11,-2.13,-2.25
14.96,46.39,41.06,-9.08,-10.15,9.22,36.94,2.95,-4.96,-7.02,26.78,2.54,7.89
12.89,32.31,17.9,-4.79,-6.97,0.09,14.26,1.13,-6.35,-17.66,-3.8,-4.24,4.18
12.6,32.76,19.47,-4.67,-5.58,4.84,23.12,4.59,0.49,-11.44,2.94,-0.14,0.29
13.8,32.54,17.1,-2.66,-2.93,-3.61,7.07,-8.45,-10.26,-16.94,-0.23,1.85,11.27
14.64,26.66,13.05,4.72,4.14,7.74,13.26,6.34,1.9,-5.47,-1.88,2.11,9.53
14.76,31.38,17.97,3.54,0.08,3.81,18.89,11.87,8.74,-7.96,-3.47,-1.91,7.6
14.76,34.88,23.02,5.58,6.66,9.84,20.81,4.92,-4.44,-19.9,-7.98,-7.77,4.78
14.39,35.64,21.79,3.98,5.69,6.15,18.48,6.67,0.44,-10.11,-0.2,-6.24,5.38
13.79,33.33,17.44,-0.88,1.69,5.63,18.87,1.75,-0.33,-12.22,0.19,-0.84,5.05
14.21,38.73,21.79,-8.03,-0.23,5.1,22.37,-5.88,-11.51,-27.37,-8.61,-14.97,0.76
13.96,36.3,20.85,-1.67,-0.45,-1.09,14.36,1.69,-5.06,-18.75,-8.56,-7.04,4.32
13.97,33.2,19.27,-9.02,-7.06,-4.29,13.05,-3.09,-11.82,-28.14,-2.76,4.94,27.64
14.45,29.97,16.67,5.68,8.39,12.46,15.97,3.73,-1.01,-3.82,13.04,16.08,19.01
15.03,25.24,13.65,8.31,7.2,7.38,9.73,3.31,-1.11,-5.29,-1.68,2.47,5.31
14.73,23.59,12.06,8.53,7.59,6.01,3.94,-0.74,-2.49,-0.39,3.03,3.78,4.36
14.63,28.26,16.82,10.65,10.34,10.73,13.05,2.3,-2.43,-9.2,-5.49,-1.87,2.44
14.92,40.84,25.2,-5.04,5.28,11.22,31.89,7.67,0.85,-20.94,-2.28,-4.87,13.28
14.91,29.64,16.18,5.18,6.53,9.56,18.88,9.38,2.32,-10.83,-7.97,-7.41,2.69
14.91,27.98,14.96,5.67,5.87,5.63,7.29,-7.79,-14.59,-17.79,-5.88,-0.28,3.79
14.84,30.18,17.39,2.91,0.32,2.69,14.77,9.99,7.35,2.64,9.87,8.36,8.91
14.01,31.62,18.03,-1.01,-0.43,4.17,20.56,7.94,-1.87,-20.07,-3.03,2.54,17.2
13.26,28.23,10.27,-10.41,-7.75,-1.38,11.19,-1.85,-3.78,-12.02,3.52,7.65,22.87
14.3,35.41,22.51,1.34,-2.53,0.15,14.99,7.67,4.05,-8.55,3.98,0.45,5.21
14.35,36.76,21.42,-0.36,2.91,7.77,25.54,7.23,2.89,-11.34,6.51,4.78,14.06
14.74,33.47,17.71,0.55,5.09,11.15,27.63,14.2,10.89,-4.26,2.61,-5.99,1.74
14.76,39.77,25.55,-4.91,2.6,9.92,33.09,-3.05,-9.53,-32.86,-5.14,0.38,18.6
14.9,37.66,21.9,0.91,12.44,17.74,34.25,8.04,-0.55,-22.88,-8.96,-10.89,6.3
14.03,30.63,14.91,-1.79,4.24,11.29,27.75,14.35,11.67,-2.83,6.97,6.18,18.4
14.22,23.27,10.63,4.74,4.69,4.98,7.04,0.66,-3.6,-7.33,-2.81,0.02,4.56
14.68,29.18,15.95,1.7,1.35,4.74,19.96,8.64,-0.63,-19.44,-9.34,0.02,16.77
14.78,27.69,14.55,4.39,5.27,6.95,13.38,0.8,-5.78,-12.27,-1.99,3.59,9.98
15.21,29.83,16.22,3.94,4.09,6.05,14.22,3.36,-3.48,-11.78,-4.36,-1.22,6.23
15.35,38.62,22.89,0.05,6.44,9.25,23.0,2.92,1.15,-9.05,6.22,2.06,11.82
14.91,31.86,20.18,5.42,-0.14,-2.86,7.68,1.49,-4.78,-16.63,-8.7,-2.14,10.24
14.78,26.23,12.38,3.81,0.54,1.6,6.73,2.7,-2.41,-9.46,-8.71,-5.45,1.66
15.0,37.32,23.3,2.58,4.27,6.68,21.72,6.75,2.15,-12.95,-0.76,-2.71,7.92
14.97,48.26,36.52,-15.9,-6.54,7.44,42.69,-5.39,-7.33,-33.6,7.2,-2.44,20.55
13.83,37.65,17.36,-10.83,1.63,4.37,18.51,-11.0,-13.91,-28.78,-9.63,-16.57,2.17
14.28,45.03,32.0,-11.44,-5.26,5.37,29.15,-4.57,-8.69,-27.97,-3.52,-9.9,10.14
13.37,42.78,35.59,-14.38,-17.09,0.69,24.8,-15.57,-22.93,-29.05,1.96,-0.34,6.91
14.38,34.72,22.04,-3.64,-6.75,-5.66,12.29,-7.9,-18.85,-38.76,-24.5,-23.64,-8.98
14.45,39.15,23.01,-2.66,1.75,3.82,20.28,2.16,-2.57,-20.13,-2.55,-7.57,8.03
14.66,32.6,17.44,0.42,-3.28,-1.83,11.79,6.75,2.16,-11.29,-4.59,-2.02,11.15
14.43,32.73,20.14,4.82,2.89,4.22,18.36,14.24,13.02,-5.0,-7.13,-11.53,-0.91
14.68,44.74,26.39,-13.45,-2.44,9.02,34.12,0.83,-1.14,-31.24,1.59,-13.33,1.49
14.12,36.92,23.4,-0.39,-1.94,-3.66,17.97,10.66,14.28,-0.4,-1.24,-14.02,-1.32
14.02,33.12,20.62,2.21,1.2,2.19,16.75,5.78,2.97,-14.06,-5.83,-6.08,1.08
13.8,24.93,10.45,-0.84,1.25,5.05,10.62,-4.11,-14.35,-23.41,-13.77,-8.83,-1.95
14.23,27.99,14.14,4.94,4.81,8.12,12.63,3.91,-3.29,-11.91,-9.77,-7.73,-0.75
14.54,28.42,14.34,0.45,-0.76,2.48,15.83,10.18,6.66,-3.42,6.94,11.87,20.58
14.67,36.37,23.43,5.95,3.02,3.78,18.72,8.49,4.85,-6.26,0.45,0.3,9.93
14.79,25.07,14.14,8.25,3.55,0.85,3.0,2.3,2.05,-1.48,-1.6,0.17,3.8
14.8,25.31,15.36,11.21,7.69,3.32,2.66,-2.51,-3.07,-4.59,-2.3,-1.95,2.61
14.41,22.76,10.5,6.34,6.33,6.58,8.86,4.81,3.82,0.75,-1.19,-4.27,-4.21
14.79,38.96,25.9,1.81,4.21,9.26,24.41,11.46,9.48,-8.69,4.35,5.41,17.68
15.3,29.75,16.23,4.15,7.75,12.59,23.02,12.04,5.59,-7.16,-0.05,1.93,8.71
13.88,22.19,7.57,-0.72,-0.34,1.5,6.03,0.03,-1.73,-3.42,2.13,1.54,0.3
14.13,30.24,14.42,-2.09,0.55,5.71,20.64,9.5,4.56,-11.13,-2.04,-0.39,12.2
14.28,34.72,19.53,-0.99,5.04,8.34,26.26,8.39,3.68,-17.17,-7.18,-5.43,4.9
13.91,26.3,12.43,2.7,6.99,11.03,19.46,5.24,-4.75,-16.32,-11.35,-7.58,3.28
15.44,31.98,15.97,3.82,9.01,16.34,27.73,15.21,9.43,-4.89,-4.27,-11.47,-8.59
14.56,46.1,32.43,-15.44,-5.84,10.31,36.39,-1.57,-2.52,-14.63,10.22,0.74,7.76
14.95,41.67,21.27,-7.29,1.38,6.49,24.67,0.62,2.14,-13.66,6.51,-4.36,4.77
14.58,27.3,14.37,4.96,2.54,3.57,11.15,5.93,2.49,-2.75,0.94,2.15,5.03
14.49,37.4,25.64,0.67,-0.43,2.56,19.77,11.41,2.76,-12.22,3.97,1.98,16.22
14.32,38.57,24.78,-0.09,1.58,4.29,23.05,2.64,-1.4,-24.86,-7.2,-5.84,12.45
13.92,28.59,15.91,3.63,1.27,3.07,11.69,4.9,1.62,-5.41,1.28,2.59,8.31
13.78,39.76,29.28,-9.27,-11.45,-4.03,21.11,3.45,-0.67,-19.81,2.97,5.02,23.06
14.52,25.53,13.37,3.66,-3.41,-6.55,1.06,4.73,7.66,1.45,-0.12,-1.7,6.33
