5.09,6.11,0.47,-15.95,-8.06,9.14,3.11,-1.56,-8.31,-5.3,3.11,4.13,-1.69
7.43,7.48,0.74,-29.71,-35.13,-0.49,29.32,2.1,-14.68,-13.89,-0.39,15.94,11.39
10.64,12.57,-6.26,-14.08,-3.73,2.8,6.19,-5.04,-4.96,-5.9,2.95,-0.46,2.32
14.44,30.26,10.58,-10.89,-3.97,2.83,20.67,-1.05,-6.04,-24.42,-5.65,-7.3,7.36
15.28,28.71,9.16,-6.67,0.24,-0.48,9.23,-3.14,2.69,-0.22,11.58,5.32,9.88
15.77,51.41,20.39,-30.61,1.01,8.14,39.91,-16.54,-1.74,-23.33,21.5,-8.79,11.37
16.04,29.43,12.05,-6.86,-1.49,5.33,21.58,4.16,-1.28,-12.1,7.13,7.57,16.01
16.3,37.3,16.36,-10.7,-0.91,3.23,26.82,9.06,9.84,-5.68,15.39,8.38,21.73
16.2,31.24,10.69,-15.64,-4.28,4.6,25.9,-3.19,-7.39,-22.54,6.41,4.2,18.08
16.74,28.42,14.86,1.71,0.13,2.41,16.83,11.12,4.94,-11.07,-4.03,2.68,15.49
17.12,39.35,16.86,-11.98,0.19,0.58,20.9,-4.71,2.83,-11.27,14.23,6.03,22.02
17.45,44.9,16.29,-18.14,3.77,-7.25,24.83,-4.67,10.66,-6.31,23.08,9.76,20.68
16.52,50.47,22.41,-28.08,-8.01,-7.17,27.8,-18.34,-6.03,-25.5,17.62,-7.31,9.85
17.09,30.95,14.0,-3.93,-3.05,-2.0,9.28,-6.77,-8.99,-19.2,-0.86,4.64,20.14
17.36,31.46,13.62,-4.18,1.88,2.78,12.82,-4.46,-1.98,-6.36,12.11,9.65,16.33
17.12,32.06,8.82,-13.12,-2.1,3.77,18.64,-4.27,-3.08,-14.75,7.27,1.4,13.95
17.12,49.57,18.07,-30.96,3.52,4.84,37.66,-13.29,1.53,-25.13,18.94,-4.63,19.35
17.5,25.58,7.22,-5.83,6.21,12.85,22.09,-2.05,-8.8,-18.83,1.61,3.1,13.07
18.18,30.86,14.55,-6.88,-0.7,6.89,25.84,3.06,-3.41,-16.44,8.52,9.65,18.52
17.09,31.47,13.53,-6.03,0.56,3.29,16.39,-6.06,-12.45,-27.46,-6.98,-4.75,8.81
16.98,26.23,7.63,-6.93,0.82,4.89,13.47,-3.59,-4.26,-8.05,8.22,7.75,14.66
17.95,43.9,17.09,-16.5,2.19,6.05,27.84,-15.26,-9.44,-27.15,11.1,-6.23,11.18
17.88,40.28,19.02,-17.88,-1.57,11.15,40.67,-2.05,-6.2,-25.24,12.48,-4.6,6.98
17.63,33.59,13.85,-14.59,-9.66,-3.71,24.4,5.57,2.45,-19.85,-1.38,-9.91,1.41
17.96,32.44,6.78,-21.8,-3.13,1.29,21.55,-9.29,-2.74,-15.25,10.05,-4.11,8.35
17.91,34.5,6.68,-25.99,-5.47,0.13,20.06,-18.51,-12.68,-26.04,10.34,-4.51,8.58
17.63,34.95,10.36,-21.75,-0.11,8.46,33.39,-6.62,-7.29,-27.26,6.74,-5.21,12.79
16.99,39.84,9.89,-30.98,-7.21,-1.96,29.4,-16.79,-9.02,-30.47,7.06,-16.04,3.94
18.1,33.28,11.22,-15.57,-0.27,8.32,29.27,-1.58,-2.43,-14.94,12.49,2.52,12.35
18.36,32.81,9.09,-15.91,-1.74,5.96,24.5,-3.19,-1.02,-12.56,13.04,1.41,10.92
18.08,56.45,15.59,-37.16,8.0,-8.7,37.48,-17.28,10.34,-18.4,20.01,-6.71,11.51
18.29,42.04,20.22,-17.48,-6.91,-2.24,26.34,-5.41,-1.37,-17.07,14.54,0.1,11.89
18.27,34.5,15.19,-8.86,-3.55,-0.27,17.98,-0.28,1.0,-10.01,9.43,4.06,12.29
18.2,51.53,22.8,-28.53,-5.58,-2.88,32.39,-13.96,3.23,-23.6,13.62,-10.16,14.43
18.29,46.26,18.26,-18.56,5.16,2.37,29.56,-10.04,-0.1,-19.86,14.86,-1.94,13.21
17.85,35.43,15.89,-7.21,5.05,12.06,31.21,2.93,-0.3,-17.77,7.08,2.42,15.71
17.75,34.04,14.6,-9.71,0.67,7.68,27.22,0.53,-3.65,-18.16,5.1,0.33,12.13
18.96,48.64,17.97,-18.74,13.47,2.33,44.14,-2.21,9.68,-16.77,23.6,15.57,15.87
18.64,29.18,11.45,-5.2,3.22,10.52,26.82,9.43,5.18,-6.98,7.2,5.08,13.36
17.79,29.98,8.47,-20.57,-11.4,-3.41,20.37,-4.78,-7.27,-23.16,2.45,-2.7,10.37
18.08,36.59,16.0,-13.95,-6.88,-2.25,21.53,-1.39,1.44,-13.03,13.38,7.57,21.02
18.39,61.44,31.29,-42.11,-9.23,0.93,68.63,-16.36,-1.82,-30.01,20.69,-26.41,8.9
18.1,33.05,10.29,-17.72,-3.57,3.26,26.07,-3.08,-3.55,-21.69,3.21,-3.48,13.26
18.49,42.45,15.42,-19.26,-4.93,-1.55,28.06,1.07,12.44,-7.38,22.83,5.84,23.01
17.85,34.24,10.97,-19.19,-5.3,2.41,27.91,1.42,3.36,-14.0,9.92,-3.45,7.2
17.69,31.94,7.99,-17.84,-8.13,-1.33,18.52,-3.08,0.75,-10.79,11.97,1.99,11.69
18.07,32.11,11.43,-14.59,-5.98,2.15,24.81,1.82,-1.94,-18.16,2.98,-3.61,7.14
18.13,27.43,8.5,-6.07,-5.13,0.68,11.76,4.54,2.69,-3.28,3.73,1.59,5.61
18.81,48.13,21.03,-26.69,-7.43,-4.03,30.04,-16.49,-8.59,-29.88,15.44,-4.32,17.45
18.19,23.8,4.8,-6.13,-4.25,-0.64,4.5,-3.85,-6.35,-7.61,2.31,5.22,9.3
18.39,37.83,15.64,-16.54,-3.8,3.84,33.47,6.86,9.99,-8.1,18.36,6.69,19.82
18.24,37.34,12.52,-15.36,-0.25,6.64,31.92,6.81,10.28,-10.79,12.46,-0.64,16.12
18.17,45.28,19.5,-25.51,-2.69,4.49,45.68,0.95,4.16,-26.34,15.46,-1.68,27.48
18.72,42.64,25.7,-13.19,-6.5,-0.18,34.88,9.14,7.33,-15.96,15.14,6.36,20.27
18.69,38.76,20.12,-8.82,-3.25,-0.85,25.5,4.72,4.61,-19.26,0.03,-3.01,17.35
18.47,37.16,18.34,-0.35,10.99,15.61,27.94,-0.28,-6.92,-23.73,-3.61,-4.44,13.44
17.53,30.82,16.18,0.59,1.5,-0.1,7.63,-9.67,-14.79,-24.27,-7.44,-1.86,7.64
17.72,32.78,20.5,-6.35,-2.84,4.79,31.1,8.05,-2.48,-21.25,0.44,-1.65,6.83
18.38,51.06,21.55,-30.95,-5.54,0.44,41.12,-14.39,-2.89,-26.88,25.19,-1.79,18.97
17.75,36.89,11.23,-26.76,-8.39,1.5,31.47,-5.74,2.3,-13.39,24.09,5.28,17.47
18.49,34.48,7.59,-30.44,-16.05,-10.38,19.42,-10.73,-1.57,-17.08,16.82,2.3,15.52
18.48,24.7,6.0,-12.27,-8.43,-1.2,18.33,8.11,4.55,-9.4,4.64,7.6,19.26
17.97,43.94,7.97,-39.02,-8.55,-14.6,23.58,-16.54,3.25,-21.47,18.31,-2.51,22.87
18.52,42.3,13.68,-28.45,-10.46,-2.5,34.33,0.24,13.96,-7.29,28.91,7.58,28.42
18.11,32.4,13.53,-13.82,-4.91,3.36,27.31,-2.83,-12.06,-31.98,-2.2,-0.93,16.19
18.2,32.17,7.72,-17.79,-4.31,2.31,22.42,-5.87,-4.36,-21.97,4.06,-4.24,12.9
18.78,61.02,17.77,-37.33,20.67,-8.45,52.32,-11.31,11.92,-16.09,19.39,-7.13,19.93
18.39,40.81,22.14,-11.72,0.95,7.43,34.25,0.37,-2.26,-20.83,11.92,5.03,20.75
18.51,27.19,13.66,5.05,8.32,10.99,16.89,5.65,-0.49,-8.43,-0.47,3.84,12.27
18.26,30.88,17.5,-3.51,1.95,9.96,33.46,14.03,0.03,-24.02,-7.8,-6.28,5.1
18.33,34.32,16.21,-7.91,-3.31,2.17,20.9,0.49,-0.12,-9.56,13.28,10.22,19.68
18.37,46.84,22.53,-18.22,8.42,13.06,44.71,-2.58,-1.11,-30.73,5.81,-7.36,21.98
17.4,34.01,14.28,-8.99,4.63,7.8,26.15,-2.55,-6.19,-24.53,1.4,3.31,23.24
18.22,32.23,18.33,-1.64,-1.33,2.07,22.07,9.24,0.92,-20.07,-6.4,-0.23,17.25
18.21,26.9,12.29,1.18,4.94,8.43,17.53,5.68,0.45,-7.4,5.47,12.0,20.85
17.19,38.01,15.06,-15.16,-0.65,5.96,31.36,3.66,4.9,-15.91,10.28,1.85,20.84
18.35,44.79,15.98,-16.87,11.06,2.35,34.59,-1.55,7.53,-15.06,14.77,5.69,27.48
18.87,28.33,14.75,1.52,3.07,7.91,23.4,16.19,11.79,-1.81,5.57,6.38,15.13
18.43,32.3,17.15,0.8,2.31,4.84,18.86,8.35,5.75,-6.22,4.88,6.09,16.54
17.27,31.98,16.97,0.45,1.6,3.15,16.7,6.68,4.6,-7.61,3.69,4.15,14.6
17.58,33.57,18.19,1.19,2.16,2.28,15.27,3.3,1.44,-11.57,-5.34,-7.36,5.52
18.21,26.15,11.59,1.66,3.11,7.82,16.88,7.62,-0.19,-9.99,-3.22,1.12,9.69
17.92,28.3,12.14,-3.13,3.2,8.92,23.67,7.67,0.74,-12.5,3.5,8.99,22.63
17.85,31.33,14.78,-5.03,0.77,6.05,20.23,-1.66,-7.14,-16.29,5.6,5.08,11.08
17.66,26.27,7.01,-8.36,1.23,4.35,12.25,-8.39,-9.64,-13.48,7.13,10.02,21.52
17.08,37.04,8.97,-20.29,-3.08,-0.3,19.04,-12.51,-8.29,-26.13,1.58,-10.19,12.33
17.95,31.2,11.96,-13.94,-7.43,0.92,25.05,3.35,-0.81,-14.7,11.62,9.75,19.64
17.61,34.93,11.13,-18.0,-7.42,-4.39,15.68,-10.49,-9.37,-25.26,0.26,-8.27,3.09
18.7,51.87,24.43,-21.96,4.21,6.93,48.76,-5.9,4.14,-21.32,19.02,0.35,26.06
17.27,33.33,14.64,-11.42,-2.81,3.66,24.02,-3.76,-8.12,-22.0,8.01,10.52,25.18
18.19,35.42,17.07,-8.86,-1.42,2.13,24.72,0.24,-3.92,-22.28,6.26,9.5,27.33
18.55,48.41,21.28,-19.91,1.52,3.82,41.59,-2.99,6.91,-20.06,22.46,8.02,40.58
18.52,51.89,19.48,-31.92,-2.17,-5.69,39.12,-12.77,6.48,-12.69,31.06,12.36,43.38
18.78,56.42,29.73,-25.77,2.26,3.74,53.8,-11.66,-5.61,-20.47,29.22,3.03,26.88
17.42,22.56,7.42,-2.35,0.91,6.12,18.23,11.76,7.42,-2.99,2.15,3.88,9.24
17.5,42.23,23.33,-15.51,-4.51,1.27,29.31,-6.99,-2.89,-19.97,14.96,7.57,23.79
18.02,25.83,12.15,3.12,4.16,6.24,13.14,4.14,-0.78,-6.05,3.78,10.35,18.36
18.6,34.9,15.59,-5.73,1.86,6.75,23.44,1.29,0.7,-10.21,12.82,10.69,22.49
17.91,26.0,12.95,6.15,9.32,8.67,7.69,-7.76,-10.76,-8.97,5.03,7.08,7.14
16.97,38.62,13.46,-14.96,-1.52,3.63,25.02,-4.66,0.52,-16.05,13.6,6.02,25.26
17.38,29.36,14.26,-3.38,-3.23,2.43,18.57,4.83,-3.2,-16.57,-2.44,2.21,13.91
17.84,40.28,22.78,-7.18,0.14,4.1,22.93,-8.3,-11.61,-25.41,4.13,-0.85,13.29
17.59,33.11,11.08,-14.67,4.1,8.73,27.87,-7.34,-11.09,-31.41,-2.89,-2.61,22.29
18.33,56.91,27.82,-33.31,0.04,10.82,63.33,-15.12,-1.57,-20.71,37.72,-6.23,14.65
17.81,26.29,9.45,-8.42,-8.74,-3.85,12.74,3.05,-2.04,-13.88,-0.47,3.8,14.77
18.02,35.22,14.5,-21.51,-6.89,-1.46,32.56,-0.75,-1.47,-27.77,10.31,6.34,26.83
18.41,40.41,17.78,-16.4,-1.27,3.92,32.27,-1.62,-0.67,-23.14,6.84,-3.01,17.19
18.37,29.95,11.51,-2.63,1.17,4.88,12.85,-1.2,-3.91,-11.03,-0.25,-2.46,3.58
18.4,36.57,17.66,-9.15,0.01,5.89,24.89,-4.69,-8.03,-20.0,8.44,4.16,16.49
18.31,39.74,17.79,-13.27,1.27,7.12,31.26,-3.01,-2.81,-24.02,5.94,-2.94,20.02
18.05,35.01,13.33,-9.72,2.67,4.07,18.79,-4.7,-2.42,-15.79,3.92,-1.72,13.0
17.35,49.52,15.5,-28.25,-0.33,-0.73,27.91,-25.38,-10.98,-38.22,14.68,-9.87,23.7
18.39,52.28,20.37,-23.16,9.15,-2.56,31.48,-16.65,1.65,-24.46,12.73,-5.19,18.84
18.44,49.64,19.25,-21.49,9.11,3.47,43.61,0.99,12.38,-13.74,20.54,0.65,21.07
18.19,30.71,14.25,-1.2,6.09,11.75,24.47,6.61,0.25,-13.63,-1.75,-0.86,11.99
18.07,36.93,19.21,-6.43,3.93,7.8,28.84,2.4,0.01,-16.57,8.82,2.87,15.43
17.34,29.61,10.98,-8.66,0.33,7.26,22.62,-1.3,-9.39,-26.59,-9.79,-11.06,1.19
17.42,30.24,12.24,-6.61,0.93,6.62,25.38,6.98,0.39,-19.18,-1.9,1.6,18.46
17.63,56.36,18.48,-33.7,11.99,-3.35,49.07,-13.67,6.83,-21.98,19.95,-1.03,29.13
17.95,26.27,12.34,-1.26,0.98,5.28,21.18,10.86,4.28,-10.95,2.2,9.54,23.8
18.55,53.21,23.17,-24.77,7.19,8.3,47.23,-9.99,4.01,-20.0,18.11,-2.82,22.0
18.18,41.5,17.22,-14.75,1.07,1.27,27.37,-2.54,2.57,-16.76,13.98,5.81,22.23
17.92,32.09,11.77,-13.96,0.85,4.56,24.62,-7.04,-7.43,-23.37,9.15,10.69,30.77
17.98,51.69,24.28,-26.26,4.15,11.33,49.7,-7.17,0.33,-27.1,22.47,-0.97,25.8
17.89,45.03,24.52,-16.71,-7.52,-4.34,24.2,-18.17,-18.58,-38.49,4.7,-5.35,12.46
17.32,27.2,11.66,-3.92,-7.18,-7.72,2.2,-6.43,-9.68,-18.44,-9.4,-7.61,-0.34
17.96,40.67,22.08,-11.07,-2.04,7.99,32.8,-4.56,-9.36,-25.41,5.88,-3.25,11.53
18.27,46.66,24.66,-13.96,0.13,3.14,36.89,5.37,7.39,-18.94,12.63,0.71,22.84
17.99,30.32,13.11,-5.69,-2.98,0.1,12.65,-4.23,-6.98,-14.15,5.77,7.8,16.55
17.89,35.13,14.05,-4.85,1.83,4.75,12.89,-10.55,-11.59,-20.72,-3.65,-7.84,5.14
17.67,36.84,17.61,-11.32,-5.01,-1.55,17.94,-8.35,-9.2,-23.98,5.73,4.16,20.76
17.99,33.07,16.29,-3.58,-4.77,-3.31,14.15,6.56,8.59,-1.1,11.75,11.12,20.36
17.26,45.33,19.31,-21.11,-6.91,-15.26,17.94,-14.12,-3.36,-27.93,5.59,-1.15,24.51
18.76,30.02,6.61,-14.98,-2.32,-2.21,25.79,-0.35,-4.06,-16.58,5.07,5.36,20.12
18.67,33.91,15.73,-8.54,-4.08,0.48,20.07,3.71,3.72,-11.83,9.73,9.34,24.23
18.13,32.62,14.21,-10.25,2.97,11.34,36.27,6.15,-4.11,-31.0,-5.86,-4.91,18.81
18.23,27.81,11.56,-2.79,0.24,5.18,18.19,7.67,3.54,-8.62,-2.2,-2.38,8.37
18.53,51.89,26.74,-27.52,-1.67,11.37,56.62,2.04,6.76,-15.55,31.83,1.1,17.32
17.99,30.93,13.97,-4.75,2.19,5.87,21.75,1.89,-4.79,-21.49,-2.47,2.82,20.08
18.55,43.62,18.77,-18.37,-1.26,4.92,30.9,-9.18,-2.02,-15.56,25.06,10.12,25.87
17.99,44.61,22.02,-20.48,-6.06,1.7,29.9,-16.39,-14.02,-24.5,20.37,2.82,14.39
17.81,48.35,21.92,-18.28,2.88,-3.86,23.84,-11.3,0.91,-23.41,8.24,-4.04,19.05
18.8,35.29,16.19,-7.66,0.7,6.9,26.25,6.32,8.17,-2.2,20.44,13.51,19.65
18.39,48.35,23.62,-13.58,2.14,3.71,35.07,2.75,13.04,-6.96,20.89,3.18,23.48
18.01,33.7,18.14,-0.5,0.36,3.02,18.67,6.67,4.12,-7.99,4.28,3.03,11.73
17.36,37.18,19.86,-7.78,-5.3,-2.63,22.49,4.31,3.64,-16.61,0.94,-5.89,7.84
18.05,49.38,24.31,-23.86,-7.62,-0.21,36.11,-5.2,5.52,-14.91,25.6,2.18,19.37
18.38,50.19,19.45,-25.9,0.45,-6.18,30.78,-11.85,2.89,-16.21,28.46,6.71,26.39
18.33,33.11,11.68,-14.82,-0.73,6.32,28.81,0.72,-0.98,-19.32,5.12,-0.84,14.07
18.68,37.46,14.86,-23.14,2.63,13.9,41.64,-1.63,0.58,-15.64,22.54,7.47,20.82
18.36,47.76,14.06,-32.78,5.19,9.06,47.97,-4.68,9.53,-16.83,24.51,-2.65,23.36
17.66,43.36,18.18,-18.62,4.47,8.93,35.64,-5.93,-4.61,-29.04,10.3,0.74,24.09
17.72,27.19,11.36,-4.33,-0.89,5.37,21.7,9.86,3.32,-9.87,3.99,9.57,21.09
18.34,31.61,12.25,-8.61,-0.7,6.84,25.77,6.47,3.68,-10.57,8.43,7.14,20.98
18.2,40.04,20.13,-15.91,-5.36,5.47,39.82,8.94,5.44,-19.07,11.91,1.14,18.28
17.79,51.45,21.32,-30.35,1.45,0.75,41.83,-13.86,-6.14,-32.34,15.51,-10.87,11.85
17.83,53.86,20.28,-35.93,1.32,2.15,50.47,-6.06,13.52,-21.78,18.69,-5.77,24.78
17.82,30.23,10.93,-8.1,0.3,7.25,22.78,3.47,1.43,-10.76,4.52,-2.38,4.83
17.43,52.93,21.67,-30.84,1.31,0.96,38.17,-17.77,-4.39,-27.93,18.59,-3.78,24.57
17.83,25.16,5.23,-12.32,-8.27,-0.63,15.87,5.51,2.72,-6.99,6.13,6.81,13.27
17.82,26.71,7.8,-9.26,-3.51,-0.08,11.01,-5.95,-8.24,-15.84,0.49,0.86,8.8
18.41,31.76,12.4,-6.58,2.89,10.03,26.44,7.05,5.08,-6.21,12.01,6.04,11.47
18.33,36.67,17.85,-12.01,-6.98,0.11,24.63,-1.26,-4.85,-18.51,12.08,8.64,18.6
17.84,35.05,16.16,-8.65,4.36,7.75,22.1,-11.71,-10.48,-16.39,20.22,15.17,22.95
17.88,60.27,21.75,-36.93,8.71,1.01,45.63,-26.88,-2.26,-30.15,21.25,-9.07,21.1
17.84,50.08,21.19,-29.15,-10.54,-8.76,26.8,-27.03,-20.74,-41.91,8.42,-15.32,4.28
17.37,29.13,12.03,-5.5,-1.65,3.04,16.67,1.13,-5.87,-21.5,-11.55,-11.4,1.86
17.47,57.29,20.04,-31.9,1.25,-1.99,39.77,-25.45,-1.68,-25.37,13.9,-8.06,18.98
18.38,36.9,17.11,-8.83,1.64,6.26,27.61,2.27,3.11,-14.08,3.9,-1.63,12.4
18.99,40.63,12.13,-11.97,16.77,-3.6,36.21,-3.63,9.09,-16.06,-0.21,27.32,11.68
17.95,51.25,11.83,-27.8,19.75,-0.66,46.55,-19.98,4.21,-19.47,11.05,4.7,9.47
17.83,40.97,11.74,-31.47,-2.63,6.56,41.1,0.31,7.85,-16.46,18.06,-4.13,11.9
18.28,28.07,6.97,-13.43,-0.34,7.48,24.74,1.97,0.69,-10.96,8.41,3.38,11.92
17.99,40.71,15.86,-31.03,10.75,24.56,50.62,-14.31,-5.54,-25.26,19.4,0.28,22.88
18.1,28.41,6.76,-16.49,-2.91,6.98,27.44,2.91,0.28,-14.99,5.97,0.71,14.37
18.04,37.56,11.96,-23.85,-1.06,4.91,35.77,-0.28,4.28,-19.34,10.77,-3.76,16.67
17.06,31.4,9.69,-17.86,-8.19,0.11,28.05,8.86,6.95,-14.74,3.94,-3.92,8.21
18.07,28.33,4.9,-13.6,3.71,14.85,32.29,7.17,3.85,-14.22,1.7,-6.84,9.4
18.35,37.77,12.95,-23.1,-6.58,3.79,34.82,4.13,10.08,-7.09,22.97,2.75,11.17
18.19,35.29,16.23,-14.66,-7.53,2.23,31.97,9.07,9.97,-4.44,21.42,9.23,13.15
18.4,33.13,9.67,-21.4,-5.64,5.67,31.18,-0.07,2.12,-10.99,18.94,3.82,11.25
18.37,40.78,11.83,-37.39,-17.42,-6.89,31.2,-12.84,1.23,-14.98,30.87,5.34,19.75
18.23,42.12,19.13,-22.58,-9.67,-3.31,28.6,-12.14,-10.73,-33.19,7.01,-6.65,12.22
18.26,32.26,12.31,-9.9,0.38,5.4,21.15,-6.33,-9.7,-23.78,1.74,1.22,16.1
18.53,29.14,11.24,-5.99,1.81,7.27,21.77,3.19,-3.46,-18.34,-3.06,-0.37,15.68
18.46,27.03,8.96,-7.17,1.66,10.21,27.97,13.27,9.26,-6.04,6.44,4.2,16.15
18.03,33.61,18.27,-6.09,-5.86,1.57,25.44,9.06,3.66,-9.68,14.83,16.7,24.23
17.41,55.27,17.12,-33.22,9.08,3.82,46.18,-14.16,5.18,-20.85,26.02,-8.42,22.59
18.1,40.76,21.21,-14.35,-5.83,3.54,37.13,9.09,7.17,-14.58,17.35,8.09,21.04
18.78,40.54,19.33,-7.39,5.72,11.93,32.04,3.14,3.58,-13.17,12.9,2.76,16.24
17.26,38.12,13.22,-15.62,6.85,8.64,28.64,-6.45,-1.37,-16.04,16.45,3.79,17.73
17.62,32.37,15.74,-1.64,4.24,10.18,24.78,7.49,3.66,-9.28,2.8,-1.8,6.4
17.84,44.44,23.24,-14.31,-0.88,6.04,39.59,6.66,5.32,-21.01,8.14,-5.32,14.37
17.06,54.35,23.72,-28.67,5.09,4.94,35.78,-19.93,-6.38,-25.13,24.35,-1.2,20.16
17.96,46.33,19.19,-19.97,2.13,1.51,34.77,-2.36,5.48,-20.62,14.75,0.37,22.93
18.11,34.9,16.02,-9.0,-1.71,3.89,26.29,7.33,5.86,-10.38,11.35,7.31,18.09
17.33,33.71,15.54,-6.75,1.96,4.1,20.55,-2.69,-6.19,-22.82,-0.97,0.99,17.36
18.01,46.54,18.88,-20.11,3.37,8.25,38.2,-7.23,2.29,-22.88,16.57,-3.71,20.37
18.03,34.46,18.36,-3.7,-2.55,1.33,22.99,9.78,5.43,-14.99,-3.75,-5.9,8.25
17.99,29.07,15.67,-0.09,-2.94,-0.21,17.24,13.3,8.35,-7.57,-2.27,0.85,12.86
18.77,28.4,13.57,-1.03,-1.15,2.52,16.24,9.17,7.32,-0.75,11.57,15.67,23.72
17.72,28.29,11.66,-0.95,-0.22,4.17,14.76,8.35,5.55,-2.51,4.8,6.24,11.16
17.1,37.31,17.46,-11.72,-6.14,-1.73,23.58,3.41,4.38,-12.54,8.26,0.38,13.24
18.17,31.72,15.49,-2.63,-0.73,3.61,18.12,4.58,3.17,-3.08,13.25,10.88,13.64
18.56,38.25,21.19,-7.7,-1.78,7.94,36.07,13.74,9.67,-8.44,20.64,15.92,23.37
17.5,29.71,14.65,-0.76,0.23,2.6,13.82,2.41,-1.01,-9.91,2.25,4.73,13.91
16.45,45.69,21.31,-19.08,-4.17,-0.11,27.84,-5.38,3.38,-21.75,9.78,-5.18,10.82
17.48,52.43,25.78,-25.85,1.1,3.74,41.57,-8.15,-1.0,-28.3,9.42,-13.9,9.11
16.32,48.7,19.7,-30.68,-3.55,2.03,30.68,-23.7,-9.92,-30.28,18.21,-4.89,11.65
17.32,27.32,10.69,-7.59,-4.18,-1.07,13.43,-6.09,-15.53,-35.25,-22.7,-20.56,-3.32
17.54,44.98,15.92,-23.81,0.46,1.55,32.41,-7.49,4.03,-14.01,21.92,1.83,22.15
17.87,29.4,14.26,-1.35,3.29,8.0,24.5,11.66,3.02,-15.14,-2.61,6.05,24.4
17.74,57.42,21.62,-30.26,10.86,-2.53,44.53,-8.63,7.59,-17.02,27.57,0.34,22.83
17.3,23.38,7.35,-0.74,1.92,6.01,12.22,6.52,5.43,2.15,6.73,6.18,10.03
17.1,39.12,17.9,-10.23,1.4,5.7,28.41,4.15,6.32,-10.56,9.54,-4.0,4.46
17.48,28.91,15.83,3.27,0.95,2.55,13.31,6.15,-0.5,-12.65,-7.94,-5.35,3.73
18.13,38.85,19.42,-7.49,4.06,9.21,28.04,-1.66,-4.47,-21.13,6.21,0.56,12.88
17.75,25.03,11.98,7.53,8.97,8.86,8.52,-0.43,-2.73,-2.93,4.47,6.33,7.17
17.8,31.34,16.48,1.51,3.66,7.09,19.04,6.06,0.9,-10.88,0.14,2.97,12.9
18.04,39.39,23.61,-4.32,-0.09,6.63,33.87,11.36,6.85,-15.47,5.24,-0.45,14.78
18.37,44.41,23.79,-10.08,2.49,5.28,33.13,5.79,10.34,-14.52,12.67,5.13,27.2
16.63,39.74,23.14,-12.51,-4.11,4.91,34.99,4.04,1.8,-21.33,7.11,2.23,19.36
17.49,42.08,23.14,-11.2,-2.16,3.24,30.49,-2.38,-7.07,-30.43,-1.26,-9.23,12.75
18.16,30.77,14.8,-0.19,1.27,5.2,18.55,8.45,2.3,-12.49,-5.02,-1.96,11.88
17.75,56.74,30.03,-25.63,-3.9,-6.15,35.79,-16.01,-2.72,-18.0,19.75,-6.06,17.05
17.33,46.1,13.94,-28.06,-1.29,-10.11,33.95,1.3,17.83,-9.16,22.14,5.08,32.16
18.44,39.24,18.7,-10.96,0.54,4.37,31.29,8.11,10.28,-9.97,10.08,1.24,18.48
17.66,27.31,11.46,0.36,4.11,7.02,13.08,-2.46,-9.65,-16.46,-1.17,6.94,16.66
17.27,41.1,15.36,-17.85,4.31,2.83,28.88,-9.97,-6.93,-31.06,4.08,0.16,24.37
17.39,25.72,9.06,-2.92,-0.59,0.53,8.49,-1.39,0.16,-3.49,8.3,7.41,12.87
17.48,36.38,18.26,-9.61,-6.55,-1.96,22.55,1.66,-0.68,-18.25,6.81,6.32,20.62
18.27,35.86,20.84,-3.12,0.06,1.83,22.51,3.03,-1.43,-18.61,4.26,3.96,15.67
17.65,33.1,15.74,-5.46,-2.44,-2.1,13.62,-4.09,-8.36,-26.09,-11.97,-11.8,2.08
17.92,34.1,16.75,-3.17,2.21,6.48,22.34,4.46,0.53,-12.92,4.01,0.12,7.85
17.35,31.42,13.28,-9.36,-5.75,-1.31,20.0,4.73,2.38,-13.58,5.26,7.49,23.27
17.95,39.96,23.55,-15.56,-3.71,5.01,45.56,12.72,9.84,-22.02,11.13,2.78,28.27
17.88,29.3,12.4,-3.69,3.57,8.88,21.4,2.67,-1.93,-10.25,9.88,13.09,21.9
16.83,24.16,5.36,-8.34,-1.06,6.4,17.6,1.47,-4.24,-13.48,1.52,3.47,11.85
17.12,29.63,14.89,1.42,6.55,9.12,18.15,-0.11,-8.64,-22.82,-9.5,-2.81,13.39
17.81,42.28,22.0,-11.78,-2.26,0.67,28.34,-2.63,-1.98,-26.88,5.99,2.36,25.77
18.3,28.09,14.73,3.18,3.18,7.12,18.89,11.48,4.48,-7.75,-0.96,3.44,11.66
18.73,28.59,14.32,3.13,5.47,10.52,20.57,11.44,4.19,-5.39,2.4,5.68,12.2
17.77,29.11,13.76,-0.63,2.17,7.1,20.67,8.46,1.25,-12.8,-5.84,-7.97,-3.09
17.66,41.41,19.89,-8.96,3.79,7.48,30.32,-0.94,-1.69,-22.85,2.48,-6.71,9.31
17.38,54.15,34.72,-26.79,-15.76,1.78,44.1,-15.97,-12.66,-16.03,36.58,-2.31,9.35
17.58,31.2,16.01,-0.87,-1.36,-0.13,10.91,-3.03,-7.66,-16.85,-0.44,4.7,13.76
18.42,28.86,14.61,3.31,5.05,7.23,17.11,9.33,6.8,-1.4,4.52,4.61,9.6
18.0,39.73,22.54,-3.63,2.17,7.18,31.0,10.08,9.78,-7.98,12.09,4.82,16.67
16.62,51.6,26.63,-22.08,-1.37,-3.97,30.24,-13.22,-6.02,-29.23,0.69,-20.1,7.92
16.93,27.6,12.16,-2.16,-1.13,1.43,11.48,-0.34,-4.43,-12.91,-2.7,-1.77,4.88
17.96,33.75,17.28,-3.18,2.84,7.79,26.47,8.11,1.94,-15.65,0.4,1.85,17.26
18.25,41.06,21.5,-7.87,1.84,9.3,36.09,6.0,5.6,-15.46,12.37,2.13,17.09
17.18,25.74,12.47,4.77,6.21,8.47,13.73,3.82,-3.72,-11.29,-7.39,-6.47,-2.13
16.87,29.11,10.3,-8.12,-5.58,-1.64,11.39,-2.58,-6.84,-20.16,-10.79,-12.98,-3.73
17.61,45.08,21.38,-19.67,-3.94,1.55,34.03,-6.69,0.08,-16.58,20.92,2.9,19.08
16.81,27.58,14.44,3.96,1.42,-1.03,3.06,-6.58,-10.67,-15.36,-4.53,2.09,10.52
17.98,37.22,21.75,-0.73,0.27,1.69,18.28,0.01,-3.41,-15.03,6.96,8.28,20.07
18.27,30.74,16.6,4.71,7.31,11.76,22.63,12.3,5.9,-6.62,-0.21,2.12,12.03
16.83,28.69,11.5,-4.65,-3.68,-2.43,8.79,-0.95,0.26,-5.04,7.15,6.57,12.63
16.95,33.61,12.62,-9.2,-1.27,3.09,19.82,-0.5,-2.51,-19.08,-2.67,-6.17,10.71
17.48,44.11,20.75,-15.92,3.55,7.38,39.95,1.83,3.22,-22.7,12.38,2.57,23.57
17.28,31.73,13.38,-6.32,1.12,4.81,19.92,-2.01,-4.18,-17.11,4.86,4.54,17.61
17.52,46.89,16.1,-25.84,2.25,-7.11,29.08,-9.58,0.16,-33.18,-4.28,-18.2,8.32
17.77,58.44,25.86,-33.17,2.83,3.78,48.41,-11.16,5.24,-28.85,14.83,-14.47,25.9
17.2,39.57,21.03,-13.25,-7.33,-0.11,27.28,-2.92,-2.82,-18.83,14.19,4.77,18.84
17.79,42.53,18.07,-16.79,1.95,6.35,35.87,-3.74,-1.86,-31.04,6.62,-1.44,26.51
18.04,23.16,8.1,0.07,8.24,15.03,24.09,10.49,2.82,-6.84,2.74,5.58,11.53
18.43,32.97,17.46,-10.1,-5.22,1.05,31.12,12.61,5.31,-20.47,2.22,5.45,25.75
17.57,23.64,9.91,2.4,1.76,2.97,8.11,3.91,3.01,1.46,6.13,6.59,8.19
16.77,33.13,16.69,-3.41,0.46,3.82,20.17,0.0,-6.52,-23.39,-5.35,-3.77,11.31
17.48,57.89,35.18,-33.37,-12.0,5.42,53.49,-16.78,-3.57,-15.28,27.17,-2.07,18.88
17.3,28.48,14.67,-1.32,-2.96,0.02,16.25,9.21,4.32,-9.58,-2.35,-1.0,7.11
18.23,47.47,19.87,-23.85,-0.22,-1.75,28.78,-16.27,-3.49,-26.18,19.83,10.86,37.73
17.91,29.6,15.42,1.15,0.54,1.27,12.84,4.49,4.41,-0.63,11.57,10.04,11.18
17.86,29.06,13.92,0.71,4.47,8.79,20.09,7.23,1.29,-10.55,-1.5,-1.39,5.52
17.02,35.5,18.58,-11.35,-1.08,8.08,35.2,4.55,-0.88,-20.0,7.81,4.55,17.81
17.65,28.66,12.58,-2.36,0.29,5.83,19.69,9.25,5.0,-6.2,1.31,-0.44,7.9
18.7,59.8,34.61,-22.48,2.85,4.59,68.36,-6.21,-0.51,-20.7,18.01,-11.09,16.04
18.39,52.0,30.8,-23.2,-1.38,16.03,67.46,1.77,-1.02,-26.92,23.9,-7.57,12.21
18.28,46.46,19.44,-16.48,14.15,13.02,45.01,-2.57,2.42,-27.97,6.83,-4.31,21.29
16.6,22.27,6.88,-3.98,-4.68,-1.6,6.84,-1.02,-8.22,-19.23,-16.24,-13.91,-5.86
17.98,38.95,24.92,-6.06,-4.76,-1.56,30.64,12.61,6.99,-22.41,-3.75,-3.6,19.33
17.8,35.74,19.4,-2.76,1.07,6.52,26.55,10.08,6.34,-9.05,8.29,4.69,12.37
17.39,28.83,16.26,1.76,-1.12,-0.81,12.82,6.34,1.66,-11.08,-1.39,6.26,20.53
17.47,52.77,22.05,-21.76,9.22,-0.68,39.95,-7.82,3.42,-25.0,15.68,-3.5,23.29
17.15,31.44,12.0,-4.57,6.35,10.68,21.25,-3.09,-6.82,-16.25,5.69,4.3,13.53
17.33,54.33,20.98,-34.98,3.46,6.64,45.16,-19.98,-4.85,-23.44,23.19,-6.12,20.29
17.65,43.8,25.33,-30.8,-15.0,4.35,35.82,-20.4,-8.87,-3.89,35.19,3.35,18.24
18.56,33.57,14.92,-8.4,2.72,10.04,27.09,-1.75,-4.74,-15.14,12.54,8.9,19.35
17.56,28.15,11.4,-4.43,-2.06,3.23,17.33,6.01,1.5,-9.54,1.27,0.77,9.51
17.23,28.53,11.52,-3.31,-0.1,1.37,8.34,-6.54,-9.92,-16.92,-5.36,-6.67,0.32
17.68,39.09,17.23,-10.95,2.12,7.8,26.86,-5.74,-6.38,-21.77,4.48,-7.93,5.31
17.73,34.68,17.78,-6.78,-0.79,5.31,27.87,5.47,-0.22,-19.93,1.16,1.08,17.35
18.34,28.1,15.3,0.56,6.69,12.62,28.42,12.79,7.4,-1.27,17.36,15.59,16.16
16.91,32.61,14.98,-4.25,0.62,3.61,18.24,1.42,0.48,-8.56,7.42,4.11,11.88
17.87,43.94,22.18,-12.66,4.12,5.93,37.15,2.76,5.11,-16.51,13.44,4.66,20.26
17.53,33.74,17.14,-5.11,-0.19,4.56,25.44,7.4,0.72,-18.61,-0.72,1.06,16.83
16.71,44.27,22.06,-14.59,-1.72,1.59,29.61,-3.67,1.5,-20.1,13.04,2.62,25.11
17.86,27.66,11.16,-1.02,5.65,8.67,16.64,2.75,2.7,-0.52,14.35,15.16,19.31
17.23,24.84,9.06,0.62,3.52,6.86,9.87,-0.4,-2.75,-2.9,6.41,7.35,9.44
17.88,26.98,13.33,4.17,4.84,5.08,7.72,-4.57,-8.22,-9.59,1.63,3.12,3.88
16.65,39.83,19.59,-14.54,-9.05,-5.03,20.03,-8.13,-8.03,-23.7,5.82,-2.42,11.77
17.0,36.55,19.62,-0.45,4.39,4.96,18.04,-1.81,-3.51,-16.97,-3.18,-6.41,6.4
17.39,39.78,17.87,-7.89,2.87,4.3,23.06,1.6,5.77,-9.32,9.29,-0.4,14.43
17.35,40.11,21.94,-8.65,-0.59,6.14,29.91,-0.47,-5.37,-28.07,-1.42,-9.02,5.26
17.44,47.77,24.37,-14.89,-0.7,0.84,30.99,-1.55,3.85,-22.68,7.47,-7.18,14.52
17.16,35.36,22.36,1.77,-1.46,-0.2,18.03,5.24,-1.85,-22.03,-11.52,-8.81,8.72
15.92,28.73,12.51,-4.87,0.03,2.66,15.98,-2.89,-9.67,-28.26,-16.46,-14.22,4.76
17.74,50.72,26.02,-12.05,8.89,3.24,35.98,-0.72,6.85,-19.15,14.8,-1.21,21.48
17.79,36.81,22.45,-2.73,0.15,1.54,26.61,9.89,4.13,-19.99,1.3,4.56,24.49
17.31,38.06,18.85,-8.21,0.16,3.62,21.23,-6.97,-6.16,-18.28,9.13,1.6,13.41
16.82,22.46,3.3,-13.58,-16.37,-13.77,-3.38,-12.17,-16.3,-22.18,-10.97,-6.85,1.21
17.83,36.47,17.89,-7.53,0.51,3.68,20.79,-6.79,-8.58,-22.02,4.32,0.05,11.36
17.8,38.35,20.03,-10.21,-2.51,2.55,26.06,-0.99,-2.68,-17.86,12.23,5.89,15.81
17.61,32.53,16.46,-0.83,1.18,3.77,15.9,2.43,-0.16,-10.43,2.08,-0.46,5.56
17.08,27.83,14.57,3.13,-0.12,-0.33,6.22,0.42,-2.48,-7.73,-3.17,-2.42,1.68
17.0,55.61,33.89,-30.16,-14.05,2.93,52.13,-11.05,-10.3,-25.99,29.3,-10.06,11.56
17.27,52.12,25.76,-25.53,-4.63,0.14,40.24,-9.03,0.08,-22.09,21.3,-5.57,18.09
17.46,34.28,15.85,-7.71,-1.62,2.59,21.34,2.57,2.77,-9.7,10.07,7.01,19.16
17.64,50.88,21.21,-21.92,4.88,-3.37,36.01,-1.94,12.47,-17.82,14.42,-1.03,24.71
15.96,20.72,5.29,-1.92,1.75,3.26,4.68,-7.95,-11.16,-11.3,0.91,6.85,14.1
17.25,38.79,19.19,-12.88,-1.72,7.42,37.73,9.15,8.01,-13.27,14.41,6.35,21.22
17.36,36.59,21.57,-3.03,-0.53,5.39,29.78,9.05,-0.14,-23.18,-3.74,-2.39,14.02
16.43,52.18,21.54,-25.27,6.75,-5.92,28.62,-9.02,5.39,-19.7,7.26,-8.6,19.16
17.21,42.91,20.53,-13.8,1.29,3.78,26.95,-7.88,-4.41,-23.91,5.82,-5.93,12.18
16.83,45.87,24.3,-13.26,1.69,7.78,34.4,-7.23,-8.03,-27.83,7.76,-7.01,12.82
16.04,44.04,21.48,-20.21,-7.34,-1.2,33.87,-0.71,0.65,-22.86,12.62,-5.12,7.81
16.42,35.66,16.49,-13.12,-6.36,-0.82,24.0,1.64,1.85,-15.59,9.33,7.54,24.49
17.37,28.85,11.95,-2.3,2.35,6.27,18.56,8.96,9.55,3.05,12.86,9.21,12.87
17.81,35.71,19.21,-5.71,-0.66,4.38,25.3,5.38,2.2,-13.37,7.99,6.53,19.81
17.75,44.72,21.56,-19.2,-3.52,6.03,42.61,6.69,11.54,-9.37,22.11,2.77,20.8
16.98,40.94,23.08,-4.52,4.1,8.8,31.5,5.55,2.32,-18.41,3.27,-4.19,11.94
16.5,38.45,18.17,-8.54,-0.01,-0.44,20.97,-1.01,4.01,-9.87,15.79,10.58,24.43
16.55,36.27,19.14,-4.05,-0.12,4.69,22.87,3.82,0.09,-15.32,3.84,1.93,12.11
16.75,32.17,17.75,0.44,2.13,5.53,19.62,2.9,-4.39,-17.17,0.92,6.81,18.57
16.1,49.84,20.83,-26.76,-3.21,-0.63,33.41,-14.81,-2.5,-25.95,15.16,-2.64,18.11
16.49,54.38,28.59,-22.22,6.9,7.49,43.71,-12.78,-1.82,-28.65,15.16,-0.6,22.81
17.32,36.62,20.31,-1.0,0.9,2.83,17.95,0.44,-2.58,-15.31,3.25,2.19,13.45
17.12,39.28,23.2,-2.78,1.04,3.67,24.11,0.28,-2.68,-21.47,4.13,7.69,24.95
16.24,24.58,10.11,3.34,6.87,10.35,15.02,5.05,0.83,-1.92,9.41,14.71,17.42
15.66,38.14,16.86,-11.76,-3.94,-2.18,18.17,-5.11,-1.08,-18.33,-1.16,-10.29,3.98
15.59,34.67,20.72,-1.84,-0.25,3.13,26.33,7.33,0.86,-22.15,-2.36,2.65,21.29
15.78,34.42,17.85,-3.61,1.53,6.12,24.14,4.4,-1.66,-20.4,-2.99,-2.05,13.23
15.75,44.86,21.39,-16.31,3.63,5.96,31.92,-3.29,-5.38,-30.82,3.75,-6.73,18.5
15.65,29.16,13.93,-0.07,3.69,6.42,17.34,3.14,-2.66,-13.56,0.99,5.6,17.09
16.0,24.33,9.38,-2.51,-2.25,3.95,17.79,12.36,5.76,-7.92,-3.66,0.15,10.28
16.33,26.55,13.07,2.78,1.57,2.7,10.25,2.59,-2.45,-8.53,0.11,4.92,11.67
16.3,28.62,14.26,4.59,8.17,10.33,14.35,-1.47,-12.22,-23.34,-13.85,-9.69,0.65
16.21,39.39,18.11,-9.62,8.11,10.73,31.25,-4.75,-5.06,-26.63,4.21,-1.61,17.97
16.02,25.4,11.52,-1.97,-3.84,-0.83,13.74,11.22,9.48,-0.55,5.97,7.85,14.62
16.04,29.4,12.39,-4.42,-0.61,5.27,21.65,10.27,7.83,-3.55,8.16,7.08,15.32
15.29,25.56,10.57,-0.57,3.51,10.17,20.43,7.18,-3.19,-16.62,-6.87,0.4,13.4
15.07,27.0,9.81,-7.68,-6.02,-2.1,11.73,-1.99,-8.68,-24.16,-10.76,-5.77,8.38
16.4,26.17,11.32,2.66,4.38,8.59,14.39,4.8,-3.61,-12.07,-7.19,-1.62,7.99
16.75,30.54,16.06,3.48,3.92,4.63,11.83,3.09,2.74,-1.1,7.99,6.78,11.21
15.91,53.15,33.3,-19.45,-5.1,-2.07,31.12,-8.69,-5.61,-21.21,15.99,-3.08,21.78
16.11,39.02,20.62,-5.95,-0.36,1.46,19.82,-2.86,-3.74,-21.45,-2.73,-8.5,4.46
16.08,35.52,22.77,-0.13,-1.33,0.57,20.86,4.54,-3.06,-21.36,-0.26,5.65,20.33
15.59,37.39,20.09,-5.51,1.91,5.99,21.36,-8.23,-10.84,-23.33,6.45,6.8,20.96
15.43,40.51,20.23,-13.47,-4.41,-2.1,25.51,-0.4,-0.0,-23.56,3.67,1.05,24.1
15.36,36.55,19.9,-5.67,-3.84,0.46,22.04,-1.95,-10.33,-28.45,-3.97,-4.47,10.93
15.54,31.41,15.11,0.84,6.89,10.75,18.69,0.52,-7.37,-17.51,-3.67,-2.25,10.9
15.94,41.6,24.34,-7.72,-1.08,4.01,31.35,3.85,0.07,-22.99,5.03,6.11,26.24
15.96,30.2,19.46,9.04,5.89,2.64,7.8,-1.59,-5.05,-10.66,-0.25,3.14,9.97
16.97,22.23,10.22,5.96,4.61,2.37,2.34,-0.99,1.55,5.02,11.29,13.75,15.88
17.32,25.2,14.64,11.67,12.49,13.25,13.96,6.06,-2.1,-9.1,-7.3,-0.95,8.56
17.66,22.95,11.57,8.0,7.18,7.59,9.31,5.28,2.33,0.89,5.01,9.33,12.29
17.3,30.3,18.74,6.69,7.5,10.82,23.8,15.27,8.81,-5.25,0.46,4.79,16.43
15.79,30.84,15.47,-0.91,5.02,9.62,21.58,4.67,-4.28,-20.75,-4.26,-1.77,15.31
16.19,31.39,17.8,5.8,7.73,9.57,15.91,-0.15,-7.95,-17.52,-3.99,1.84,12.8
