18.8,3.46,4.21,15.13,0.86,8.48,-4.81,2.43,-4.92,6.4,4.07,13.88,11.26
18.83,32.73,20.51,8.49,3.12,0.72,7.64,2.81,0.09,-6.65,0.13,5.0,13.32
17.83,43.78,28.76,-1.3,-0.78,-2.02,20.03,-8.02,-10.04,-25.88,0.6,-2.63,12.38
17.76,28.66,16.44,8.94,7.17,5.98,7.85,-2.46,-10.41,-17.23,-11.43,-5.48,3.52
17.65,49.53,31.85,-2.3,4.07,1.8,20.64,-8.32,0.64,-20.27,7.88,-3.69,11.61
18.03,35.94,24.3,6.47,1.3,-4.31,5.75,-6.32,-9.68,-23.93,-14.25,-12.72,1.13
18.46,25.65,14.94,10.38,7.33,2.2,-0.62,-7.71,-8.87,-9.18,-4.43,-1.27,4.48
17.64,30.86,23.01,13.35,6.73,-5.84,-7.23,-17.02,-14.01,-16.66,-8.96,-10.82,-3.11
18.44,28.46,16.41,6.98,2.56,-3.47,-2.59,-11.1,-12.57,-15.81,-7.22,-2.41,6.21
18.3,31.25,20.0,11.33,8.29,2.98,2.38,-10.25,-14.14,-18.43,-7.13,-0.72,9.31
17.74,52.1,26.42,-11.22,9.15,-5.51,26.34,-15.5,-3.57,-26.27,3.05,-7.13,17.33
18.15,53.47,35.06,-13.78,-5.51,-7.61,28.97,-17.23,-17.54,-34.95,11.53,-8.94,12.65
18.28,29.98,19.5,12.24,9.17,4.91,6.85,1.0,-0.99,-6.81,-5.37,-5.58,-0.09
18.08,34.18,21.2,9.41,6.84,5.12,10.48,2.2,-0.14,-7.45,-0.81,0.21,6.45
18.63,41.8,29.43,3.2,-1.0,-4.01,16.94,-1.67,-1.69,-15.29,9.36,8.81,23.6
18.26,38.62,28.08,11.39,10.27,3.93,11.14,-7.66,-9.98,-18.22,-0.13,3.26,16.7
17.88,24.76,12.93,7.6,5.95,2.6,1.12,-5.85,-6.49,-5.22,1.75,5.48,9.8
17.98,33.34,23.24,10.95,6.0,0.35,6.96,-3.04,-6.05,-13.45,-4.33,-2.81,3.9
17.32,23.6,11.81,6.21,2.36,-1.13,-0.58,-2.49,-0.56,1.24,5.22,7.51,10.98
18.0,39.32,26.06,8.2,8.68,4.39,12.9,-8.51,-10.41,-20.08,-0.04,0.44,10.76
17.81,41.84,26.98,3.07,4.96,-2.48,10.75,-12.67,-12.88,-26.48,-5.65,-12.06,2.41
17.56,23.17,12.78,10.67,9.24,4.62,1.14,-4.53,-3.11,-0.28,3.32,2.09,1.69
18.67,28.82,18.55,11.39,6.73,0.04,-1.13,-9.17,-9.9,-11.54,-5.6,-2.96,4.03
18.24,29.04,18.19,11.08,7.07,3.08,5.02,-0.18,-1.42,-5.24,-2.36,-1.49,3.5
18.35,25.86,15.07,9.63,5.42,-2.14,-6.72,-14.71,-14.31,-12.0,-5.84,-3.98,-0.4
18.88,49.59,29.45,-2.06,10.47,-14.32,10.13,-21.13,-6.74,-26.05,-1.41,-14.54,11.13
18.7,42.28,34.44,9.4,1.95,-15.21,2.35,-16.26,-12.15,-34.1,-14.99,-16.44,10.5
17.77,32.96,21.05,8.49,4.78,-0.42,3.45,-6.6,-6.59,-8.78,4.92,9.33,15.72
18.34,32.18,21.96,12.98,8.67,-0.14,-0.57,-8.35,-4.07,-4.13,2.36,-1.13,3.98
17.85,45.82,26.44,-1.1,7.08,-11.3,8.07,-9.31,5.44,-8.99,7.82,-7.64,9.08
18.47,35.43,22.69,6.7,5.48,-1.0,3.75,-10.66,-5.08,-3.11,17.26,12.74,13.68
18.1,33.22,20.73,9.22,6.72,1.68,3.15,-9.19,-8.21,-8.93,3.32,3.05,8.0
17.7,32.64,21.62,10.52,5.69,1.55,7.29,1.37,0.08,-7.64,-3.84,-4.33,1.92
17.72,45.25,30.19,-1.03,2.77,-2.53,18.11,-13.56,-13.25,-29.22,6.72,5.04,24.76
18.36,36.1,23.72,6.51,2.44,-1.39,9.05,-2.75,-6.18,-17.5,-6.13,-4.81,4.6
17.37,38.18,24.68,7.25,6.55,0.46,9.47,-5.35,-4.65,-16.79,-7.14,-12.49,-0.11
18.15,35.69,22.52,2.45,1.21,-3.69,7.75,-12.56,-18.56,-35.06,-14.57,-6.86,12.86
17.26,32.99,17.69,0.87,-0.61,-4.33,3.0,-9.62,-11.86,-20.6,-6.04,-1.11,12.85
18.51,38.78,28.19,8.72,1.79,-8.07,3.98,-7.66,-2.79,-8.22,8.44,5.1,12.18
18.97,33.07,19.47,7.27,7.4,3.05,11.43,-1.69,-3.73,-12.55,-3.47,3.1,11.16
18.36,29.84,18.8,11.54,10.39,8.5,10.12,2.54,-0.57,-4.67,1.51,2.91,8.33
18.23,52.94,33.17,-5.28,9.39,-4.24,33.02,-12.8,-9.56,-19.75,13.93,-0.43,14.59
18.52,48.68,31.05,2.47,13.09,-1.31,19.05,-16.86,-7.67,-20.48,7.68,1.47,19.3
17.6,38.99,26.04,8.97,7.66,2.68,12.39,-2.2,-1.34,-12.43,-1.74,-4.15,7.63
17.63,28.19,13.73,1.78,1.25,0.91,6.61,-3.61,-5.55,-8.56,4.44,8.66,14.74
17.93,48.81,24.92,-7.18,11.83,0.88,26.3,-8.31,-2.88,-22.03,9.75,0.46,19.4
17.02,43.61,26.87,-2.14,0.83,-7.67,6.53,-21.17,-14.51,-24.91,3.63,-4.31,4.86
17.75,37.05,23.64,7.32,5.76,-0.62,3.28,-14.49,-15.25,-16.48,5.39,9.2,16.87
18.03,43.99,25.24,-4.57,0.77,-6.2,12.13,-11.59,-3.31,-17.59,6.54,-0.41,14.98
18.05,31.16,17.76,5.39,2.45,-1.84,1.16,-10.43,-13.33,-19.52,-8.69,-3.89,6.23
17.47,37.43,23.09,5.15,3.61,-4.42,5.53,-5.38,0.98,-6.44,5.03,-0.85,7.63
17.72,32.4,18.78,1.79,-3.87,-12.59,-6.25,-17.36,-13.08,-16.92,-0.57,1.17,13.44
18.44,56.38,33.2,-7.34,9.42,-22.77,17.35,-27.74,-7.48,-30.09,0.59,-15.53,11.1
17.66,29.63,16.85,9.05,5.13,0.79,-0.42,-7.67,-8.02,-7.02,1.41,3.88,6.49
18.08,30.78,18.94,8.33,3.86,-0.79,3.3,-2.69,-2.9,-7.97,-0.68,2.17,11.45
18.61,25.53,13.77,6.84,4.3,0.56,0.97,-6.43,-7.01,-7.56,1.08,5.8,13.7
18.57,32.65,17.85,4.64,8.5,9.5,17.43,1.78,-1.95,-10.94,0.76,0.56,10.56
17.5,22.41,11.09,6.34,4.91,3.36,6.04,2.55,1.5,-2.1,-1.05,-0.66,3.92
17.32,53.91,29.13,-12.4,6.99,-3.19,28.56,-10.61,3.23,-15.53,12.21,-4.12,16.52
18.05,39.98,24.24,3.91,3.54,0.33,13.81,-1.63,-0.99,-13.65,-0.5,-6.05,8.2
18.21,29.32,16.03,2.66,-2.72,-8.47,-3.5,-10.77,-10.65,-18.73,-15.15,-17.1,-7.42
17.82,31.11,18.99,11.34,10.67,10.76,13.53,2.08,-4.24,-10.31,-3.12,1.73,9.47
17.82,31.35,20.83,10.97,5.49,1.15,5.79,0.16,-3.16,-11.34,-5.97,-1.23,8.78
18.56,26.79,14.54,8.31,7.69,7.74,10.87,3.85,0.64,-1.88,3.09,5.2,9.0
18.69,56.44,40.22,-9.21,1.62,3.84,46.26,-9.17,-4.29,-14.81,10.77,-2.84,9.97
18.87,33.96,23.47,14.22,11.42,3.07,8.67,-5.66,-9.27,-15.45,-9.24,-8.66,1.23
18.87,28.3,19.2,15.44,13.37,7.77,5.44,-5.61,-11.55,-16.28,-12.12,-8.56,-3.55
18.93,41.47,27.92,4.95,4.57,-0.44,17.45,-1.28,-1.34,-15.53,-0.51,-2.9,14.43
18.71,25.99,14.94,9.74,7.38,1.57,-2.39,-11.92,-12.95,-12.3,-6.87,-5.63,-3.03
17.39,46.44,32.61,-3.33,1.7,-4.58,22.59,-10.15,-11.86,-36.63,-9.74,-13.48,9.99
17.84,48.22,28.93,-12.93,-6.34,-12.25,18.84,-14.53,-3.7,-15.91,18.2,6.24,23.18
17.81,31.16,22.14,13.35,10.99,4.34,4.96,-8.05,-10.58,-15.13,-2.63,2.43,11.33
18.11,45.23,28.01,1.38,6.43,-1.72,18.11,-6.03,0.94,-15.89,2.67,-3.48,11.6
18.54,45.7,29.86,-0.87,0.1,-4.23,18.45,-5.48,-4.56,-23.28,1.02,-5.99,15.27
18.25,25.19,14.07,8.45,3.88,-2.15,-3.92,-8.13,-6.75,-5.2,0.42,3.22,7.34
17.98,26.58,16.15,11.49,7.67,2.12,-0.73,-7.65,-8.33,-7.11,-0.43,3.65,8.19
18.25,43.72,28.27,1.59,2.18,-7.65,8.51,-8.45,0.75,-15.98,-0.32,-10.93,4.0
17.87,31.63,21.35,9.16,1.41,-6.41,-1.24,-5.43,-2.91,-8.34,-3.25,-4.33,1.96
17.58,24.12,13.01,8.64,6.19,2.47,-0.21,-8.31,-11.5,-11.62,-4.99,0.91,4.94
18.79,37.59,24.44,4.34,2.36,-0.9,11.84,-1.6,-2.5,-12.55,1.8,-0.24,10.25
19.04,31.8,19.54,9.98,10.45,8.79,14.9,3.15,-2.63,-13.28,-8.03,-4.72,2.12
18.36,35.92,24.68,10.92,8.91,4.29,11.61,-2.92,-7.32,-16.83,-5.41,-3.22,7.55
18.67,24.18,13.53,9.2,4.5,-0.37,-1.54,-3.77,-3.44,-3.57,-1.69,0.58,5.12
18.11,31.81,20.94,13.23,11.93,8.9,9.58,-0.69,-3.65,-6.71,2.12,3.36,6.01
17.38,47.1,27.93,-4.13,5.16,-1.72,19.89,-6.35,-1.28,-20.14,2.13,-8.56,6.86
17.46,29.7,17.21,7.21,3.62,-0.48,2.44,-5.96,-6.28,-10.06,-1.85,0.01,5.59
17.6,38.09,19.23,-5.75,-1.34,-4.96,12.85,-1.12,4.28,-9.99,4.76,-1.87,15.86
18.38,31.73,19.99,4.83,-2.98,-9.32,-0.64,-4.75,-3.2,-12.21,-6.75,-6.15,5.71
17.85,42.77,34.51,11.62,3.75,-1.66,16.16,1.73,-0.26,-16.67,0.8,-1.43,14.34
18.36,26.11,13.31,5.1,-0.52,-6.25,-8.11,-15.25,-17.34,-17.78,-11.96,-7.49,-2.05
18.63,35.8,24.35,10.29,7.73,-2.06,1.04,-12.65,-8.14,-12.01,-0.25,-4.7,2.74
17.74,29.72,16.37,7.71,6.3,2.84,1.51,-10.76,-13.81,-15.35,-5.81,-2.88,4.8
18.32,26.38,16.52,12.17,9.03,2.52,-2.05,-12.33,-16.13,-16.96,-8.76,-2.12,4.17
18.34,57.83,40.21,-9.15,0.28,1.12,45.78,-19.48,-13.78,-17.63,17.71,-12.07,7.14
17.98,26.17,15.3,9.21,5.48,2.42,3.97,-1.33,-5.15,-10.96,-8.63,-3.93,4.81
19.07,23.0,9.03,3.86,0.55,-2.09,-5.58,-11.2,-12.34,-8.28,-1.9,3.69,9.24
18.89,29.91,16.26,7.45,7.67,0.13,4.93,-0.67,0.11,-8.5,-2.33,3.08,4.93
17.94,46.96,27.27,-2.12,11.31,7.18,29.13,-2.35,-0.42,-14.16,11.34,-4.69,5.85
17.63,40.01,29.4,8.19,4.06,-0.08,14.06,-3.67,-8.59,-22.51,-5.52,-1.48,10.58
18.13,24.49,13.66,9.29,4.69,1.13,1.93,1.03,1.34,0.14,-1.01,-1.4,0.83
18.43,35.99,25.09,11.86,9.9,6.12,14.34,0.05,-5.76,-18.73,-10.58,-8.69,4.61
17.44,24.54,12.7,8.36,5.5,4.09,4.3,-0.38,-4.9,-8.79,-8.6,-5.75,0.72
17.31,37.18,22.63,5.21,6.59,3.55,12.41,-4.1,-5.39,-16.44,-5.8,-8.05,2.52
18.19,35.83,23.37,9.11,6.06,2.53,9.02,-2.07,-5.79,-11.44,-0.63,2.42,12.81
18.41,48.58,34.56,-5.43,-2.01,7.47,47.43,-3.52,0.54,-6.9,18.12,1.04,8.93
17.9,31.65,21.11,10.4,9.15,5.73,10.58,-4.98,-9.45,-14.5,2.51,9.44,20.04
17.77,33.61,20.42,4.51,1.95,-0.97,7.24,-5.33,-6.82,-14.02,-0.95,1.6,12.17
17.54,31.8,22.54,9.89,3.04,-2.7,5.96,-2.06,-6.58,-18.16,-9.97,-4.63,8.98
18.36,36.17,23.57,7.55,8.28,3.77,11.01,-9.85,-14.1,-26.16,-8.45,-5.54,7.16
18.34,24.0,11.15,4.94,1.11,-2.79,-4.47,-10.93,-13.4,-14.69,-11.43,-8.6,-2.05
18.28,26.07,16.57,12.58,8.01,2.44,1.17,-2.54,-4.03,-8.26,-11.09,-12.22,-6.98
17.99,29.29,17.69,8.55,3.28,-1.05,1.55,-5.78,-11.06,-20.35,-17.7,-14.09,-3.99
18.34,23.91,12.61,8.02,5.78,0.67,-2.9,-12.61,-16.23,-17.1,-9.67,-2.95,5.67
18.25,52.54,30.88,-8.64,8.88,8.06,35.02,-14.92,-12.66,-26.81,13.32,-8.43,16.58
18.24,25.41,13.41,6.1,2.6,-2.02,-2.82,-11.67,-16.02,-20.78,-17.71,-14.11,-6.73
18.1,33.42,21.41,9.44,6.36,0.97,4.14,-8.2,-11.36,-19.25,-10.46,-9.76,2.15
19.12,22.79,10.45,4.56,1.01,-4.31,-7.03,-14.31,-15.69,-15.37,-9.6,-5.36,1.02
18.84,23.18,9.51,0.49,-4.17,-11.91,-16.16,-28.41,-33.16,-37.2,-30.85,-28.36,-20.84
17.94,39.15,24.69,5.49,6.69,-0.24,8.25,-11.46,-8.98,-19.33,-4.92,-10.37,0.66
18.08,26.38,14.43,6.68,4.57,2.39,4.14,-5.92,-13.33,-21.71,-17.94,-14.05,-7.33
18.4,24.71,13.77,10.25,10.23,10.81,13.39,8.48,4.54,0.73,4.4,8.71,12.81
18.46,40.88,24.56,4.92,11.42,9.88,21.56,-5.47,-9.55,-25.52,-5.18,-9.08,7.89
18.61,32.19,21.42,10.56,7.78,1.39,2.86,-11.59,-14.1,-17.05,-2.28,2.42,10.78
17.66,34.02,17.72,4.24,4.8,3.34,6.29,-7.32,-8.1,-8.35,4.9,3.94,8.95
17.83,35.89,23.14,7.25,4.05,0.02,8.7,-3.55,-4.53,-15.26,-6.0,-6.76,4.82
17.39,30.87,18.79,4.69,1.0,-5.47,-0.76,-15.3,-17.97,-22.73,-3.48,4.07,15.75
17.03,47.01,27.85,-4.61,9.4,7.38,26.97,-5.22,-3.57,-24.76,1.68,-6.66,9.16
17.94,29.59,18.76,12.09,10.08,6.2,6.18,-4.11,-7.86,-11.58,-3.99,-0.27,4.98
18.64,35.75,24.96,12.53,10.44,6.16,12.21,-1.06,-4.69,-15.09,-6.91,-5.89,6.25
18.83,35.54,24.49,11.84,9.45,5.25,12.75,0.96,-2.24,-13.77,-8.99,-11.06,2.63
18.98,35.13,23.98,10.9,11.11,5.07,9.72,-7.4,-10.97,-23.2,-13.55,-14.0,0.14
17.91,26.29,15.43,11.23,9.16,6.03,4.28,-3.23,-6.66,-8.05,-3.64,-0.8,2.66
18.75,26.04,14.9,9.55,7.62,2.47,-0.22,-9.78,-11.84,-12.29,-5.81,-3.11,1.71
18.51,27.68,16.39,11.29,7.53,2.4,-1.77,-10.47,-14.83,-15.86,-9.68,-3.85,2.46
17.13,27.13,14.21,6.8,8.03,8.3,11.61,3.48,1.24,-1.81,3.28,3.18,7.69
17.0,22.18,9.48,5.33,2.36,-0.94,-4.16,-10.63,-13.61,-13.95,-13.18,-13.52,-12.12
17.98,55.26,38.56,-10.53,4.63,6.9,47.25,1.78,3.07,-17.46,10.3,-24.94,-3.49
18.69,46.76,27.29,-4.56,6.05,-2.29,25.74,0.91,5.68,-14.99,3.5,-3.17,17.08
18.48,25.54,14.3,9.32,6.81,4.16,4.02,-1.27,-3.14,-4.34,-0.37,1.95,5.45
17.18,33.02,18.79,4.33,1.12,-2.73,3.07,-8.69,-12.59,-20.49,-7.03,-1.99,10.44
17.66,28.87,17.81,9.09,5.51,1.35,4.13,-4.44,-8.8,-17.65,-14.97,-11.88,0.78
18.2,23.91,10.77,4.34,0.37,-4.95,-9.0,-18.22,-20.57,-18.09,-8.53,-2.97,0.8
17.88,28.97,16.09,6.58,4.72,1.02,3.13,-5.44,-6.6,-9.71,-1.45,0.8,7.63
17.78,32.72,21.46,11.16,8.54,1.45,2.33,-11.6,-13.61,-20.64,-11.41,-10.08,-2.13
18.71,26.91,16.54,11.18,7.35,1.52,-0.25,-6.35,-7.14,-8.59,-5.93,-5.48,-1.78
18.77,38.07,25.77,12.97,11.82,1.81,8.07,-10.29,-10.51,-11.96,1.56,-0.67,3.96
18.73,27.13,16.49,11.26,8.72,3.67,1.54,-5.76,-6.86,-7.94,-3.2,-0.47,6.25
18.29,34.1,24.07,12.97,6.07,-0.93,4.27,-0.67,-0.1,-7.49,-4.05,-5.93,1.22
17.65,27.58,16.99,10.64,5.79,0.69,0.83,-3.74,-2.99,-2.28,2.86,5.48,9.42
17.6,23.32,11.87,7.54,3.48,-1.42,-3.75,-8.7,-8.56,-6.2,-0.7,3.36,8.18
17.7,32.93,21.01,10.42,10.93,6.17,7.88,-8.35,-13.9,-21.85,-10.49,-8.09,2.06
17.46,33.31,23.96,13.07,7.17,-0.65,3.5,-2.27,-1.88,-7.42,-2.62,-3.24,4.08
18.61,25.85,15.2,10.19,6.1,1.14,-0.36,-5.62,-6.23,-6.37,-3.61,-2.46,0.73
18.7,23.36,11.65,7.31,3.79,-0.17,-2.21,-6.99,-7.16,-5.14,0.23,5.08,10.56
18.47,26.05,15.32,10.27,7.45,2.94,2.31,-4.86,-8.24,-11.59,-7.8,-3.02,6.04
17.29,23.14,10.63,6.07,3.95,3.24,3.53,-0.74,-4.85,-6.74,-5.01,-0.61,4.88
17.65,45.47,27.91,-2.51,4.09,3.44,21.06,-6.97,-2.23,-16.92,9.38,1.51,18.63
18.19,28.6,18.23,11.28,6.52,0.73,-0.33,-7.93,-10.49,-13.14,-6.75,-1.79,5.98
18.43,27.86,16.65,7.89,2.36,-2.83,-1.02,-7.78,-10.78,-15.74,-9.47,-3.12,6.72
18.55,30.28,19.03,8.45,5.16,2.42,7.75,-2.33,-8.49,-17.61,-10.47,-6.2,3.57
18.64,21.77,9.68,4.44,-0.62,-6.52,-8.79,-12.34,-11.69,-10.72,-8.42,-6.46,-1.92
18.87,26.79,14.96,9.13,7.6,2.83,-0.07,-12.35,-16.08,-16.4,-5.07,0.66,5.2
19.56,32.03,20.15,9.57,9.39,3.88,4.46,-11.8,-16.32,-21.91,-8.29,-2.54,8.59
17.87,28.46,12.5,-2.97,-7.39,-10.62,-5.06,-15.46,-19.31,-26.06,-15.65,-9.86,1.26
18.25,33.82,21.92,7.68,4.07,-0.05,8.21,-2.46,-6.35,-19.19,-9.57,-3.96,12.73
18.11,27.7,16.14,10.23,6.19,-0.18,-3.8,-12.14,-12.09,-9.89,-2.94,-1.27,1.69
17.81,26.87,16.49,9.82,3.37,-6.08,-9.45,-15.03,-12.07,-9.7,-3.58,-2.34,2.33
17.14,25.5,14.18,9.59,4.61,-2.51,-7.32,-12.2,-9.38,-5.32,-1.82,-3.64,-3.73
17.84,25.48,13.23,5.39,0.55,-3.86,-2.85,-7.98,-8.87,-10.14,-4.48,-0.25,5.98
18.69,37.42,24.79,1.59,-3.65,-8.99,9.52,-1.48,1.87,-9.59,12.01,14.8,30.18
18.48,38.9,29.77,12.09,3.83,-3.68,12.41,6.87,5.67,-11.78,-2.67,0.46,17.11
18.11,36.79,25.11,9.01,7.41,5.42,15.0,2.05,-1.72,-17.38,-8.15,-7.86,3.72
18.89,29.22,18.09,9.19,3.45,-3.61,-2.94,-7.94,-4.72,-4.53,0.93,0.68,5.15
18.99,27.84,16.78,11.04,7.47,2.02,0.38,-5.61,-6.27,-7.74,-4.73,-4.29,0.37
18.94,31.11,19.44,7.03,4.76,-2.96,-2.2,-18.84,-23.9,-33.02,-19.02,-12.21,3.36
18.33,30.61,18.42,7.66,2.31,-3.32,-2.5,-11.54,-13.61,-16.58,-9.72,-7.64,-0.91
18.34,29.74,18.41,9.02,5.16,0.44,3.17,-6.34,-11.5,-19.28,-13.57,-7.99,3.15
18.82,21.31,9.05,5.13,1.32,-2.38,-4.93,-9.9,-12.74,-14.05,-12.93,-9.63,-3.39
19.25,26.52,15.81,9.82,5.3,0.03,-0.46,-6.8,-9.88,-14.49,-13.38,-11.21,-3.85
18.68,21.09,7.01,-0.46,-7.32,-12.3,-14.08,-18.26,-21.6,-23.29,-20.57,-15.17,-8.95
17.88,36.48,21.98,2.82,4.19,-0.47,5.55,-17.58,-19.36,-24.78,-3.23,-2.36,6.95
18.82,44.27,23.75,-2.56,6.29,-8.12,8.12,-20.63,-14.06,-30.79,-8.78,-20.59,-0.4
18.35,30.01,19.36,11.8,8.52,3.83,4.35,-5.42,-8.83,-12.99,-7.52,-4.55,1.39
17.85,23.86,10.89,6.28,5.34,2.82,0.03,-9.21,-12.2,-11.42,-5.04,-2.32,0.66
18.4,26.43,11.56,-0.47,0.81,-0.24,5.52,-7.58,-10.66,-16.16,-1.56,5.99,18.03
18.57,36.01,23.49,6.51,7.53,8.08,21.0,3.4,-3.33,-16.76,-1.72,0.88,12.99
18.31,37.34,20.54,-2.12,0.42,-4.59,11.85,-5.15,-3.1,-17.7,0.55,1.68,20.78
17.89,30.76,20.71,13.53,12.09,8.79,8.61,-2.9,-5.48,-7.34,3.03,4.92,7.21
17.88,29.61,18.16,8.18,4.26,1.94,6.63,-1.64,-5.96,-11.46,-1.3,5.76,13.89
18.36,36.92,26.4,6.66,5.0,0.99,13.12,-7.68,-12.77,-23.02,1.66,6.41,18.22
17.48,41.09,23.49,-4.77,-0.45,-2.73,14.12,-13.32,-11.69,-25.0,1.65,-0.23,15.59
16.79,25.14,12.05,6.54,3.72,3.84,4.81,-0.13,-4.61,-5.7,-1.6,4.82,8.89
18.17,56.43,35.97,-12.43,-0.35,-3.17,30.15,-21.93,-14.33,-30.33,20.93,-4.87,22.44
18.4,28.74,17.73,9.04,1.48,-4.74,-2.5,-3.09,-0.73,-1.59,0.41,0.11,3.87
18.62,47.52,30.03,1.12,8.31,-5.91,13.34,-14.19,-3.7,-20.61,-0.91,-11.38,5.77
18.19,37.36,23.61,5.01,1.12,-4.26,6.3,-4.92,-4.57,-14.74,-3.11,-4.92,6.35
18.14,35.49,23.87,10.23,6.32,0.37,6.17,-3.7,-2.39,-7.89,0.84,-1.44,4.5
18.35,26.89,16.78,11.91,7.62,2.08,-0.46,-8.15,-12.4,-15.6,-10.28,-3.62,5.02
17.69,27.1,15.28,8.53,7.13,4.86,5.71,-2.04,-4.18,-6.98,-2.52,-1.76,2.65
17.91,35.6,23.45,10.7,8.09,2.71,7.3,-1.28,-2.18,-7.44,-0.66,-2.94,1.04
18.26,42.96,28.56,4.6,6.93,0.21,13.75,-10.15,-6.39,-18.39,1.4,-1.11,14.84
18.59,36.49,25.34,10.05,8.74,3.54,11.27,-3.56,-4.62,-12.33,1.2,1.34,13.22
18.37,50.25,33.26,-3.26,5.81,-1.47,32.82,-4.84,-6.11,-24.45,8.5,3.08,22.07
17.48,42.55,34.25,8.0,1.77,-4.98,18.61,4.0,2.34,-17.26,2.84,5.86,19.52
16.72,28.89,16.62,6.02,1.05,-1.12,6.62,4.53,4.08,-2.44,1.08,3.73,11.48
16.99,39.93,24.29,-0.42,-1.9,-4.37,12.53,-0.74,-1.26,-17.27,-0.8,-2.52,14.08
17.29,32.79,20.24,6.39,3.02,-1.07,5.58,-5.37,-7.77,-15.57,-4.98,-1.62,7.57
16.01,52.35,29.71,-11.92,3.21,-6.75,20.44,-15.75,-1.39,-19.03,11.98,0.02,15.26
18.07,39.33,25.99,5.88,6.38,-2.32,3.13,-18.68,-14.75,-20.58,1.13,-3.56,8.61
18.47,52.04,29.57,-6.93,6.63,-11.85,16.38,-15.57,-2.46,-20.8,8.88,-5.02,18.31
18.51,31.02,20.58,11.42,5.35,-1.79,-0.61,-6.12,-3.57,-5.62,-2.09,-4.15,0.21
18.51,33.2,20.8,9.24,7.27,3.11,7.54,-1.88,-4.54,-11.87,-2.63,2.06,14.04
17.39,31.71,19.86,7.03,1.34,-6.02,-0.23,-6.26,-2.07,-6.44,1.47,4.02,15.22
17.88,30.91,18.32,7.21,1.16,-3.96,0.33,-1.57,1.97,1.13,6.14,5.12,8.41
17.23,57.92,29.09,-25.68,-4.1,-20.71,27.08,-18.75,-3.02,-28.1,5.14,-15.5,12.81
16.67,45.67,28.47,-5.12,1.82,-3.36,17.68,-11.83,-12.04,-26.65,-1.18,-5.8,12.57
18.01,29.66,17.54,7.65,4.97,-1.86,-2.69,-15.36,-15.98,-17.08,-6.05,-1.7,7.93
18.66,27.92,15.44,5.52,0.12,-6.66,-6.88,-16.4,-18.61,-21.34,-12.69,-7.49,0.07
18.09,39.64,24.06,-1.61,2.41,-5.61,7.12,-22.55,-25.23,-44.9,-18.05,-16.39,9.52
17.43,44.35,30.2,1.18,3.78,-3.59,12.67,-21.76,-20.5,-29.59,7.68,3.54,17.0
17.29,26.23,14.41,7.59,4.57,0.01,-0.62,-8.05,-9.48,-9.39,-2.66,-0.12,2.58
18.66,58.53,35.28,-10.22,8.92,-14.24,28.23,-20.68,-7.08,-26.95,10.81,-8.52,22.28
18.1,28.82,18.21,9.2,3.05,-3.55,-0.74,-3.66,-0.75,-3.34,2.44,4.59,12.63
16.91,23.67,11.29,4.88,0.14,-3.76,-3.28,-5.57,-4.94,-4.63,-1.59,0.27,3.7
18.86,36.76,26.92,12.39,8.93,-0.4,3.93,-11.52,-8.9,-13.9,2.75,5.65,16.55
18.94,33.76,24.03,15.92,12.17,1.86,-1.23,-13.33,-10.77,-9.84,2.23,2.42,8.18
18.55,42.16,28.01,4.9,7.18,-0.73,10.44,-13.1,-9.87,-16.6,11.51,6.69,16.61
18.4,36.96,23.26,9.05,7.85,3.44,7.81,-4.85,-2.55,-5.75,9.05,7.0,11.97
18.43,35.75,25.37,7.77,1.74,-4.36,8.62,-2.37,-2.23,-11.68,7.38,13.87,28.46
18.28,27.79,17.22,10.14,4.95,-0.26,0.22,-4.24,-4.05,-4.09,3.31,8.43,13.44
16.78,37.28,23.14,1.67,-0.08,-2.9,12.01,-2.64,-2.28,-15.86,1.35,-0.11,10.66
17.48,49.16,32.78,-2.45,5.63,-0.6,17.42,-15.44,-10.33,-19.63,13.43,1.22,12.4
18.29,31.86,19.03,7.41,4.93,0.47,4.26,-5.63,-5.08,-7.47,2.3,4.02,9.97
18.94,33.1,19.77,8.82,4.9,1.54,3.61,-5.85,-8.86,-12.5,-4.37,-0.91,6.51
18.36,29.92,17.95,7.83,4.53,-2.95,-2.71,-12.49,-12.02,-14.15,-5.13,-3.03,4.44
17.99,27.0,17.68,14.43,11.18,4.91,0.75,-6.01,-4.9,-2.11,3.01,2.88,4.36
18.4,27.31,16.52,10.5,8.42,5.91,6.8,-1.89,-6.52,-10.27,-2.99,4.86,14.35
18.77,34.83,23.02,7.66,6.56,-1.65,3.97,-14.87,-13.27,-17.84,6.6,13.62,29.35
18.39,29.79,19.26,8.4,3.64,-7.81,-9.55,-21.68,-16.18,-14.63,0.56,3.56,11.77
18.08,27.72,15.63,8.59,2.96,-1.65,-2.27,-7.17,-8.96,-9.37,-3.62,1.82,6.55
18.32,32.52,21.3,8.06,2.04,-7.06,-3.59,-12.19,-11.37,-18.22,-10.43,-10.3,2.4
15.93,28.71,18.92,12.25,13.65,13.91,19.72,11.81,5.71,-1.54,2.1,2.0,5.01
16.35,31.01,18.35,8.67,8.49,4.71,6.84,-4.88,-7.74,-14.15,-5.1,-2.14,8.43
17.91,33.27,18.11,2.73,-0.56,-2.22,4.84,-5.13,-6.66,-11.68,-1.65,-0.09,9.61
18.41,29.73,16.57,5.41,3.38,1.16,4.76,-5.27,-7.28,-10.74,0.12,2.99,9.44
17.54,25.42,14.22,9.42,6.77,2.24,0.74,-5.1,-3.87,-2.45,1.9,1.94,4.15
17.7,32.93,20.32,5.85,1.8,-0.64,9.08,2.59,1.14,-7.56,0.94,2.04,9.39
17.63,51.74,33.43,-5.91,4.19,-2.21,27.37,-7.35,-1.24,-21.72,6.9,-4.7,20.57
18.27,27.39,15.64,8.75,7.42,7.3,12.64,8.95,5.87,0.3,2.85,4.26,9.09
18.26,26.01,13.17,6.48,3.72,3.95,6.34,1.67,-3.03,-4.94,1.0,9.09,16.26
18.48,29.57,20.89,13.83,6.52,1.05,4.32,4.4,4.96,1.2,2.84,5.55,14.7
18.35,42.01,28.94,6.52,13.2,11.45,24.68,1.63,-3.79,-13.14,8.97,10.42,18.81
18.39,31.62,19.46,8.01,9.29,8.79,11.99,-6.02,-11.69,-15.05,4.92,13.27,22.4
18.34,27.41,16.84,10.32,6.75,1.89,2.4,-2.73,-3.05,-3.94,4.35,11.19,17.88
17.22,27.69,16.4,8.47,7.12,3.99,3.05,-11.78,-17.74,-18.23,-2.72,6.11,11.1
17.81,25.24,13.01,5.47,1.19,-2.25,-0.89,-5.94,-7.59,-10.2,-4.64,0.89,9.86
18.06,30.99,21.23,11.56,4.1,-0.87,3.8,-0.68,-3.73,-10.48,-6.15,-2.22,5.98
18.01,32.03,18.83,3.63,1.11,-0.45,8.67,-4.12,-10.31,-21.01,-11.76,-8.87,1.69
18.08,32.59,21.53,11.72,14.59,15.37,19.61,1.28,-10.34,-23.93,-12.63,-6.72,6.22
18.47,24.39,11.74,4.55,0.47,-2.11,-0.64,-5.02,-6.86,-7.86,-0.55,8.93,20.1
18.23,32.36,18.13,3.24,1.53,-1.26,4.56,-8.36,-10.07,-14.72,-1.6,-1.15,5.11
18.1,49.52,32.26,-5.03,-0.96,-5.87,24.09,-12.36,-9.83,-36.85,-3.47,-11.49,17.21
17.62,23.11,11.19,5.67,2.22,-0.8,-1.15,-6.82,-9.71,-10.55,-4.11,3.17,10.19
18.05,38.87,25.3,-0.59,2.03,0.68,16.71,-10.11,-14.87,-34.54,-9.02,-5.8,13.48
18.92,30.05,18.87,10.34,6.26,2.44,4.5,-1.67,-2.41,-5.71,0.02,1.32,5.95
18.74,37.38,21.27,3.34,6.99,-2.1,11.36,-4.8,-2.44,-8.26,8.38,1.58,2.49
18.1,31.55,21.65,14.14,10.56,8.41,13.5,8.06,4.32,-6.21,-6.82,-6.37,2.34
17.31,32.9,23.19,13.33,8.06,-0.73,0.78,-7.28,-3.23,-3.36,6.18,6.02,11.47
17.86,26.03,14.03,6.96,4.32,-0.55,-1.92,-10.73,-11.68,-11.07,-2.26,3.28,10.55
18.07,29.42,19.07,10.34,3.71,-5.41,-6.22,-12.71,-10.67,-11.61,-4.99,-3.17,3.75
16.35,32.29,19.71,3.57,-2.3,-11.19,-5.43,-15.93,-14.52,-19.66,-4.88,-1.91,8.25
17.75,37.42,25.16,4.66,8.34,1.94,12.15,-8.43,-10.96,-23.49,-7.34,-7.84,8.65
18.73,31.89,20.76,9.8,4.66,-3.43,-2.08,-10.16,-7.45,-9.42,0.93,2.36,8.76
17.65,46.85,26.27,-1.33,9.62,-7.28,13.19,-15.91,-5.62,-15.96,12.89,4.65,21.44
17.8,26.9,16.35,11.06,10.09,6.45,4.97,-6.51,-10.64,-11.35,-0.16,7.81,14.17
18.14,27.17,14.49,5.9,5.19,7.07,12.78,6.16,2.37,-0.97,7.37,12.24,16.64
18.04,30.85,18.98,9.8,9.13,5.81,9.1,-3.03,-5.27,-7.03,5.19,11.5,18.42
18.04,25.91,14.06,9.07,8.14,8.47,10.81,5.27,0.02,-4.55,-2.17,1.8,7.02
17.41,45.63,22.42,-13.34,3.68,2.51,28.55,-7.94,-4.3,-18.25,22.91,13.11,28.76
17.84,27.26,13.73,5.46,2.25,1.19,3.66,-2.7,-6.69,-8.4,-0.77,5.53,11.25
18.35,22.49,9.35,2.27,-1.93,-5.23,-4.07,-6.96,-6.41,-6.16,-1.5,2.26,8.53
18.16,30.8,17.76,2.78,0.18,0.75,13.31,3.89,-3.58,-18.21,-11.09,-5.69,9.29
17.98,51.42,34.37,-10.82,-0.87,10.17,49.43,0.95,-1.75,-30.37,4.84,-11.61,13.11
17.63,31.0,17.69,5.21,2.89,2.88,10.17,0.53,-4.35,-14.45,-8.66,-7.28,1.8
18.34,33.44,19.17,1.86,-0.69,-7.49,-3.5,-20.6,-19.62,-23.04,-4.97,-3.53,6.55
18.42,35.41,20.19,1.43,-1.7,-6.71,3.38,-8.66,-8.52,-18.23,-2.86,-0.19,14.84
18.49,36.16,23.46,2.72,0.32,-1.04,14.86,-3.7,-11.62,-30.38,-12.69,-6.67,10.45
18.45,28.2,16.49,8.78,3.26,-0.58,0.37,-4.81,-8.45,-12.03,-8.49,-3.61,3.91
18.68,59.83,28.37,-16.62,16.5,-10.14,34.26,-20.1,-5.71,-30.3,9.05,-10.03,19.05
18.63,34.26,24.19,7.63,5.33,4.07,19.08,4.17,-5.87,-24.78,-11.67,-3.06,15.18
18.62,24.15,12.06,5.71,2.75,2.32,6.49,3.9,1.79,-1.15,3.17,9.32,17.14
18.57,32.31,18.89,5.3,1.2,-0.37,8.85,1.92,0.67,-6.28,3.36,7.15,17.82
18.2,41.11,25.34,-2.89,-2.75,-4.68,18.76,-2.81,-1.56,-16.65,8.17,10.18,30.84
17.23,28.54,15.65,7.37,4.04,2.99,6.38,-0.36,-4.15,-7.74,-0.48,5.92,13.41
17.5,28.46,14.4,3.32,3.45,1.51,3.52,-10.7,-15.1,-20.21,-9.45,-5.47,3.43
17.63,25.26,13.13,4.64,1.63,-2.66,-1.16,-9.63,-13.52,-20.74,-17.79,-16.41,-7.45
18.63,31.2,20.66,12.1,9.88,5.02,6.74,-4.89,-8.84,-15.01,-8.38,-6.66,1.11
18.71,26.92,16.61,11.37,9.32,6.46,7.19,-1.03,-7.31,-14.33,-10.69,-4.54,5.69
18.08,25.31,13.34,6.05,0.9,-3.22,-1.25,-3.35,-1.86,-1.55,3.03,5.38,9.01
18.85,36.04,21.54,1.97,0.96,-8.57,-2.29,-22.64,-21.55,-29.55,-8.91,-6.87,8.48
19.15,42.95,30.26,6.36,8.58,-2.86,10.87,-13.5,-13.3,-28.78,-2.41,-3.54,17.62
18.91,37.99,26.71,10.65,8.99,-0.97,3.86,-12.03,-8.03,-15.34,0.98,0.44,11.62
19.02,45.9,31.9,2.46,3.21,-12.08,9.32,-15.6,-7.48,-27.42,-1.86,-6.96,19.46
18.41,52.61,31.95,-5.08,7.45,-12.28,18.28,-21.61,-12.13,-33.95,4.11,-5.87,23.96
18.54,36.62,24.07,5.97,1.21,-6.99,3.21,-6.06,-3.71,-15.4,-4.04,-3.05,12.51
18.53,32.34,22.26,12.19,11.12,7.67,11.11,-3.36,-10.42,-20.32,-10.36,-4.4,10.56
18.86,35.3,24.39,10.82,9.05,5.18,13.32,-0.95,-6.04,-18.83,-9.15,-4.69,10.99
18.63,44.07,28.66,2.46,8.45,1.96,19.28,-8.7,-7.01,-24.4,-2.08,-5.71,15.49
18.38,25.41,13.35,6.07,2.72,-0.34,1.3,-5.66,-11.07,-17.04,-13.4,-7.57,2.63
17.61,22.99,9.32,3.76,0.6,-0.66,-1.51,-6.67,-10.81,-11.93,-8.64,-3.19,3.68
18.02,21.55,9.09,4.3,1.92,-1.48,-3.75,-10.43,-12.0,-11.62,-6.73,-2.63,3.14
18.46,35.15,23.79,10.05,5.41,-0.84,4.3,-7.34,-7.66,-13.16,-1.51,0.13,8.18
18.74,28.28,17.6,10.1,4.57,-0.38,1.31,-3.02,-4.45,-7.52,-2.93,1.07,7.23
18.55,27.57,16.6,11.72,9.45,6.68,5.45,-1.08,-2.02,-0.13,5.96,7.82,9.41
17.93,39.45,28.56,10.75,7.56,3.5,16.54,2.52,0.28,-11.08,3.86,4.49,16.13
18.07,35.24,23.85,10.65,4.81,-4.42,-1.62,-12.31,-9.04,-12.1,-1.45,-4.29,5.63
18.52,31.01,20.6,11.12,6.01,-0.44,2.42,-5.46,-8.12,-14.69,-7.47,-1.78,10.09
18.52,30.66,20.83,11.79,5.53,-1.34,-0.11,-6.63,-8.09,-12.29,-5.0,1.37,11.5
18.19,29.48,18.26,8.41,2.68,-6.08,-6.5,-13.57,-10.21,-9.28,-0.32,0.66,7.18
17.69,37.84,25.25,9.46,8.55,1.67,5.39,-11.6,-9.5,-13.31,-1.78,-8.03,0.22
17.52,40.73,27.22,4.6,2.33,-2.56,12.18,-4.69,-2.89,-14.99,1.04,-0.44,11.81
16.82,34.43,20.1,4.59,2.41,-1.76,4.42,-6.41,-1.97,-4.88,8.35,6.94,13.02
17.66,47.81,30.01,-7.73,-2.28,-7.64,17.4,-17.78,-10.91,-29.62,4.48,-7.88,13.72
17.22,40.97,26.52,-3.0,-3.28,-10.06,5.88,-18.7,-17.4,-30.79,3.34,5.12,19.28
17.78,44.17,27.24,-2.21,-1.7,-11.91,6.02,-14.06,-5.37,-21.34,-2.31,-15.3,-0.87
18.13,28.4,15.75,3.64,-3.51,-10.88,-8.11,-15.03,-16.49,-23.35,-18.31,-16.12,-3.83
17.23,25.63,11.74,1.06,-4.05,-6.69,-0.52,-1.39,0.47,-3.24,-1.54,-3.35,0.87
18.67,26.97,15.97,10.63,7.53,3.74,4.06,-0.41,-2.42,-2.47,1.94,-0.04,0.23
18.91,34.7,23.58,12.84,12.63,7.05,12.94,1.32,-1.17,-8.96,1.45,3.84,14.8
18.9,34.64,22.27,9.64,13.19,14.2,24.16,8.47,2.33,-10.9,1.12,4.2,11.43
18.3,32.71,21.66,11.38,10.96,8.22,10.88,-3.45,-8.83,-14.64,1.78,10.03,20.08
18.08,25.43,13.45,8.13,5.69,5.67,8.22,3.97,-0.21,-4.36,-2.43,1.26,6.75
18.56,31.04,20.11,12.26,12.44,11.24,14.56,3.09,-1.46,-7.59,-1.72,-1.82,3.69
17.49,28.8,17.82,10.42,9.05,9.51,14.2,6.64,0.71,-6.53,-2.51,0.26,5.96
17.42,25.65,15.63,10.05,5.29,1.67,2.14,-2.86,-7.42,-11.78,-8.31,-2.81,2.94
17.73,29.65,16.48,7.62,5.21,3.52,5.61,-2.24,-5.8,-9.74,-3.41,1.4,9.7
17.67,33.29,19.35,5.51,5.99,3.11,8.17,-6.57,-8.76,-15.45,-4.09,-3.73,5.69
17.28,35.21,20.82,2.62,5.28,9.05,26.06,11.42,4.28,-14.11,-7.64,-13.14,0.55
17.08,35.41,22.56,5.53,5.41,7.73,22.7,13.89,9.34,0.7,12.98,11.06,14.93
15.87,22.14,10.1,6.1,5.46,6.54,10.33,9.13,6.33,2.6,0.49,1.36,4.05
14.75,22.55,13.71,12.31,8.67,4.42,4.72,4.79,0.17,-5.26,-9.75,-7.35,-3.88
18.06,34.55,20.74,2.82,2.86,4.62,19.84,7.56,4.0,-8.07,4.62,3.42,9.93
18.55,35.25,18.9,-0.85,5.16,7.28,21.91,2.0,-0.82,-12.63,8.41,10.11,21.28
18.14,38.49,26.38,0.7,2.88,7.14,35.09,17.13,6.2,-16.36,3.22,6.21,21.48
17.06,22.53,11.07,8.13,9.4,12.04,14.96,9.96,5.81,3.2,5.72,7.66,9.12
15.44,21.82,9.87,7.18,7.03,8.35,10.11,7.08,5.29,3.88,4.1,4.17,4.59
14.86,21.4,10.9,9.79,9.47,8.36,7.29,4.08,2.1,1.37,1.67,1.53,2.34
15.77,27.78,10.0,-4.53,-1.94,1.8,13.37,1.83,0.82,-8.89,-0.07,-4.94,-0.75
18.07,46.52,23.18,-15.37,-1.34,-3.19,35.17,4.62,11.14,-17.89,9.94,0.58,23.39
18.28,35.64,14.76,-13.96,-1.16,4.45,35.5,17.89,21.01,0.93,15.55,3.2,15.94
17.87,25.36,11.61,1.05,1.82,7.47,21.82,18.17,11.04,-5.25,-4.75,-2.94,8.12
16.4,26.79,13.88,3.76,1.48,1.9,10.69,8.53,8.91,1.7,3.17,0.35,4.77
15.32,29.27,12.96,-3.84,3.03,10.82,29.18,15.85,9.99,-7.26,2.51,-0.56,10.43
17.66,33.18,16.81,-1.74,-2.77,-1.63,14.58,5.8,4.82,-9.84,-5.61,-13.93,-7.09
18.57,30.27,12.48,-9.12,-5.39,-0.64,23.25,13.74,12.9,-8.3,-1.66,-8.89,4.73
17.75,36.78,22.1,-9.18,-6.39,0.37,33.08,17.34,14.08,-9.64,11.58,6.81,16.18
17.06,30.8,15.01,-3.59,0.95,9.2,30.65,18.52,13.32,-5.23,2.6,-0.46,8.42
15.69,29.37,18.01,-0.72,-5.64,-4.25,18.83,14.82,7.19,-12.42,-4.49,3.1,15.39
14.4,22.72,10.1,5.42,7.66,12.24,18.37,11.24,3.88,-6.48,-4.65,-1.42,6.16
14.52,29.42,18.65,3.92,3.23,5.95,20.7,16.72,11.71,-0.08,6.83,6.37,10.64
17.91,42.62,21.82,-22.76,-14.47,-3.89,46.37,21.03,27.69,-6.04,21.15,-6.37,6.64
18.17,28.73,13.38,0.26,1.16,5.29,16.54,10.01,8.72,1.63,6.78,1.86,3.86
17.98,25.1,11.9,4.3,4.22,7.1,14.74,11.31,8.47,2.39,3.85,3.12,6.56
16.97,24.71,12.8,6.21,7.7,9.67,14.56,6.25,3.05,-1.42,5.94,7.91,9.09
17.41,37.7,12.07,-29.75,-19.18,-14.38,23.3,-0.2,9.29,-17.24,6.31,-19.14,-3.22
17.67,48.14,21.92,-31.74,-19.26,-15.46,31.93,-4.67,14.67,-12.42,23.6,-10.18,9.13
18.02,32.32,13.4,-16.86,-12.86,-5.68,29.67,16.52,16.44,-10.18,7.79,1.62,17.17
18.48,43.38,14.04,-25.74,-1.0,-4.68,31.94,2.53,16.9,-11.97,9.93,-9.67,10.67
18.28,29.65,11.46,-12.11,-4.9,5.09,34.53,19.76,12.64,-13.57,-1.29,-5.73,9.5
17.7,30.63,8.09,-17.23,-11.6,-6.19,15.29,-0.35,3.1,-10.21,8.19,2.32,15.85
15.33,28.41,7.78,-12.96,-4.13,2.29,22.14,9.08,10.14,-2.59,11.8,7.5,14.3
18.9,29.04,10.12,-13.16,-9.37,-3.58,19.79,4.87,-0.09,-22.51,-11.99,-16.25,2.51
19.17,22.86,4.27,-10.44,-6.27,-2.49,7.48,-5.59,-8.33,-15.4,-4.99,-7.22,-1.17
18.99,34.51,5.51,-16.13,-2.23,-0.18,12.39,-9.71,-0.93,-14.23,1.15,-18.25,-7.48
18.24,51.1,18.73,-38.69,-8.86,-0.63,41.78,-15.57,-0.39,-25.19,22.59,-16.03,9.07
