5.47,4.39,0.22,-21.42,-31.85,-1.19,15.44,3.93,-10.33,7.5,9.46,8.38,-3.76
6.53,5.52,0.49,-20.17,-26.78,0.73,10.56,6.96,-9.13,0.0,9.47,8.03,1.98
13.24,33.13,17.37,-5.17,-6.25,-6.38,11.78,-1.02,-5.97,-17.41,-9.31,-10.05,0.32
14.52,27.84,13.32,3.06,3.0,5.83,12.6,5.57,0.0,-9.53,-9.44,-11.74,-4.91
14.51,28.5,11.75,-5.34,-0.55,5.99,20.86,4.99,-2.3,-15.02,-0.88,1.37,12.72
15.48,34.9,16.56,-3.25,2.86,5.22,22.34,7.12,4.66,-15.92,-5.47,-10.72,8.95
14.86,29.21,12.25,-9.23,-10.08,-7.04,14.89,8.31,7.39,-8.72,1.27,1.69,17.14
15.43,29.47,12.05,-7.49,-5.15,-0.8,17.13,5.99,2.95,-10.96,0.28,-2.53,8.06
16.51,57.13,35.93,-34.57,-16.61,10.07,51.52,-6.94,8.13,-9.46,35.87,-12.58,25.37
15.66,52.04,24.05,-34.96,-6.55,-1.73,32.1,-20.52,-8.57,-35.51,14.24,-6.64,24.7
15.96,25.84,8.86,-5.83,-3.06,1.33,13.8,2.74,-0.57,-8.6,2.97,4.25,10.46
16.51,26.36,10.44,0.8,-0.52,1.29,5.57,-0.32,-4.16,-6.43,-0.15,4.1,9.59
16.94,31.57,17.26,2.97,3.55,4.76,13.3,0.39,-2.78,-9.54,3.4,5.14,12.65
16.45,44.92,28.53,-15.49,-10.71,-8.27,28.14,0.69,5.31,-14.33,13.21,2.03,18.39
16.8,43.83,25.23,-10.73,-7.43,-6.99,24.73,2.81,6.83,-21.42,6.51,1.51,21.26
16.68,26.94,12.65,0.6,-4.5,-3.72,7.54,8.16,6.77,-1.43,-0.39,1.62,7.18
17.51,42.78,24.57,-8.0,-3.88,-2.68,25.15,1.82,3.3,-16.14,7.61,-3.09,11.03
16.41,25.28,13.26,4.9,4.94,4.82,11.31,2.68,-1.83,-10.26,-1.86,4.3,14.3
16.9,38.33,22.45,-5.87,-3.93,-3.67,21.19,-0.46,-4.49,-27.97,-4.62,-2.7,20.29
17.41,31.15,17.36,-0.59,-5.51,-6.81,8.28,1.5,-0.96,-14.27,-3.01,3.93,19.74
17.91,55.98,27.94,-26.36,-2.86,-0.21,44.05,-11.27,2.93,-24.14,21.93,-5.75,24.69
17.66,27.63,11.78,-5.6,-7.91,-4.95,11.33,6.17,3.18,-8.16,1.8,4.93,14.55
17.74,29.03,12.79,-1.77,5.14,8.63,19.72,1.53,-2.97,-12.36,5.58,8.62,15.87
17.38,35.3,18.07,-13.75,-6.9,-0.84,24.67,-4.51,-11.43,-28.72,2.3,4.31,22.05
16.95,25.35,8.99,-2.06,9.55,16.98,27.19,6.12,-2.26,-13.49,0.44,1.72,9.37
17.07,47.7,17.75,-19.71,6.96,9.44,43.39,-7.13,-0.74,-36.49,3.0,-12.56,25.35
16.52,39.99,20.88,-11.12,-2.06,2.63,31.47,2.81,1.73,-21.75,4.92,2.47,23.8
17.65,28.17,13.18,-4.6,-6.96,-5.85,8.83,-2.03,-7.23,-19.95,-7.39,-2.31,10.46
17.43,57.41,26.14,-23.04,11.49,-10.58,32.34,-13.57,-6.8,-24.22,10.64,-11.18,20.97
17.75,44.08,24.46,-16.23,-7.42,-1.15,32.82,1.11,1.97,-18.96,11.84,0.82,21.26
18.06,32.8,14.38,-7.31,-0.54,5.58,24.24,6.53,4.0,-11.9,1.06,-6.83,1.71
17.5,38.63,19.51,-11.38,-2.34,2.06,30.28,6.5,6.57,-18.36,5.03,0.3,22.08
17.63,33.06,17.24,-6.0,-6.42,-3.11,19.24,5.48,0.02,-19.69,-3.53,-0.7,17.1
17.52,23.37,6.07,-4.99,-5.2,-0.26,9.74,5.03,0.59,-5.39,2.13,8.63,17.01
17.88,37.47,17.83,-16.82,-12.55,-10.05,21.16,-0.97,0.04,-25.67,1.38,-1.6,22.77
17.86,31.24,14.33,-4.55,-3.28,-2.69,10.1,-6.91,-12.72,-25.31,-6.15,0.74,16.2
17.82,43.22,22.52,-14.2,-4.88,-1.28,25.26,-11.41,-12.24,-30.91,3.7,-7.01,9.97
17.94,34.57,15.22,-8.61,-3.04,0.8,18.93,-1.93,-5.54,-21.86,-0.49,-0.61,15.65
18.1,32.94,17.01,-2.84,0.01,1.88,19.76,3.47,-1.82,-18.83,-1.46,4.31,22.08
19.1,30.49,17.61,4.02,0.76,-0.19,11.14,4.71,1.22,-11.38,-6.83,-4.61,7.39
18.9,32.36,14.92,-3.1,2.23,1.51,10.24,-11.13,-13.01,-19.67,1.47,6.49,19.9
18.38,29.3,14.6,-1.14,-3.99,-5.38,4.06,-4.78,-5.31,-10.05,3.52,6.0,12.23
17.98,27.9,11.99,-3.04,-1.02,2.9,17.29,8.3,4.42,-8.2,1.08,3.0,12.3
18.79,42.71,22.12,-13.28,-4.3,-1.17,27.96,-1.92,-1.16,-22.96,7.1,-1.46,20.25
18.98,26.58,13.82,6.14,5.79,5.96,9.45,0.7,-4.87,-10.81,-6.57,-5.06,-0.69
18.27,35.97,16.93,-5.63,-0.74,1.25,15.49,-4.45,-4.68,-14.15,7.73,5.6,16.72
18.51,61.73,34.2,-35.43,-10.3,-4.07,66.85,-16.4,-7.13,-25.91,17.96,-18.96,16.56
18.45,48.75,27.28,-13.78,-0.76,4.31,36.91,-4.67,-4.0,-31.09,3.54,-13.17,6.22
17.9,50.09,16.49,-25.01,9.34,-2.31,32.15,-17.63,-3.41,-26.3,9.94,-7.84,12.64
18.64,28.56,11.95,-1.1,6.75,10.65,17.71,-4.74,-10.18,-16.56,3.62,5.63,13.54
18.62,30.41,17.15,1.31,-0.95,0.36,13.05,-0.52,-10.26,-24.47,-8.89,0.74,15.29
18.28,32.11,13.53,-4.79,-0.98,2.94,16.66,2.15,2.36,-5.57,10.31,8.2,18.05
18.72,42.95,23.47,-9.48,-2.17,-0.78,24.35,-4.9,-4.7,-24.65,2.99,-4.18,14.64
17.68,50.0,16.1,-31.15,-4.58,-20.09,18.55,-19.09,1.53,-23.06,10.33,-7.78,22.89
18.79,58.67,23.4,-27.03,7.22,-12.45,37.14,-16.17,4.93,-17.01,19.07,-1.45,21.58
18.85,36.51,17.42,-8.49,-4.72,-1.59,21.4,3.7,3.09,-15.42,4.22,1.61,17.95
19.05,31.17,17.06,-1.26,-6.47,-6.0,11.36,5.9,2.28,-15.38,-11.3,-10.88,2.32
19.39,27.03,12.69,2.97,4.24,6.58,13.93,4.2,-1.54,-10.18,-2.6,2.09,10.34
19.25,29.46,15.03,1.63,2.19,4.53,18.71,10.75,5.02,-9.46,-2.27,2.0,11.64
18.73,29.55,15.67,3.11,2.06,3.97,15.14,6.85,3.48,-8.73,-5.22,-6.87,1.12
18.91,34.32,15.27,-6.64,2.15,5.04,23.04,1.11,-1.28,-16.82,3.15,3.74,21.06
18.73,42.21,21.32,-8.41,1.47,5.07,25.26,-6.82,-5.9,-23.44,4.05,-5.21,13.3
18.74,26.31,13.55,5.01,2.79,2.54,7.66,1.19,-4.06,-11.27,-6.84,-2.01,5.98
19.19,38.49,25.87,-1.14,-4.76,-2.43,24.79,11.75,8.47,-10.03,5.86,2.12,12.63
18.77,32.22,19.31,4.04,1.55,2.76,18.8,13.28,10.05,-5.33,0.45,1.98,13.56
18.76,38.89,20.34,-2.93,4.68,9.04,24.55,0.06,0.44,-14.28,6.11,0.18,11.68
18.96,35.47,17.81,-3.84,-2.79,-13.33,22.28,-4.95,-10.31,-20.95,-3.71,11.93,23.0
18.24,37.66,17.88,-13.42,-1.55,5.14,29.27,-3.77,-4.95,-23.17,6.62,0.32,14.99
18.13,26.48,7.3,-8.36,0.83,6.69,18.3,0.24,-2.4,-11.33,2.6,0.36,9.04
19.02,54.78,26.89,-22.0,8.65,5.66,50.31,-9.44,-6.03,-30.49,17.88,-3.7,23.45
18.06,31.97,12.74,-12.79,-3.57,0.74,21.14,-5.8,-12.81,-34.54,-9.56,-5.94,16.48
18.73,29.43,12.77,-2.99,-0.12,2.49,15.11,1.03,-2.64,-13.37,3.07,7.83,19.95
18.97,32.5,17.52,1.39,1.7,2.04,13.05,1.3,0.05,-7.62,5.85,7.25,16.11
18.68,32.69,13.93,-8.25,-5.44,-2.42,15.85,0.67,-1.39,-16.22,1.03,2.41,19.49
18.81,35.1,18.08,-1.5,1.16,0.99,16.76,5.25,7.31,-4.47,6.19,-0.06,6.82
18.25,26.65,10.55,-5.16,-4.81,-2.17,12.95,2.32,-5.67,-23.46,-12.31,-4.13,12.48
18.52,29.65,8.95,-13.48,-5.87,-2.47,14.88,-2.87,-1.45,-12.16,9.78,11.77,27.29
18.11,39.82,13.56,-18.31,-5.35,-2.35,24.25,-2.14,5.39,-15.83,13.89,3.32,26.88
18.75,41.99,19.57,-17.23,-0.39,5.54,39.98,6.95,7.64,-23.22,6.28,-4.67,18.61
18.95,27.64,10.55,-4.4,-3.39,-0.19,11.55,1.97,-1.58,-11.51,-1.6,1.14,11.91
19.19,28.65,14.12,2.64,5.26,4.8,8.3,-8.74,-12.37,-14.44,2.24,7.42,14.85
19.05,31.38,15.44,3.86,9.24,10.06,15.83,-1.11,-5.45,-14.92,-2.38,-1.54,10.32
17.78,43.07,18.12,-18.7,-1.31,-3.9,25.56,-7.29,1.78,-21.89,11.26,3.42,27.52
18.2,29.8,11.16,-7.36,-6.55,-4.11,9.74,-0.09,2.18,-4.65,12.06,14.04,24.72
17.61,24.45,9.51,-1.31,-3.09,-3.34,2.61,-4.05,-6.31,-11.88,-5.73,-2.66,3.86
18.53,44.79,20.54,-19.53,-6.87,-5.62,26.13,-7.95,-2.01,-28.14,7.44,-8.54,16.77
18.53,41.76,21.15,-10.81,-2.87,-2.09,21.68,-0.7,8.33,-7.46,15.38,4.07,15.98
18.11,38.59,18.09,-12.08,-4.78,-3.49,17.23,-9.62,-5.72,-15.84,14.94,8.1,19.79
18.45,23.53,10.18,2.98,0.75,-1.63,0.1,-4.05,-2.96,-3.28,0.49,0.75,3.95
18.77,32.8,15.55,-1.96,-1.96,1.36,14.77,5.04,1.62,-9.58,0.19,1.47,13.74
18.83,39.35,20.78,-7.68,-1.88,-0.19,22.38,-1.19,-1.02,-16.79,9.46,5.37,19.93
18.53,28.14,13.47,0.38,-1.67,0.91,14.01,11.41,11.12,4.31,11.29,11.84,15.74
18.58,39.27,19.76,-9.88,-3.62,-0.08,24.22,3.13,5.02,-12.82,8.85,-0.54,11.09
18.61,34.73,20.88,-4.71,-6.25,-3.44,23.32,8.69,1.16,-22.84,-3.43,2.94,21.58
18.71,23.88,8.4,-2.42,-2.11,0.83,11.01,7.31,7.96,4.3,11.63,14.44,21.42
18.47,33.1,18.42,3.9,5.01,6.11,14.75,-1.04,-9.98,-24.71,-13.91,-7.99,7.22
18.72,26.02,13.88,6.11,2.47,1.52,7.38,4.46,1.04,-6.24,-5.36,-1.95,5.42
18.84,28.84,15.75,4.58,5.8,8.64,18.78,8.12,-0.05,-14.8,-11.87,-11.4,-0.19
19.19,36.21,20.25,0.19,1.52,-1.11,17.67,6.72,5.98,-12.25,-0.63,0.92,13.36
17.97,45.76,24.04,-19.92,-7.28,-2.11,32.92,-8.77,-4.73,-26.67,8.17,-2.52,15.89
18.0,28.78,14.38,1.22,-1.75,-3.83,2.26,-5.73,-5.91,-10.76,-3.01,-2.24,3.66
17.91,51.76,23.81,-26.75,-5.76,-1.26,35.95,-12.63,-0.51,-23.92,14.38,-9.57,10.95
18.62,37.22,15.84,-18.05,-11.14,-8.0,21.42,0.2,6.12,-11.86,14.14,5.63,26.27
18.16,39.51,17.26,-17.62,-7.16,-1.68,26.39,-2.52,-3.81,-30.27,-7.11,-19.11,0.19
17.94,31.02,12.57,-8.29,-4.09,-1.62,13.71,-2.24,-2.57,-12.1,5.39,2.27,8.55
18.84,28.75,10.84,-6.24,-2.36,3.14,17.33,1.7,-4.94,-17.7,-3.49,-1.35,9.57
18.68,48.6,26.02,-14.0,0.63,1.04,32.05,-3.24,5.84,-15.24,16.0,2.4,21.66
18.69,35.02,19.95,-2.34,-4.65,-4.98,14.58,3.76,2.57,-11.59,4.88,5.16,16.28
19.04,32.41,18.88,1.92,-2.23,-3.48,8.83,-0.03,-2.31,-12.55,-1.07,0.91,8.78
18.45,30.52,17.25,0.42,-2.5,-0.06,18.52,13.03,8.0,-8.19,0.63,4.45,15.67
18.01,31.8,14.82,-8.17,-9.26,-8.37,10.73,-4.24,-10.02,-27.98,-10.4,-6.15,10.4
18.77,47.28,26.64,-11.88,-3.69,-0.75,31.88,-1.19,6.98,-10.13,17.93,0.28,12.55
18.8,33.67,18.36,-1.99,-0.7,1.96,15.79,-2.87,-6.34,-14.09,8.26,9.46,16.18
19.26,32.29,17.39,-0.18,2.24,6.21,21.23,5.35,-3.59,-18.89,-4.6,-0.88,10.57
18.77,32.14,17.26,-1.14,-4.87,-6.91,6.36,-1.51,-1.46,-13.31,-5.08,-4.74,8.64
19.3,39.37,21.68,-4.06,-0.55,0.68,22.14,1.64,0.73,-18.78,1.18,-1.67,16.79
18.74,29.99,14.91,-2.87,-7.34,-8.43,6.26,1.9,3.23,-7.15,1.38,2.4,14.38
18.76,35.94,20.99,-2.41,-4.24,-6.91,10.25,-4.24,-4.31,-18.48,-1.81,-1.39,16.34
18.52,51.07,27.39,-20.01,-5.37,-7.74,31.7,-9.02,1.74,-24.12,17.86,3.61,28.19
18.14,41.07,20.32,-12.35,-3.44,-2.88,20.02,-8.33,-7.12,-23.97,5.14,-2.57,14.42
18.45,45.24,24.52,-12.98,-3.83,-4.48,22.5,-10.25,-7.13,-29.72,2.33,-4.36,17.81
18.15,28.45,11.12,-7.15,-6.72,-4.64,9.54,-1.63,-3.55,-12.53,4.33,9.02,20.3
18.32,28.77,14.56,-0.2,0.48,0.15,9.61,-5.64,-10.13,-17.78,0.72,7.94,19.11
18.63,40.52,19.43,-11.27,-2.34,1.01,26.55,1.56,5.4,-11.46,13.01,2.83,20.75
18.66,50.79,26.06,-18.27,3.28,6.9,38.42,-4.87,-0.21,-29.56,13.74,-4.54,21.17
18.41,24.01,10.88,5.26,2.59,0.59,-0.27,-5.89,-7.37,-5.38,1.29,5.42,7.14
18.21,33.55,18.94,-0.22,-0.94,-1.29,10.95,-3.89,-4.34,-10.02,10.83,13.32,21.6
18.59,48.37,22.73,-15.7,4.92,-5.26,25.58,-13.03,-4.35,-31.65,3.95,-3.16,25.41
18.33,61.27,23.51,-30.39,7.35,-17.74,41.99,-20.74,-1.51,-36.09,1.09,-20.54,12.95
17.98,18.27,3.26,-1.86,-0.36,1.34,4.15,-0.97,-0.88,0.91,9.44,13.46,16.76
18.7,51.04,28.21,-17.15,-4.14,-3.27,32.27,-3.52,5.39,-23.56,8.85,-12.04,14.8
18.82,31.07,15.82,-0.43,-1.11,-0.02,11.49,-0.47,-5.37,-16.57,-4.35,-0.47,11.03
18.99,27.54,13.05,2.61,3.21,3.65,9.45,0.6,-2.23,-7.8,-1.57,-2.1,2.78
18.76,36.16,21.26,-2.07,-1.49,-1.96,20.19,1.85,-3.57,-26.33,-4.0,3.28,26.11
18.14,31.99,13.31,-11.74,-7.69,-2.15,19.15,0.52,-0.12,-11.47,14.19,13.63,23.1
18.75,50.76,27.49,-15.93,-1.02,3.44,37.91,-7.1,1.94,-29.82,11.33,-1.24,22.08
19.08,28.47,12.98,-3.2,-4.41,-4.0,12.03,5.12,3.55,-8.05,4.27,9.53,17.82
18.85,52.28,22.11,-20.87,3.31,-10.0,32.19,-16.65,4.36,-23.91,8.52,3.73,15.51
18.6,32.39,12.72,-11.8,-5.01,-2.18,14.29,-8.18,-7.02,-16.96,7.78,3.53,11.61
18.78,30.6,15.89,0.39,-0.82,-1.2,8.86,-2.88,-7.07,-16.97,-4.5,-0.31,10.8
18.83,29.57,12.78,-3.11,1.42,4.53,16.26,1.2,-1.57,-9.98,6.2,8.14,16.88
18.76,41.58,16.38,-16.06,3.27,1.52,27.89,-2.84,3.31,-19.93,9.55,2.0,18.53
18.41,27.14,10.67,-3.82,-2.03,-0.12,9.46,-3.68,-8.77,-19.6,-10.24,-8.64,1.38
18.65,36.26,19.9,-2.17,-0.77,0.43,19.39,7.89,7.23,-9.38,3.2,-1.02,12.29
18.32,32.15,15.71,-2.37,-0.31,0.95,14.42,0.99,0.05,-9.51,4.83,5.3,13.87
18.14,53.69,25.51,-21.98,-0.26,-7.95,34.4,-10.03,7.77,-19.22,17.67,6.64,26.03
18.28,40.17,19.78,-9.65,-1.14,-4.91,15.9,-10.91,-5.84,-20.09,8.88,6.27,23.76
18.19,33.0,19.59,1.47,-0.35,-1.99,9.95,-3.96,-5.73,-15.72,3.38,9.44,19.14
18.94,36.31,19.51,-1.9,2.34,2.55,18.98,0.63,-1.01,-15.83,2.04,2.4,12.82
18.77,43.46,26.74,-8.8,0.56,0.7,28.5,0.39,0.09,-24.71,7.7,4.87,21.66
18.16,34.63,19.52,-1.92,-4.1,-3.09,14.23,0.8,-3.17,-16.81,-0.48,1.12,11.08
18.53,34.86,19.37,-2.4,-2.92,-0.72,18.17,5.25,1.66,-14.06,0.14,-1.19,9.12
17.64,33.01,14.49,-6.92,-2.5,-1.53,13.32,-4.25,-5.3,-16.87,1.83,2.1,14.68
18.35,39.19,23.41,-5.99,-8.04,-9.12,16.13,2.28,4.4,-15.9,3.05,1.08,19.28
18.04,38.16,22.83,-4.8,-5.47,-4.92,18.2,-2.42,-6.52,-26.86,-2.4,-0.01,18.34
17.92,40.25,21.43,-15.04,-8.42,-3.62,25.23,-7.7,-10.25,-31.13,2.97,-0.11,17.93
18.44,38.98,22.81,-6.42,-5.19,-1.08,25.65,4.54,-1.1,-24.06,-1.48,-5.48,10.81
18.63,31.73,17.83,3.08,2.7,2.99,12.21,0.02,-3.18,-11.46,-0.66,-0.76,7.35
17.82,35.86,14.92,-8.55,2.7,3.58,21.0,-1.35,0.95,-13.98,4.98,-1.2,12.3
18.88,25.63,11.88,3.04,5.76,9.85,17.01,4.73,-5.45,-17.5,-12.38,-9.65,-1.06
18.8,56.1,26.89,-22.62,2.66,-6.13,34.51,-13.48,-0.35,-28.42,16.72,-7.96,24.94
18.28,36.6,20.77,-5.01,-7.04,-8.74,11.18,-3.25,-1.57,-16.08,4.02,3.67,17.7
18.87,33.09,18.7,1.61,0.46,0.72,11.98,-1.17,-5.26,-15.27,-1.79,0.03,9.03
18.64,33.21,18.45,1.21,3.34,3.14,14.68,-3.21,-6.59,-16.28,4.99,11.1,25.96
18.66,32.84,19.32,2.32,-0.39,0.03,13.26,1.41,-5.6,-19.62,-7.37,-3.35,8.53
18.81,33.3,16.3,-3.52,-1.79,1.23,18.15,7.87,12.65,8.82,24.53,16.38,16.74
18.41,40.98,21.45,-11.61,-4.05,0.09,28.54,1.17,0.55,-20.08,8.29,1.94,19.27
18.02,56.56,23.82,-23.23,3.62,-11.21,35.13,-11.64,9.43,-21.97,16.84,-4.02,22.31
18.27,27.0,11.24,-0.99,0.62,3.03,11.58,2.98,2.17,-2.19,6.12,4.59,7.35
18.21,46.81,19.71,-16.78,2.6,-4.37,22.53,-14.46,-2.29,-20.4,15.31,0.55,13.18
17.69,32.49,12.2,-12.4,-0.29,4.13,20.62,-9.98,-10.58,-20.58,10.52,10.0,24.29
17.77,45.94,26.18,-16.81,-10.46,-6.83,25.27,-10.94,-10.04,-28.36,10.8,-3.66,8.44
17.29,34.42,15.36,-14.55,-13.33,-7.99,18.15,-1.25,-2.15,-15.6,9.47,0.27,5.63
18.6,28.58,10.53,-5.55,-2.02,1.78,12.49,-1.55,-3.0,-9.05,5.03,3.51,10.81
18.93,43.27,24.4,-7.7,0.12,1.48,23.6,-6.85,-3.82,-17.02,14.14,5.6,19.91
18.23,24.53,9.93,1.76,0.71,2.97,8.46,4.27,1.71,-1.29,3.14,4.58,6.53
18.47,32.51,16.38,-2.13,3.6,5.51,17.94,-4.15,-9.48,-19.16,4.61,9.27,19.37
18.29,48.24,24.92,-20.23,-1.71,1.56,37.61,-0.49,6.5,-14.81,21.87,4.32,18.89
18.7,38.04,20.7,-8.47,-5.76,-5.72,14.8,-11.11,-14.16,-31.95,-2.91,-0.99,17.91
17.96,41.21,22.34,-7.72,-2.33,-1.23,19.52,-6.55,-5.71,-22.03,8.65,5.2,18.56
18.44,39.08,20.05,-12.9,-7.79,-5.79,23.12,-0.01,0.42,-21.68,9.03,6.95,25.5
18.56,32.99,17.98,-3.98,-3.72,0.4,21.67,6.66,-3.12,-24.18,-7.88,0.15,19.98
18.36,40.01,21.62,-9.84,-2.03,3.96,30.48,2.67,0.51,-21.63,5.83,0.15,18.55
18.65,26.14,13.67,6.21,9.55,13.05,20.93,8.98,-2.21,-16.07,-8.26,1.54,16.2
17.85,33.79,16.32,-11.96,-11.58,-9.04,19.82,8.5,11.08,-11.7,1.82,-3.38,16.5
18.35,34.91,19.57,-8.23,-10.36,-8.2,18.96,6.23,1.65,-20.82,-5.29,-5.04,14.1
18.22,47.38,24.65,-20.78,-7.19,-1.22,33.22,-12.65,-14.41,-35.36,6.95,-11.62,10.82
17.87,36.79,17.8,-9.07,-4.99,-2.64,16.65,-3.6,-4.0,-15.38,7.75,4.86,16.38
18.21,48.33,22.54,-20.94,-4.07,-1.98,26.51,-13.67,-3.64,-21.55,14.67,-8.7,6.81
17.99,46.25,26.81,-22.38,-13.16,-4.04,31.17,-13.79,-14.94,-28.75,16.67,-1.26,10.49
18.44,27.7,13.21,-2.33,-5.21,-3.38,9.11,-0.66,-7.68,-18.17,-4.33,2.7,11.18
18.91,44.58,21.11,-16.95,-1.49,3.86,34.37,-1.76,3.13,-15.63,18.79,3.66,20.13
18.49,29.69,15.33,-1.58,-4.46,-2.28,12.38,2.57,-3.11,-14.49,-0.45,6.3,16.97
18.97,34.12,26.33,7.88,0.75,-2.62,14.46,4.99,0.77,-14.28,-0.48,4.03,13.55
18.7,26.73,14.18,5.53,2.61,0.99,6.12,1.69,-0.03,-3.95,2.33,6.07,11.24
18.14,31.02,13.1,-5.99,-3.79,-2.69,8.84,-7.26,-6.1,-11.59,8.21,8.05,17.91
18.52,49.73,27.73,-16.26,-5.59,-5.74,25.94,-14.2,-8.37,-26.28,15.11,-1.71,17.77
18.63,52.15,28.97,-18.13,-0.98,-3.78,30.17,-15.98,-11.76,-31.75,14.23,1.25,25.03
18.71,23.72,9.63,1.7,0.55,-1.2,0.79,-4.56,-1.61,1.42,8.95,8.55,8.72
18.94,42.36,25.81,-3.36,-1.41,-4.89,15.37,-8.63,-8.26,-21.92,7.65,5.04,16.31
18.61,27.47,12.52,-0.61,-2.34,-1.89,6.14,-3.5,-8.93,-18.3,-11.32,-9.36,-1.22
18.75,55.38,32.53,-26.14,-6.62,6.06,48.23,-22.68,-15.68,-26.3,30.42,-0.93,19.96
18.33,44.61,21.14,-10.8,6.96,5.04,24.85,-12.69,-6.49,-20.6,11.89,2.39,20.28
17.52,35.67,18.08,-5.94,-6.03,-6.48,9.23,-8.65,-10.09,-24.47,-5.61,-6.06,7.82
18.29,54.14,27.74,-25.58,-4.09,2.14,43.08,-12.58,-4.84,-28.92,19.29,-7.4,15.13
18.15,42.14,24.03,-13.68,-8.87,-5.33,27.92,-0.9,-5.01,-30.04,-2.52,-10.19,10.94
17.72,34.31,14.84,-12.48,-5.33,-0.7,28.04,11.02,9.12,-16.58,0.19,-3.18,17.26
17.93,24.9,8.62,-3.17,-3.45,0.09,10.13,3.29,-2.97,-14.37,-9.93,-5.44,6.18
18.44,53.83,17.02,-23.1,15.56,-10.11,35.23,-17.06,0.78,-20.77,14.77,0.04,24.93
18.88,29.48,16.48,1.45,-1.26,-0.19,13.01,4.7,0.02,-10.06,1.23,4.9,11.91
18.45,34.28,15.07,-7.91,0.98,5.32,21.47,-1.34,-0.94,-11.0,9.08,2.48,11.91
18.74,32.43,13.99,-8.58,-0.97,4.3,25.08,4.63,-1.31,-24.99,-9.62,-10.71,10.65
17.86,30.38,13.71,-3.22,4.48,11.33,28.0,9.53,2.73,-11.79,3.65,5.86,19.04
17.78,33.74,15.09,-12.22,-11.13,-9.64,12.14,-5.83,-5.53,-20.5,2.75,3.74,21.05
18.0,27.78,11.92,-3.89,-3.73,-2.78,7.18,-6.59,-10.0,-15.36,3.58,12.02,24.34
18.48,24.99,4.54,-14.93,-14.72,-13.42,-3.65,-21.59,-29.8,-42.59,-27.24,-21.64,-7.12
18.88,39.3,21.54,-5.16,-0.75,0.78,23.28,3.81,5.0,-12.83,4.71,-1.7,11.77
18.27,28.39,12.37,-3.0,-2.97,-1.65,7.89,-4.57,-8.74,-17.87,-6.49,-3.7,5.78
18.59,33.41,16.85,-1.97,0.73,2.2,13.95,-1.66,-0.5,-6.27,9.73,5.09,8.89
18.21,57.75,25.56,-27.34,2.62,-4.21,38.98,-20.53,0.64,-17.41,29.58,5.09,18.03
17.9,32.55,11.96,-12.61,-4.55,-2.74,13.02,-10.71,-9.79,-19.41,6.1,3.06,13.63
17.26,52.07,30.75,-36.14,-14.84,5.86,49.1,-20.97,-11.54,-18.89,29.95,-6.94,9.46
17.63,33.51,14.33,-13.32,-10.09,-5.09,19.9,3.81,3.93,-13.95,4.18,0.01,15.39
18.53,32.41,12.4,-6.88,-1.89,3.67,20.62,6.72,4.06,-11.39,-0.26,-3.46,11.16
18.57,50.0,24.3,-18.92,1.08,0.51,40.86,2.28,11.35,-20.13,11.59,-6.63,16.86
17.32,25.54,11.91,-0.45,-3.47,-2.3,8.77,4.0,-0.59,-11.29,-6.04,-1.36,9.46
18.24,55.12,28.75,-17.68,2.86,-3.9,32.48,-7.09,7.49,-21.33,8.25,-12.52,12.33
18.45,27.83,14.95,0.72,-6.73,-10.21,1.42,2.5,3.94,-5.72,-4.21,-3.94,7.79
18.14,29.15,12.44,-3.1,-1.69,-0.12,10.43,-0.58,-2.54,-11.41,-3.0,-4.86,2.72
17.68,31.68,13.05,-7.42,-4.67,-0.56,17.49,3.39,-0.01,-16.94,-4.6,-7.17,4.42
17.98,30.39,11.46,-9.51,-4.67,-1.69,14.74,-0.4,-1.28,-14.7,0.23,-0.25,14.38
18.44,58.79,33.27,-35.12,-6.87,-3.3,44.08,-20.24,-0.26,-23.36,19.47,-6.49,30.99
18.01,33.24,17.42,-2.61,-0.44,-0.58,12.61,-6.93,-10.69,-21.6,0.96,5.93,18.58
18.52,32.22,15.98,-2.0,1.79,4.24,19.93,3.81,0.5,-14.38,1.85,4.57,21.33
18.0,33.04,15.59,-4.07,-0.36,0.9,15.84,0.41,-1.36,-14.79,-1.11,-0.95,12.12
17.8,38.89,23.01,-9.86,-8.41,-3.55,25.68,4.14,0.67,-18.64,5.26,-0.82,11.17
17.51,46.46,17.32,-23.79,-7.25,-20.51,14.51,-13.88,5.26,-22.19,3.59,-15.55,2.6
18.26,43.09,21.85,-14.35,-5.1,-4.42,22.16,-10.06,-9.24,-31.89,2.44,-3.56,18.31
18.04,39.13,21.48,-9.59,-5.38,-1.3,27.24,3.92,1.64,-19.24,8.53,6.14,20.38
17.9,30.39,14.41,-4.43,-5.56,-4.07,10.1,-2.53,-6.74,-18.38,-3.59,-0.41,11.27
18.35,28.99,12.99,-3.22,-4.11,-2.9,8.58,-0.06,0.61,-4.31,7.88,7.63,13.57
18.76,44.98,21.38,-14.55,-0.5,1.0,29.93,-5.04,-2.16,-28.25,3.37,-5.96,19.47
18.01,25.65,10.36,-5.13,-12.05,-14.41,-4.37,-7.66,-7.77,-14.26,-7.64,-6.24,1.47
18.74,28.31,13.14,0.33,-0.09,1.9,10.88,0.8,-4.26,-11.27,1.77,9.08,18.86
17.68,24.54,11.46,4.23,4.65,4.82,8.67,-0.93,-8.33,-17.55,-13.92,-9.15,1.83
17.35,34.87,14.46,-5.01,0.84,3.52,15.95,-1.77,-1.06,-10.9,2.59,-3.3,7.53
17.27,34.91,17.01,-8.3,-4.24,0.13,20.49,-0.09,-3.98,-19.91,0.76,-2.49,10.34
16.97,43.16,27.1,-25.02,-17.37,-4.05,30.16,-17.2,-20.69,-35.6,-2.25,-22.26,-3.14
18.45,33.15,15.99,-4.08,4.84,12.89,29.67,6.18,-0.12,-15.49,2.31,-2.66,5.69
18.2,27.72,11.6,1.32,1.22,3.91,9.55,2.53,-2.85,-10.46,-8.29,-7.57,-0.37
18.16,38.35,21.07,-5.75,-0.37,7.49,32.55,8.95,4.42,-12.92,7.15,-2.38,3.73
17.75,31.41,14.0,-8.19,-3.89,0.35,17.59,-3.49,-9.49,-24.66,-5.67,-5.82,6.93
18.64,35.65,17.19,-6.96,-1.21,2.54,26.01,12.35,13.5,-7.96,2.41,-6.64,8.06
18.95,31.1,16.62,-4.0,-8.17,-7.28,11.79,2.69,-4.24,-22.26,-9.8,-4.03,10.21
18.02,36.7,21.19,-12.15,-17.88,-14.38,14.35,-6.74,-13.79,-31.11,0.67,2.47,17.59
17.01,36.15,13.42,-12.82,4.61,6.62,29.93,4.28,6.38,-20.06,-5.09,-13.29,8.28
17.61,32.09,11.32,-9.86,1.3,5.16,18.77,-3.99,-3.46,-14.36,0.44,-10.78,-3.39
17.89,41.09,22.53,-13.44,-3.09,3.2,27.35,-10.87,-12.64,-26.07,10.26,0.44,11.78
17.72,41.03,17.42,-18.36,-5.95,-5.23,23.92,-3.93,0.46,-26.67,-0.21,-9.14,14.13
18.26,29.15,9.41,-12.49,-13.94,-12.64,0.61,-11.29,-10.49,-16.02,1.38,2.55,12.76
18.43,30.53,12.73,-5.54,-1.68,0.04,10.05,-9.23,-13.87,-23.66,-8.08,-7.01,4.93
17.79,42.44,16.77,-23.76,-9.26,-7.54,24.94,-5.78,3.3,-15.76,13.33,-0.33,18.37
18.37,24.84,9.3,-2.24,0.47,5.52,17.99,10.98,7.96,-0.06,7.82,9.16,13.56
19.05,40.69,26.25,-6.28,-4.63,-3.66,26.51,2.18,-5.71,-37.05,-13.26,-13.5,11.4
18.63,48.66,27.19,-23.49,-12.99,-5.11,37.99,-4.23,-1.94,-31.77,8.22,-13.1,19.79
17.82,40.27,22.01,-19.72,-9.47,3.79,42.76,7.92,1.46,-23.52,7.32,-8.6,4.01
18.34,31.23,15.6,-3.65,-2.31,1.03,20.43,8.72,3.11,-16.63,-5.02,-2.09,12.55
19.07,34.14,17.73,-1.42,1.64,4.98,23.29,10.87,8.18,-8.57,1.61,-1.88,9.34
17.84,52.9,25.09,-22.77,1.45,-2.28,37.38,-6.5,-0.14,-30.23,9.69,-13.55,12.02
18.22,55.03,22.72,-22.6,3.42,1.95,37.06,-12.6,2.14,-27.78,16.71,-10.2,14.43
18.5,33.93,17.64,-4.69,2.8,10.23,28.81,1.03,-10.82,-28.25,-3.69,-1.45,12.26
18.43,44.3,20.46,-26.04,-5.98,8.3,46.23,-4.26,-4.77,-28.01,12.56,-11.66,4.3
18.39,25.42,8.28,-4.29,2.59,6.48,17.04,4.37,4.52,0.45,16.42,18.0,22.09
18.27,48.19,26.16,-25.95,-11.88,-5.88,33.93,-11.72,-6.99,-31.52,10.03,-6.94,16.29
18.51,45.35,28.41,-11.53,-6.97,-1.13,31.74,-6.19,-11.02,-29.89,11.37,2.41,24.07
18.84,28.13,13.89,0.75,-3.97,-4.84,3.13,-2.48,-5.23,-11.73,-5.06,-2.39,4.43
18.55,35.84,18.91,-2.6,2.55,2.12,13.71,-9.96,-9.99,-17.51,8.2,11.08,23.37
18.69,44.41,27.52,-11.89,-3.32,1.44,33.75,-0.91,-3.68,-28.15,8.37,2.64,21.28
18.17,41.39,23.1,-12.02,-11.11,-8.84,19.14,-5.49,-6.4,-28.71,-3.28,-9.87,7.86
18.03,34.94,18.19,-2.48,-4.73,-5.91,9.64,-1.22,-2.34,-17.89,-5.96,-5.01,11.39
17.37,31.25,14.22,-6.44,-3.66,-2.44,12.43,-6.39,-11.88,-26.26,-6.88,-0.51,15.85
18.24,39.08,16.61,-16.19,-12.46,-11.62,12.12,-12.95,-10.88,-27.81,-0.91,-12.22,1.33
18.55,26.07,12.3,1.75,-2.49,-4.25,2.59,0.76,2.14,-1.55,1.62,1.08,4.95
18.48,36.41,17.43,-7.99,-6.83,-8.37,7.92,-7.59,-3.49,-15.58,-0.47,-10.28,-0.07
18.53,35.13,20.25,-4.16,-6.62,-2.9,21.28,10.55,8.87,-7.83,6.94,1.81,10.33
18.05,31.29,15.95,-5.64,-4.11,-2.02,15.4,-3.13,-10.45,-28.67,-13.71,-13.77,-0.07
18.77,31.72,15.98,-1.54,1.64,5.74,22.4,8.79,2.02,-16.04,-6.98,-7.54,6.18
18.52,48.87,17.65,-18.98,11.71,3.32,33.24,-7.45,5.4,-21.21,7.76,-10.37,11.26
18.39,31.97,12.62,-9.63,-3.28,1.76,20.92,3.71,2.43,-10.89,6.29,1.94,11.15
18.58,43.58,21.12,-16.5,-4.12,2.86,33.18,-0.35,4.7,-16.51,9.02,-14.87,-4.49
19.08,37.58,13.44,-11.97,3.69,-0.96,22.78,-1.33,0.79,-24.73,-8.62,-12.48,-4.55
18.41,34.91,17.2,-4.26,-1.02,1.0,19.85,3.46,0.84,-17.89,-5.9,-8.54,4.71
18.92,29.69,13.94,0.5,5.37,9.89,23.16,12.39,8.08,-6.66,-3.16,-6.34,0.59
18.35,36.02,24.02,-5.15,-7.08,-1.36,29.6,16.48,8.09,-15.17,-0.53,-5.5,3.78
18.84,34.06,20.13,1.7,2.19,4.46,21.46,7.21,-0.01,-19.15,-7.67,-3.14,15.66
18.03,26.96,12.68,0.87,-0.97,0.57,9.44,3.48,0.49,-6.89,-1.75,-0.34,6.7
17.95,32.36,16.14,-0.61,8.39,13.87,24.77,-0.18,-8.58,-22.76,-5.77,-7.83,3.15
17.4,32.64,12.85,-3.9,3.75,8.27,19.45,0.25,-3.98,-17.02,-3.16,-6.29,4.19
16.83,25.13,8.7,-4.38,-5.3,-4.83,1.5,-6.21,-5.58,-7.66,1.73,2.94,9.21
17.71,39.69,21.57,-9.56,-6.53,-5.47,20.65,-2.28,-2.95,-25.73,-5.22,-12.36,7.6
18.01,49.35,22.07,-21.12,-3.73,-10.36,20.87,-17.34,-5.09,-30.58,0.22,-17.66,5.94
18.5,57.53,31.47,-24.6,-4.27,0.57,48.05,-10.06,2.76,-22.1,23.26,-9.77,12.37
17.52,34.62,19.33,-0.68,-2.45,-3.4,10.69,-2.83,-4.06,-14.06,0.89,0.98,9.75
18.08,34.93,18.77,0.77,5.62,8.16,20.35,-0.99,-6.72,-19.86,-0.62,1.63,15.67
17.12,60.58,41.34,-24.52,-15.48,-1.4,52.28,-20.95,-23.93,-24.72,35.95,-16.23,9.53
17.93,40.98,20.13,-12.21,-4.97,-1.1,24.8,-2.25,-2.72,-24.44,-1.66,-10.92,7.62
17.93,55.29,19.03,-30.2,9.56,-7.76,43.72,-8.72,6.23,-27.99,2.56,-16.11,16.57
18.02,41.64,16.7,-17.94,-7.52,-5.17,23.35,-5.52,-1.5,-25.66,2.02,-10.92,10.29
18.61,28.49,14.22,3.14,3.96,5.21,12.65,3.0,-1.23,-9.38,-2.85,-1.81,4.83
18.33,33.78,17.17,1.28,4.47,8.09,19.97,5.87,0.46,-13.23,-4.8,-7.58,2.3
18.21,34.38,18.35,-6.01,-4.54,-0.15,21.28,1.48,-5.58,-23.51,-3.01,-3.0,10.19
18.37,30.81,19.51,3.02,-0.81,-0.52,16.48,9.0,2.56,-12.69,-0.34,7.84,20.09
18.78,40.89,17.47,-12.96,3.17,4.53,25.73,-6.21,-3.11,-23.54,-0.51,-12.84,2.7
18.3,25.25,8.13,-1.3,-1.54,1.15,4.57,-2.59,-6.83,-8.82,-1.93,2.01,6.52
17.67,41.1,21.09,-14.01,-5.58,-1.15,24.46,-8.57,-7.72,-23.93,12.22,4.98,21.18
17.05,49.39,20.69,-29.71,-7.53,-11.38,21.48,-25.96,-13.33,-27.78,17.06,-4.4,10.23
17.59,49.11,21.53,-26.53,-1.26,5.7,35.79,-13.58,1.31,-16.77,26.2,1.42,25.31
17.63,35.18,17.17,-7.47,-0.61,5.8,27.4,4.73,-0.54,-18.98,1.47,-1.01,12.62
17.84,25.29,9.92,-0.84,1.68,4.26,11.73,0.17,-7.2,-18.2,-12.46,-9.44,2.19
17.66,30.43,15.67,-2.72,-6.04,-6.19,6.57,-4.82,-10.93,-24.04,-11.17,-4.33,8.7
16.96,41.48,16.84,-17.16,0.72,1.77,27.77,-1.23,4.81,-17.82,5.9,-3.92,19.5
17.57,56.01,26.0,-31.13,-3.87,-1.28,45.7,-10.2,4.89,-27.65,11.07,-20.7,9.23
16.66,25.34,3.79,-17.51,-10.42,-3.91,15.18,0.62,-1.78,-17.83,-7.42,-13.99,-2.49
17.41,51.05,28.83,-27.77,-7.47,7.63,55.82,0.58,-0.91,-19.39,29.39,-1.31,10.12
17.12,35.43,15.03,-10.76,-5.9,-5.8,15.63,1.28,6.9,-8.29,7.01,1.38,17.97
17.68,53.24,21.0,-25.91,9.91,1.28,41.67,-13.31,0.03,-26.18,18.0,-5.1,17.87
17.74,47.62,17.69,-16.54,11.48,0.22,29.49,-7.32,6.25,-16.09,9.57,-6.05,8.79
17.91,36.12,18.3,-5.69,2.27,8.35,29.89,3.22,-3.32,-24.25,-2.84,-4.22,14.22
17.56,46.9,21.89,-19.69,0.75,3.04,31.79,-14.91,-7.44,-28.58,11.3,-3.09,19.12
16.82,21.93,6.07,-1.66,-3.98,-0.47,5.38,4.05,0.57,-1.88,0.2,3.23,4.96
17.48,42.3,24.17,-8.75,-5.21,-5.58,20.45,-0.94,1.49,-21.91,-0.8,-8.82,11.78
17.65,33.14,15.36,-5.85,-3.32,0.2,16.1,0.66,-2.86,-16.42,-1.67,-3.62,7.25
16.92,36.89,18.16,-8.0,-0.08,1.04,19.65,-7.96,-12.89,-29.59,-5.58,-4.76,13.81
17.46,27.88,14.45,3.06,1.7,2.76,10.59,1.77,-3.77,-12.7,-8.03,-6.83,2.22
17.58,32.69,19.96,-0.83,-5.91,-3.97,20.32,13.84,5.47,-19.58,-9.25,-2.87,15.93
17.49,43.79,23.72,-13.79,-6.51,-3.55,31.17,2.73,2.65,-26.52,-0.13,-9.54,13.56
16.25,36.76,16.34,-12.22,-5.97,-2.94,19.52,-2.4,-1.29,-17.05,4.19,-2.27,8.02
16.25,43.99,17.26,-17.85,5.75,-5.12,24.21,-12.25,-7.08,-32.32,-1.25,-8.69,11.22
16.95,29.81,14.52,-0.29,0.86,1.18,10.1,-2.92,-6.54,-16.32,-5.81,-5.45,3.37
17.43,35.48,23.05,-0.95,-3.56,-2.91,18.46,1.14,-8.51,-31.28,-14.02,-8.69,8.93
17.37,55.89,35.5,-23.69,-9.82,6.52,36.77,-24.48,-8.88,-22.27,10.73,-26.53,4.53
17.32,29.31,13.95,2.42,0.76,2.21,8.94,-0.61,-8.37,-18.11,-11.99,-6.65,3.2
16.92,30.81,16.69,-0.52,-7.35,-10.14,2.52,-2.03,-2.77,-13.94,-6.84,-5.29,5.63
16.71,34.87,15.47,-5.04,0.41,3.76,18.9,1.09,0.12,-14.52,0.8,-4.78,9.57
16.67,26.97,12.33,0.22,-0.53,-0.26,6.63,-3.47,-8.51,-17.51,-9.78,-4.63,6.6
17.15,49.32,24.4,-22.78,-2.05,-1.64,35.74,-7.04,-0.83,-26.1,7.5,-7.17,17.26
17.0,48.24,32.47,-7.56,-5.74,-6.81,33.77,4.14,-0.52,-35.11,-6.04,-11.5,11.33
16.39,42.65,21.25,-16.4,-6.63,-2.03,25.98,-8.22,-6.3,-26.89,8.46,-0.43,17.3
15.79,53.83,32.13,-24.54,-7.45,-2.07,42.29,-4.3,-3.03,-23.75,14.98,-9.03,13.04
16.03,32.26,13.9,-7.63,-2.41,2.75,20.35,0.47,-3.82,-19.99,-1.26,-1.04,12.04
16.37,48.92,19.9,-23.85,1.38,-3.5,27.35,-16.62,-4.07,-22.34,11.81,-4.07,15.21
15.96,38.01,17.38,-7.49,2.21,4.7,24.92,-0.44,-2.01,-21.56,3.42,-0.44,19.21
15.44,45.05,22.45,-18.28,-3.57,-6.86,22.73,-8.83,-2.79,-26.49,4.81,-5.09,20.26
16.49,24.84,8.25,-3.22,-4.87,-3.63,3.1,-2.15,-5.05,-10.99,-8.03,-9.39,-6.67
16.61,42.77,27.87,-4.04,-5.56,-9.02,19.72,3.03,5.1,-21.06,1.55,-1.94,22.56
16.47,29.06,14.1,0.07,-3.18,-4.44,3.21,-5.72,-11.12,-20.91,-12.77,-8.27,3.36
16.63,42.21,21.74,-9.78,-1.8,-4.59,16.23,-11.15,-7.76,-25.59,-1.19,-7.24,10.15
15.57,21.46,6.77,-1.06,-1.91,-1.65,1.36,-8.09,-16.45,-24.16,-17.28,-8.1,3.22
15.94,47.37,25.42,-18.28,-6.17,-4.08,28.91,-8.54,-3.03,-25.88,5.49,-6.8,18.17
15.98,41.32,20.71,-17.14,-5.85,-0.8,29.72,-1.88,-5.65,-35.69,-6.22,-15.67,6.91
16.51,35.77,17.36,-7.42,-0.64,-1.56,12.18,-13.29,-16.18,-29.14,-7.61,-6.06,10.31
16.07,37.68,16.67,-10.53,-1.61,-1.82,17.4,-8.72,-8.85,-26.16,-4.26,-9.41,6.64
16.46,34.39,17.82,-7.34,-3.1,0.17,25.69,5.94,0.33,-29.51,-14.84,-14.39,11.0
16.22,37.06,16.25,-8.03,1.58,2.36,22.1,-5.59,-10.82,-34.52,-10.85,-8.68,17.95
16.59,55.1,25.47,-35.39,-0.85,-2.17,50.45,-6.91,7.5,-31.26,4.12,-14.37,28.15
17.03,40.69,23.84,-7.63,-2.07,-1.26,21.81,-6.9,-10.61,-31.46,-0.88,-0.3,21.26
16.28,39.16,23.46,-4.42,-4.65,-5.92,16.56,-3.52,-6.26,-26.25,-5.52,-3.63,15.84
16.61,36.09,24.43,1.38,-1.88,-4.11,13.48,-1.07,-5.48,-18.58,0.75,4.52,15.53
16.97,39.05,26.35,1.72,-4.17,-4.86,18.42,5.76,2.28,-16.26,0.86,2.94,19.44
16.59,32.49,16.5,0.85,2.53,4.87,15.73,1.28,-3.3,-12.37,1.13,4.0,15.6
15.86,34.31,4.1,-33.73,-15.1,-23.89,5.26,-25.54,-17.69,-37.67,0.43,2.31,33.32
15.54,33.46,11.84,-16.95,-10.26,-7.03,16.71,-5.3,-7.63,-31.63,-8.9,-9.79,12.9
15.01,42.42,16.16,-28.41,-13.52,-9.66,20.77,-14.61,-8.6,-29.99,11.27,-4.16,22.78
17.16,38.89,21.21,-1.75,3.56,5.27,23.52,3.93,0.05,-19.44,-1.8,-2.1,16.19
16.59,34.11,20.74,1.78,-0.89,-1.86,12.95,0.23,-5.76,-21.54,-9.6,-4.18,12.28
