18.12,5.31,4.86,12.82,-3.58,3.91,-8.03,-0.27,-8.41,0.38,-5.06,1.16,-3.65
17.38,34.96,18.64,-4.31,-5.16,-4.57,11.16,-4.51,-7.4,-21.86,-7.76,-9.65,3.63
18.2,48.01,25.68,-10.38,3.23,-2.54,24.53,-9.21,-4.6,-29.19,-6.51,-24.0,-2.22
17.21,26.97,11.19,-1.65,-5.84,-9.48,-4.52,-9.66,-7.23,-13.86,-12.82,-19.24,-12.91
17.29,35.4,18.25,-7.58,-9.98,-12.27,8.33,-3.0,-1.45,-20.13,-7.52,-10.71,3.82
17.59,50.08,21.3,-19.35,0.48,-13.97,21.19,-11.91,4.44,-24.05,2.18,-18.45,4.46
18.13,59.24,26.44,-24.65,6.18,-21.51,43.15,-3.15,17.75,-22.18,0.04,-25.98,5.68
17.68,26.63,10.45,-2.09,-5.23,-7.02,-1.94,-8.03,-8.21,-13.32,-8.33,-7.63,2.16
18.01,35.67,19.16,-5.13,-8.55,-12.24,2.31,-12.62,-10.48,-21.81,-4.87,-5.93,8.16
17.91,48.89,22.99,-17.2,-2.42,-7.82,23.19,-13.33,-1.21,-25.85,1.18,-17.54,6.55
18.6,39.21,20.86,-6.0,-3.39,-5.86,13.9,-4.42,-2.04,-20.96,-6.83,-14.76,2.47
18.13,30.96,14.77,-0.61,2.83,4.95,14.64,-4.32,-12.59,-26.64,-11.12,-5.55,12.0
17.67,24.24,11.26,4.17,4.54,0.57,-2.32,-17.94,-25.04,-29.26,-17.56,-8.15,3.71
17.4,44.43,23.26,-11.57,-6.73,-7.83,19.38,-8.2,-4.66,-27.73,2.16,-5.93,18.22
17.75,27.63,11.89,-1.16,0.2,0.55,7.8,-5.47,-12.35,-25.17,-19.2,-16.42,-3.36
17.75,32.92,18.41,-2.34,-4.26,-5.98,11.74,0.43,-2.92,-23.85,-14.82,-14.68,4.55
17.93,50.21,26.35,-19.9,-11.23,-21.02,15.51,-18.64,-6.1,-32.18,0.78,-20.0,5.51
16.75,26.36,9.89,-4.76,-6.93,-8.17,-1.31,-10.66,-13.17,-20.06,-9.61,-4.95,5.86
17.23,45.96,14.36,-24.62,-3.2,-18.65,16.76,-16.45,-1.18,-28.09,-1.52,-14.83,7.35
18.04,31.97,17.38,-1.37,-4.54,-8.56,4.23,-7.38,-9.19,-24.87,-13.71,-9.24,9.94
17.39,33.42,13.56,-12.0,-8.98,-8.13,10.91,-5.12,-6.12,-23.51,-6.77,-9.05,7.65
17.58,33.39,13.58,-10.1,-9.84,-12.69,-1.48,-19.91,-17.85,-26.71,-8.15,-13.57,-4.3
17.55,36.69,18.01,-11.53,-9.41,-8.41,17.17,-1.67,-4.49,-30.76,-14.11,-19.08,2.44
17.56,26.17,9.27,-5.15,-8.41,-8.78,-2.33,-11.8,-18.11,-28.47,-21.79,-15.85,-1.75
17.88,34.01,15.39,-8.12,-1.89,-0.52,17.8,-4.23,-10.47,-33.75,-16.28,-15.14,7.51
17.91,49.31,21.98,-17.98,1.62,-7.69,28.06,-5.68,2.61,-31.4,-4.48,-22.14,5.59
18.06,35.92,18.21,-8.04,-7.4,-8.77,11.75,-4.54,-5.89,-30.13,-20.87,-25.37,-3.87
18.11,28.03,13.32,0.72,1.79,0.3,3.05,-15.27,-20.61,-26.02,-11.0,-7.6,0.91
17.17,34.36,14.05,-9.44,-2.28,-2.43,9.67,-11.96,-9.95,-21.79,-5.15,-11.44,2.1
17.63,43.32,18.51,-20.88,-10.31,-9.0,20.36,-14.79,-9.97,-34.55,-0.53,-12.39,11.2
16.77,36.54,15.94,-18.35,-14.71,-13.74,14.92,-8.67,-9.09,-31.41,-7.49,-8.64,16.84
16.59,40.78,16.61,-17.8,-8.0,-10.75,13.83,-13.05,-6.91,-27.98,-1.3,-7.36,18.75
17.26,33.54,14.04,-11.18,-9.38,-9.8,6.09,-11.55,-9.42,-19.28,3.29,3.17,16.48
17.46,27.72,9.54,-3.03,1.63,4.5,10.16,-6.56,-10.44,-16.43,-2.86,-1.35,6.72
17.68,50.43,23.12,-22.2,0.33,-1.96,32.39,-15.1,-5.18,-32.5,7.41,-5.93,27.18
17.32,36.04,19.6,-4.93,-4.06,-3.33,17.21,-1.16,-6.34,-28.36,-11.16,-8.03,13.5
17.24,38.64,20.93,-7.37,-3.72,-1.94,18.86,-4.58,-6.76,-24.62,0.7,-1.68,15.22
16.57,52.53,19.97,-22.53,0.34,-0.72,28.79,-12.78,-0.32,-27.71,11.24,-16.03,12.41
16.65,29.22,12.07,-4.98,-3.23,-2.88,7.32,-6.31,-7.91,-14.94,1.75,5.96,16.04
17.48,34.12,15.0,-5.87,-4.52,-4.82,7.47,-8.74,-9.01,-20.15,-3.03,-3.23,10.59
17.36,38.59,22.86,-7.7,-13.56,-17.42,5.05,-9.9,-7.94,-25.2,-2.39,-4.78,10.66
17.64,31.53,15.0,0.44,1.0,2.51,11.37,0.13,-2.36,-10.41,0.63,2.83,11.41
17.18,58.3,25.41,-32.99,0.32,-10.14,28.56,-22.57,-4.56,-31.51,5.16,-19.7,2.82
17.64,39.97,19.53,-9.73,-7.47,-9.95,8.85,-11.35,-8.02,-25.07,-3.68,-9.2,13.29
18.64,28.82,15.11,-0.07,-5.18,-8.04,0.23,-10.73,-17.22,-29.11,-19.64,-11.71,4.59
18.85,36.05,25.41,1.03,-6.05,-10.78,10.16,-1.01,-7.75,-31.24,-16.99,-12.93,6.92
17.89,28.31,13.84,1.49,-1.68,-6.28,-2.92,-11.66,-11.63,-15.18,-7.08,-5.44,1.94
17.28,26.84,11.23,-2.65,-7.18,-7.68,1.83,-3.14,-8.9,-21.85,-19.92,-14.94,0.05
18.27,54.13,28.78,-22.23,-5.79,-7.74,33.89,-11.59,-6.69,-36.69,-0.04,-26.02,3.98
17.9,50.84,25.11,-17.65,0.37,-8.9,25.21,-16.68,-6.69,-35.38,-3.04,-18.36,14.56
17.87,37.0,21.46,-4.69,-7.56,-8.97,13.7,0.71,-0.44,-22.64,-11.43,-14.68,5.36
18.62,35.77,22.88,4.04,-0.76,-4.66,8.98,-1.97,-4.89,-23.04,-16.55,-18.11,-1.45
18.03,27.05,13.2,0.96,-4.79,-8.84,-3.74,-9.07,-10.22,-16.64,-13.32,-12.76,-3.41
18.23,49.41,22.32,-15.92,-0.96,-20.17,12.32,-15.81,3.03,-23.42,1.53,-14.55,11.91
18.82,24.0,11.06,2.94,-1.17,-3.6,-0.99,-7.32,-12.33,-17.77,-12.78,-5.82,3.15
18.63,42.22,21.45,-5.54,4.4,1.25,17.36,-11.21,-9.87,-24.94,0.12,-6.91,8.51
18.14,31.12,15.79,-1.61,-5.07,-8.49,-1.24,-12.55,-12.43,-17.13,-3.05,-2.55,3.6
17.59,28.41,14.8,0.94,-4.59,-9.44,-3.15,-9.33,-7.48,-13.46,-7.28,-8.72,-1.12
18.63,33.75,19.2,0.97,1.4,-2.42,7.81,-12.14,-19.24,-36.38,-19.95,-13.2,7.04
18.04,32.48,15.83,-1.8,-5.56,-9.45,-2.97,-13.74,-15.05,-22.71,-13.27,-13.3,-3.31
18.28,26.71,13.64,3.06,-1.37,-5.69,-3.26,-13.74,-19.55,-27.12,-20.87,-15.59,-5.02
17.87,50.01,30.57,-13.63,-6.38,-5.53,30.58,-6.58,-4.5,-33.35,0.79,-13.78,9.08
18.46,33.78,18.29,-0.75,-1.41,-3.53,8.06,-8.0,-12.52,-27.69,-16.29,-13.75,2.79
18.11,20.15,4.7,-4.01,-9.47,-14.21,-15.85,-21.21,-21.87,-21.76,-16.62,-13.07,-7.34
19.01,63.68,42.43,-22.28,-9.51,-16.59,53.42,-29.08,-21.08,-23.82,17.37,-22.37,2.28
18.31,41.6,31.1,-1.58,-3.26,-7.52,16.18,-7.98,-6.32,-22.76,-1.22,-11.94,-2.86
18.18,38.49,22.33,-2.84,-4.13,-5.22,12.24,-2.71,-1.22,-15.03,0.27,-8.26,0.94
17.39,29.44,13.28,-2.07,-3.63,-2.75,6.03,-3.16,-6.62,-14.66,-5.87,-3.99,4.71
16.66,35.63,13.5,-13.05,-7.14,-10.49,4.07,-14.89,-4.73,-13.02,3.79,-5.54,6.93
17.22,49.05,25.52,-24.68,-9.87,-3.6,35.43,-7.48,-4.43,-36.3,2.39,-18.51,5.41
17.32,49.18,28.27,-20.51,-12.76,-9.1,29.67,-8.26,-6.68,-36.07,8.44,-6.63,22.98
17.47,49.93,25.36,-15.57,-6.5,-11.56,22.64,-6.47,1.67,-29.77,-0.51,-16.5,12.73
17.78,28.3,13.37,-2.45,-8.3,-12.25,-4.21,-9.88,-10.65,-21.09,-17.21,-16.43,-3.72
17.79,30.02,17.87,2.88,-2.22,-4.16,8.4,2.45,-3.02,-19.5,-13.85,-6.81,10.08
17.36,29.98,12.89,-8.6,-9.03,-9.25,7.6,-7.4,-13.15,-33.76,-23.5,-22.8,-4.43
17.8,24.72,12.19,6.2,4.71,0.91,-1.59,-12.6,-16.89,-19.79,-13.94,-10.88,-3.62
17.72,45.66,27.73,-3.66,4.75,-2.82,19.95,-13.83,-10.96,-34.03,-5.39,-8.25,18.85
17.77,29.66,13.06,-1.63,-3.31,-6.24,-2.94,-16.66,-18.57,-24.07,-13.34,-12.77,-4.01
17.4,58.26,24.35,-27.54,5.21,-13.08,36.41,-10.93,6.34,-20.33,10.14,-13.27,15.06
17.68,38.79,19.62,-8.56,-4.82,-8.02,13.77,-2.6,2.23,-16.66,-0.53,-12.22,1.93
17.46,24.75,8.55,-5.13,-9.11,-10.72,-2.76,-5.46,-2.57,-5.89,0.32,1.08,7.8
17.46,44.04,19.56,-16.06,-5.26,-7.76,20.72,-6.34,-0.19,-26.51,-2.26,-14.33,8.07
17.86,35.54,18.0,-4.68,-4.5,-7.95,5.09,-10.51,-8.21,-18.92,-1.92,-3.55,10.95
17.6,39.96,21.67,-11.93,-13.47,-20.71,4.53,-13.84,-8.8,-32.66,-16.21,-22.32,3.21
18.0,36.51,22.42,-1.82,-8.06,-12.35,6.7,-2.75,-0.85,-17.25,-3.45,-3.54,13.69
18.33,34.07,21.82,2.4,-5.05,-9.82,6.01,0.83,0.43,-18.48,-13.89,-13.16,6.61
17.91,56.71,32.44,-20.5,-3.08,-20.44,33.87,-9.35,-1.16,-34.99,-1.19,-18.81,21.7
17.35,39.28,21.24,-8.25,-3.6,-7.0,16.07,-4.79,-2.1,-24.13,-2.9,-5.42,19.07
18.46,38.45,24.92,2.64,-0.41,-6.68,8.83,-5.71,-5.35,-24.56,-14.36,-16.09,3.92
18.48,45.81,26.13,-8.3,-2.9,-9.41,15.44,-14.06,-10.77,-37.95,-11.85,-21.79,6.92
17.82,43.76,26.17,-10.93,-8.64,-9.73,25.85,4.25,5.66,-26.21,-3.21,-10.11,16.54
17.31,44.62,24.24,-10.46,-8.12,-16.6,8.76,-11.53,-1.23,-27.75,-6.77,-18.71,10.33
17.48,23.82,8.78,-2.52,-7.06,-9.12,-2.31,-3.81,-3.1,-8.45,-6.82,-6.58,-0.68
18.18,37.87,21.63,-3.2,-5.73,-8.06,10.25,-2.0,-0.67,-15.49,-0.12,-2.04,10.78
18.43,58.06,27.17,-19.85,5.43,-15.84,33.08,-10.84,4.62,-29.98,4.49,-18.84,12.39
18.02,60.11,31.48,-31.02,-10.64,-10.04,41.91,-19.32,-3.23,-36.54,12.74,-18.52,18.31
18.09,49.69,27.39,-9.29,4.47,-5.92,23.64,-9.54,-4.18,-29.05,4.2,-3.62,21.18
17.42,26.49,13.58,3.37,-2.7,-8.48,-7.53,-13.36,-15.28,-20.11,-18.6,-18.55,-12.52
15.83,34.83,14.7,-12.21,-9.7,-11.78,4.28,-13.72,-7.86,-16.03,4.68,-6.93,-1.88
17.38,52.43,28.58,-20.88,-10.69,-16.71,17.68,-20.58,2.93,-22.5,20.28,1.12,29.76
17.68,36.43,18.07,-10.23,-13.49,-18.8,-1.26,-14.94,-8.59,-20.08,-0.97,-9.6,-0.3
18.09,55.69,37.54,-22.76,-15.52,-16.88,29.21,-21.56,-5.85,-20.82,24.47,-2.63,17.32
18.45,45.54,26.53,-5.83,3.1,2.8,24.77,-7.34,-7.47,-27.96,-1.41,-12.58,5.42
17.52,27.85,14.62,5.54,4.0,2.09,4.36,-5.03,-7.27,-10.67,-4.48,-5.55,-2.21
16.98,26.55,12.33,0.47,-3.6,-4.88,2.14,-2.88,-4.89,-11.52,-4.63,0.66,10.9
17.69,44.66,28.11,-9.82,-7.37,-4.85,22.12,-9.19,-7.41,-18.03,16.15,4.5,11.83
17.49,42.21,22.73,-8.17,-4.35,-7.85,16.58,-2.66,4.66,-12.94,6.5,-1.95,14.03
17.68,45.25,19.45,-22.19,-12.44,-13.68,14.02,-21.49,-10.06,-25.8,11.11,-5.98,8.3
16.93,55.73,20.03,-33.74,-1.81,-26.65,20.83,-25.73,-0.21,-21.1,15.83,-1.08,22.72
17.35,44.73,24.08,-4.81,4.54,-3.65,14.83,-7.27,2.38,-12.0,10.22,-1.31,9.93
17.8,37.6,17.77,-8.69,-1.58,0.84,22.56,1.71,1.57,-19.24,-2.98,-11.17,2.38
17.68,34.66,14.82,-7.12,-5.77,-6.17,6.69,-8.43,-5.42,-14.76,2.16,-1.23,10.22
18.08,27.28,12.62,-0.13,-3.83,-8.62,-4.36,-11.34,-8.19,-8.68,0.05,-2.9,-2.83
17.26,36.92,20.38,-13.24,-15.16,-14.79,14.16,-3.87,-3.15,-18.94,12.12,11.81,23.76
17.6,35.56,17.21,-12.32,-11.36,-15.23,8.92,-8.09,-7.69,-31.85,-8.04,-3.92,21.28
18.08,35.13,16.86,-4.28,-0.06,-0.09,14.94,-5.21,-10.11,-29.44,-11.71,-8.13,15.3
16.61,26.55,11.74,-2.05,-6.15,-5.92,3.39,-4.53,-10.77,-21.9,-15.32,-10.45,0.3
17.92,41.44,21.75,-13.33,-13.01,-15.23,10.33,-12.2,-8.04,-27.77,-3.7,-12.02,5.81
17.43,42.68,21.0,-14.85,-7.44,-14.11,6.69,-23.92,-17.15,-31.59,1.64,-4.16,15.53
17.27,35.32,17.73,-12.41,-11.16,-10.26,17.18,-0.57,-1.19,-23.14,1.72,2.21,21.64
17.4,38.02,20.06,-13.54,-10.75,-6.56,23.03,-0.55,-2.42,-26.83,1.01,-1.12,20.8
17.69,38.24,17.6,-9.5,-6.28,-6.52,14.46,-4.37,-2.06,-20.6,0.69,-2.32,18.05
17.85,42.27,23.53,-10.46,-9.36,-14.32,12.33,-6.39,-1.4,-23.83,1.3,-5.09,16.85
17.54,42.4,25.59,-8.03,-7.34,-14.32,13.38,-4.28,-0.23,-27.22,-7.38,-12.74,13.14
17.56,45.84,22.33,-17.29,-9.44,-21.95,5.91,-19.89,-4.46,-25.78,5.97,-5.42,17.07
17.33,31.16,12.98,-5.17,-6.13,-3.64,11.24,5.12,6.87,-1.34,10.42,10.65,18.88
17.31,39.78,18.95,-15.07,-11.39,-13.1,15.78,-0.89,6.91,-15.44,4.17,-6.36,12.32
17.38,28.43,13.63,-3.21,-7.32,-9.01,3.85,-3.23,-7.09,-22.33,-17.2,-16.0,-2.45
17.68,40.73,24.83,-8.9,-11.12,-7.52,25.49,9.27,10.41,-12.03,7.46,-1.39,12.88
17.87,37.63,17.45,-13.42,-11.41,-12.22,10.26,-9.26,-5.78,-25.79,-6.82,-16.56,1.58
17.28,37.46,21.49,-7.33,-9.8,-11.39,13.73,0.81,0.55,-23.93,-7.06,-8.88,12.96
17.75,37.35,22.23,-5.89,-8.2,-8.05,16.83,3.38,2.94,-17.51,-3.93,-9.31,7.19
18.29,32.76,17.26,-3.41,-1.7,0.34,19.34,4.43,-1.71,-22.9,-11.16,-9.87,9.71
17.09,28.82,11.35,-3.91,-3.2,-5.56,2.68,-9.66,-10.84,-21.73,-9.94,-5.07,13.08
17.44,35.45,15.66,-13.26,-8.59,-4.68,20.55,2.79,5.74,-12.56,1.94,-10.75,3.09
17.58,31.43,16.94,-1.49,-5.69,-5.42,10.26,5.19,5.09,-6.87,0.18,-2.29,5.62
18.4,50.57,20.04,-21.46,3.41,-16.8,23.16,-12.91,-0.92,-35.71,-7.18,-19.16,13.24
17.88,41.75,22.69,-12.38,-5.68,-4.16,28.35,2.53,1.45,-30.34,-8.11,-15.46,14.91
18.21,37.46,16.75,-16.51,-15.65,-19.27,2.47,-21.13,-18.54,-38.92,-19.33,-25.16,-3.69
18.51,52.37,26.32,-22.91,-10.9,-18.08,22.87,-15.49,-5.89,-35.85,4.94,-12.05,20.95
18.54,38.45,19.54,-7.9,-5.03,-9.0,6.36,-16.04,-13.71,-28.2,-6.16,-10.03,5.47
17.96,41.3,18.49,-16.58,-12.62,-19.21,3.34,-21.54,-12.57,-24.79,6.27,-3.88,11.67
18.16,34.09,16.33,-10.87,-14.77,-20.98,-2.73,-14.34,-11.4,-28.68,-11.98,-12.46,5.79
18.21,28.37,10.52,-10.72,-10.62,-10.61,4.52,-11.03,-17.32,-37.12,-25.49,-22.41,-0.93
17.9,42.77,19.42,-14.93,-0.43,-1.66,26.21,-4.31,-3.35,-30.59,-8.01,-18.52,4.16
17.91,44.8,20.16,-18.1,-5.15,-5.74,24.42,-5.85,-1.33,-28.44,-1.12,-14.06,9.56
18.24,24.24,8.89,-4.12,-10.18,-14.05,-8.69,-13.58,-14.11,-19.1,-12.86,-7.99,3.23
18.9,44.35,25.98,-9.91,-5.57,-8.05,16.27,-17.5,-18.98,-37.96,-2.31,-7.46,12.85
18.81,27.67,10.81,-5.8,-3.15,-5.82,-2.03,-27.01,-35.71,-43.72,-22.55,-14.63,-0.48
19.0,46.99,24.1,-19.67,-9.13,-10.68,21.95,-18.55,-10.86,-36.01,-1.67,-12.68,19.31
18.77,33.25,17.09,-1.0,1.26,-2.84,4.48,-15.22,-18.34,-28.99,-8.77,-3.56,12.2
18.49,50.85,28.87,-20.5,-11.02,-17.06,20.78,-21.23,-15.04,-45.24,-8.44,-22.05,12.43
18.12,51.79,29.74,-20.28,-13.68,-18.33,21.36,-16.28,-7.69,-37.36,0.2,-16.78,17.52
17.94,39.02,20.29,-9.96,-9.06,-9.78,11.51,-8.41,-4.72,-18.57,3.27,-3.61,10.06
17.51,47.03,24.3,-24.16,-13.8,-9.79,32.65,-0.37,4.9,-27.36,7.85,-8.94,16.51
18.63,51.61,24.8,-17.89,1.21,-9.64,25.72,-17.51,-8.16,-40.37,-3.45,-15.65,16.64
18.3,41.74,21.42,-12.61,-8.82,-12.49,7.27,-17.56,-13.0,-30.94,-5.97,-14.58,2.52
18.74,41.08,22.87,-8.81,-1.01,0.47,23.32,-8.67,-14.25,-37.55,-11.66,-13.83,10.52
18.38,34.9,19.62,-5.97,-9.82,-11.64,9.25,-5.84,-12.08,-36.1,-18.12,-11.24,12.14
18.11,35.66,17.95,-6.19,-2.83,-1.73,16.41,-4.77,-9.75,-28.15,-6.61,-2.96,17.71
17.92,32.53,17.64,-0.21,1.58,0.99,14.04,-4.49,-12.67,-31.56,-16.1,-7.08,13.82
18.32,38.39,20.88,-7.74,-6.41,-6.03,18.17,-1.02,-3.89,-26.62,-5.58,-5.92,15.06
18.3,62.26,37.62,-22.46,-3.79,-18.21,31.78,-14.77,0.47,-29.31,12.24,-16.33,23.79
17.94,36.3,20.27,-5.59,-9.04,-11.48,7.49,-6.33,-7.87,-26.31,-11.32,-11.89,7.81
17.98,47.64,29.37,-8.85,-5.11,-10.97,22.37,-4.66,-0.81,-27.76,1.09,-4.23,28.21
17.76,25.19,11.09,2.46,-0.89,-1.86,1.61,-2.18,-3.06,-4.66,0.94,5.04,10.98
17.22,37.49,22.23,-5.93,-6.91,-4.85,18.61,-3.82,-10.52,-29.22,-2.63,1.89,23.54
18.05,45.23,21.82,-13.64,-2.75,-5.72,18.59,-12.73,-9.05,-30.42,-0.07,-8.55,13.0
17.97,30.41,12.75,-6.55,-7.21,-8.74,2.8,-8.9,-10.99,-23.92,-14.77,-16.19,-5.25
17.95,59.6,28.82,-28.71,-0.87,-7.63,39.84,-17.53,-0.94,-31.93,10.1,-15.86,15.74
18.06,34.17,17.43,-2.91,-0.65,-0.93,13.46,-1.67,-1.73,-14.53,-0.64,-1.2,13.8
17.82,35.93,15.54,-8.49,-4.44,-2.64,15.1,-2.35,-0.15,-14.66,1.04,-8.03,3.34
18.01,29.24,15.05,1.09,2.44,3.55,10.83,-5.54,-9.89,-12.92,8.7,16.93,23.76
17.92,36.85,22.51,0.23,-3.34,-8.5,5.37,-6.14,-2.1,-11.77,3.66,0.53,8.82
18.0,32.5,18.4,2.28,-0.89,-7.79,-3.71,-17.44,-16.42,-19.76,-4.78,-3.62,4.83
17.93,38.58,20.29,-8.82,-8.0,-9.64,11.27,-9.66,-10.15,-27.39,-4.67,-7.42,10.11
18.02,30.13,16.3,4.0,2.79,1.49,7.69,-1.42,-2.68,-7.76,0.08,0.53,5.7
18.35,41.6,25.32,-6.36,-5.62,-5.53,17.69,-6.85,-7.44,-24.9,1.14,-2.5,12.23
18.38,50.97,32.77,-15.29,-10.16,-9.75,22.34,-21.75,-15.04,-26.11,27.21,7.39,19.42
18.71,38.51,19.47,-3.99,1.07,-3.25,10.02,-8.85,-7.34,-22.63,-7.66,-13.36,5.47
18.32,32.41,18.55,-2.65,-11.76,-20.59,-10.23,-18.49,-11.32,-14.98,1.93,-2.32,0.93
18.66,32.8,17.47,1.92,-2.33,-8.17,-2.35,-10.47,-9.35,-14.53,-3.08,0.42,10.45
18.75,60.44,28.97,-25.77,-1.43,-20.95,29.51,-29.21,-7.63,-28.0,9.36,-13.77,11.49
18.09,37.96,22.21,-4.13,-3.97,-5.02,18.77,5.25,2.69,-21.43,-11.29,-17.36,0.83
18.22,49.75,30.05,-15.82,-9.06,-8.28,29.3,-7.52,-1.41,-30.03,-2.14,-16.65,19.22
18.68,27.2,12.27,0.73,-4.13,-7.52,-5.23,-12.23,-14.15,-18.17,-12.24,-8.52,0.2
18.05,40.24,19.85,-7.26,4.38,2.49,22.41,-4.15,-5.39,-29.75,-10.68,-13.27,12.33
17.67,33.36,18.99,-1.89,-6.08,-5.71,13.05,5.48,3.96,-11.68,0.66,4.57,19.94
17.63,36.05,17.74,-9.13,-10.43,-16.51,1.01,-14.17,-11.77,-28.97,-14.22,-16.59,1.2
17.77,25.61,10.08,-2.78,-4.35,-4.61,4.13,-3.02,-4.11,-10.05,0.97,7.67,20.35
17.6,32.69,15.88,-8.29,-11.12,-10.85,9.15,-2.31,-4.23,-21.24,-6.45,-5.27,10.5
18.54,28.32,14.56,2.57,0.98,0.54,8.63,0.93,-2.22,-12.1,-7.56,-7.86,0.84
18.49,31.35,13.54,-6.14,0.98,5.25,24.64,8.23,2.95,-19.05,-7.49,-5.95,14.52
18.26,46.67,21.73,-26.11,-9.59,-13.28,28.58,-1.36,8.89,-26.99,-1.71,-19.62,12.32
18.61,41.83,22.4,-11.03,-4.85,-3.04,23.97,-2.27,-4.08,-27.09,-0.63,-7.63,12.09
18.19,40.46,19.3,-11.23,-3.3,-4.57,20.08,-2.38,-0.83,-25.92,-5.38,-10.6,17.46
18.34,43.23,27.97,-2.85,-4.04,-7.5,16.03,-5.11,-6.16,-27.19,-2.53,-5.8,11.51
18.31,29.25,14.11,-0.14,-0.85,0.43,11.19,1.44,-5.26,-19.1,-11.18,-6.96,6.3
17.63,58.74,24.98,-23.02,5.73,-24.37,27.76,-16.53,6.44,-30.03,1.31,-18.08,15.2
17.79,23.74,6.94,-2.03,-0.02,3.74,8.7,-1.07,-7.34,-13.12,-3.62,4.15,13.52
18.37,57.21,24.86,-35.22,-5.55,-14.63,48.32,-7.85,5.9,-32.48,11.16,-10.52,26.53
18.25,25.23,12.04,2.55,2.42,1.56,6.43,-3.33,-6.87,-13.09,-3.46,3.94,17.55
18.14,30.11,16.15,-1.03,-4.2,-4.82,9.24,-1.19,-7.26,-23.06,-12.74,-5.1,15.51
17.92,39.3,19.68,-6.09,0.53,2.31,21.35,-3.22,-3.8,-23.25,-2.48,-5.47,15.73
17.75,31.18,15.38,-1.88,-0.17,2.99,18.94,9.25,7.74,-3.74,8.21,8.68,18.26
17.86,31.41,14.63,-0.92,3.89,5.93,14.84,-6.66,-13.1,-24.67,-5.71,-0.98,12.39
17.77,30.04,13.96,0.9,6.29,8.86,16.93,2.37,-0.4,-9.65,-1.56,-4.72,3.5
16.97,26.62,9.64,-3.44,-0.91,3.26,13.15,1.79,-5.02,-17.73,-10.59,-7.7,5.55
17.94,37.85,23.05,0.01,1.66,6.33,28.72,11.47,3.79,-18.05,-4.28,-10.73,2.65
17.58,26.54,12.1,3.91,5.74,7.46,9.94,-2.04,-8.19,-13.95,-7.3,-4.82,3.09
17.4,34.05,16.25,-5.55,-0.67,1.71,21.09,7.57,6.59,-13.24,-4.45,-10.21,4.15
17.82,27.97,13.27,1.78,-2.08,-0.46,9.75,9.46,7.24,-1.72,-3.54,-3.65,4.6
17.19,37.34,19.66,-5.3,-4.43,-5.33,13.29,-1.69,0.43,-14.33,-1.22,-5.71,8.1
17.68,34.76,19.6,0.65,0.22,1.28,16.82,6.07,3.08,-13.16,-3.25,-3.67,9.74
17.19,24.36,7.82,-6.39,-9.77,-10.57,-2.18,-7.92,-8.96,-14.9,-7.35,-3.6,6.08
17.99,49.42,28.98,-10.89,-1.52,-3.18,28.28,-0.75,4.9,-21.46,6.74,-9.68,11.65
18.05,58.55,38.12,-16.03,-2.82,-9.3,41.61,-11.38,-5.09,-27.35,11.16,-6.02,25.53
17.97,29.74,16.28,4.57,0.28,-1.52,5.26,0.93,0.66,-4.73,1.05,2.55,8.88
17.75,26.05,12.08,1.86,-1.0,-2.24,2.82,-2.58,-4.49,-10.24,-6.83,-5.11,3.14
18.08,32.19,14.14,-8.3,-10.13,-13.22,-1.52,-19.13,-23.68,-40.82,-25.34,-22.23,-4.17
18.34,58.37,21.94,-18.97,19.32,-17.28,35.18,-23.32,-7.26,-37.98,-7.03,-22.39,13.34
18.05,24.02,8.29,-4.92,-8.39,-11.19,-6.39,-15.99,-19.45,-27.15,-19.83,-15.65,-3.71
18.35,30.24,17.12,1.09,-6.8,-11.1,-0.46,-3.91,-3.11,-11.94,-4.46,-0.87,12.54
18.02,48.81,24.46,-11.7,2.63,-4.68,19.94,-14.3,-1.03,-24.13,5.79,-9.44,15.44
17.84,34.58,17.88,-4.83,-6.47,-8.55,7.4,-4.37,-3.76,-18.68,-5.0,-7.28,5.42
18.33,47.12,29.49,-13.52,-7.85,-6.63,28.55,-0.8,0.87,-24.78,4.41,-7.39,11.18
17.97,39.59,25.95,-6.39,-11.66,-8.86,23.0,8.07,3.75,-20.46,0.27,-4.65,10.29
17.84,32.62,19.09,0.14,-5.36,-8.96,7.62,4.98,6.25,-11.13,-9.22,-11.93,1.85
18.3,40.81,25.41,-2.99,-2.95,-4.07,19.37,0.37,-0.77,-26.88,-12.58,-18.92,3.5
18.36,39.37,19.76,-7.3,-5.07,-7.46,11.14,-9.3,-5.44,-24.97,-9.21,-18.04,1.99
18.79,34.24,19.27,-1.56,-3.54,-3.24,14.58,3.99,1.15,-17.46,-9.54,-10.39,7.95
18.04,42.65,25.09,-7.23,-0.68,-1.42,22.84,-5.72,-10.04,-37.48,-12.84,-19.55,7.7
17.82,38.1,24.67,2.3,-0.53,-4.71,10.27,-2.85,-4.15,-23.0,-13.45,-16.65,-0.22
17.94,39.92,26.0,-3.33,-2.83,-6.89,13.77,-5.75,-9.0,-27.05,-2.28,-3.74,11.68
18.07,61.02,40.23,-24.22,-10.5,-8.02,53.87,-19.63,-22.42,-32.22,18.86,-19.25,4.82
18.23,30.04,15.31,1.09,-1.97,-3.82,4.84,-3.2,-4.71,-15.15,-9.3,-8.94,1.54
18.67,39.82,24.36,-1.18,-2.36,-6.07,13.3,-1.35,-1.49,-22.32,-6.89,-9.33,10.3
18.42,42.22,22.4,-9.35,-2.82,0.38,27.72,3.9,4.7,-20.95,0.87,-6.5,15.47
17.12,24.66,9.51,-0.5,-0.57,0.27,7.12,0.92,-1.49,-9.0,-6.23,-5.68,2.56
17.47,33.92,15.86,-8.9,-7.44,-5.18,19.08,7.04,6.06,-16.45,-4.37,-6.13,15.0
16.97,48.15,27.18,-20.77,-17.99,-16.13,18.41,-12.84,0.1,-24.84,11.0,-9.56,12.43
17.24,38.43,18.32,-11.88,-9.53,-9.87,15.22,1.89,12.99,-1.72,13.67,-1.97,8.45
17.18,28.81,10.65,-12.38,-15.66,-13.75,6.46,1.59,7.04,-2.64,8.85,3.45,12.73
17.5,44.47,25.79,-16.25,-13.3,-13.7,21.73,0.23,9.44,-15.18,10.44,-5.08,15.14
17.76,30.37,14.47,-6.13,-10.68,-10.1,9.97,7.78,11.36,-1.71,6.9,6.29,17.91
17.51,32.28,16.16,-3.99,-7.64,-8.07,9.22,4.22,5.99,-8.85,-3.62,-6.83,4.98
17.65,35.69,16.61,-9.02,-4.23,-2.52,22.06,6.63,7.11,-14.78,-4.7,-15.0,-1.87
17.17,51.79,22.48,-15.67,-1.56,-7.28,21.58,-13.39,-3.04,-30.63,7.79,-12.46,12.4
18.03,57.24,30.98,-22.31,-5.99,-13.22,36.05,-12.04,3.99,-25.41,6.91,-19.14,13.34
17.42,23.88,8.64,-0.9,-1.0,1.98,10.42,4.43,-1.59,-13.72,-14.08,-13.74,-5.11
17.69,39.85,23.76,-5.6,-5.64,-6.29,22.4,11.97,15.6,-9.86,1.75,-7.28,11.49
17.91,23.69,11.59,6.65,6.22,5.52,8.28,5.21,5.21,2.03,2.1,0.47,4.6
16.55,42.33,23.59,-9.65,-5.55,-4.82,22.46,-3.13,-1.28,-18.02,13.67,7.48,21.32
17.45,33.34,15.99,-5.08,-7.18,-6.73,10.67,3.89,8.14,-4.34,4.35,-1.84,6.85
18.01,32.3,16.68,-3.68,-5.2,-5.37,12.12,1.03,-1.77,-17.07,-5.48,-1.82,16.16
17.79,36.78,19.04,-6.61,-6.96,-6.39,13.19,-3.31,-1.86,-17.41,-2.66,-10.36,0.36
17.95,48.62,20.76,-15.97,5.09,-7.76,26.32,-4.96,7.08,-19.01,4.34,-8.49,17.61
17.6,48.12,28.62,-19.46,-14.81,-13.76,29.88,-1.1,7.53,-24.63,3.87,-9.06,14.63
17.31,36.43,18.9,-4.7,-3.85,-4.71,11.13,-4.24,-1.35,-12.85,1.98,-5.13,1.38
18.09,42.94,22.53,-9.49,-6.34,-8.49,14.58,-6.98,-0.28,-20.15,0.52,-11.59,6.27
18.37,31.21,16.51,0.91,-1.4,-2.53,9.22,3.14,3.61,-8.25,-6.03,-12.35,-5.97
17.31,35.21,18.52,-1.54,-3.36,-5.65,7.73,-1.12,2.61,-6.56,3.26,-3.01,4.76
17.84,42.82,25.43,-4.73,-3.95,-8.0,12.96,-5.44,3.82,-9.6,9.15,-2.2,10.07
17.42,51.41,30.47,-20.69,-12.07,-10.9,28.46,-14.99,-9.48,-33.06,5.57,-10.32,14.23
17.57,30.25,15.66,1.79,1.66,1.04,9.35,-1.62,-2.89,-11.14,-3.66,-4.46,5.28
18.3,46.77,25.48,-4.48,1.04,-2.26,17.85,-8.15,1.65,-17.22,3.68,-7.82,12.8
18.44,31.36,13.14,-9.07,-10.07,-12.09,0.94,-13.21,-14.76,-28.42,-14.66,-13.42,1.46
18.13,30.7,13.94,-3.43,-6.34,-7.3,2.8,-4.48,-3.06,-9.22,0.24,-0.84,5.56
18.02,43.4,20.83,-15.55,-2.98,-0.06,29.9,-0.5,3.96,-15.72,16.04,4.56,22.31
18.31,37.62,19.89,-4.2,0.21,0.98,15.89,-6.79,-9.45,-23.84,-3.42,-4.02,9.69
18.81,40.96,24.01,-9.48,-9.25,-6.62,25.13,7.51,7.25,-19.87,-0.3,-8.04,9.65
17.88,22.01,4.92,-4.13,-2.91,1.5,10.25,6.14,2.7,-6.21,-7.12,-10.86,-7.47
17.65,28.65,12.54,-4.63,-4.32,-1.68,15.77,9.06,6.06,-11.47,-7.88,-10.8,1.33
17.77,39.2,16.55,-13.63,-9.1,-8.88,12.85,-3.94,3.96,-10.89,10.86,-0.25,14.66
18.07,40.64,19.12,-14.82,-6.43,-5.64,24.13,0.6,3.9,-21.84,-1.35,-10.9,9.12
18.01,35.93,14.87,-14.92,-12.66,-12.49,13.68,-0.67,1.56,-21.65,-5.11,-10.48,8.69
17.94,43.38,20.58,-17.84,-10.16,-14.61,18.21,-4.8,8.08,-15.77,8.39,-6.33,16.98
17.69,26.77,12.27,-1.86,-5.67,-7.76,3.6,0.27,1.37,-9.93,-7.28,-8.74,3.01
17.86,34.73,21.42,0.06,-8.0,-13.18,4.15,2.36,9.03,-3.88,1.75,-5.72,5.09
18.2,28.37,16.07,4.64,1.35,0.76,12.2,10.29,8.55,-3.28,-2.44,-1.74,9.39
17.59,29.32,14.09,-1.39,-3.25,-1.81,10.71,5.81,5.12,-5.27,-0.07,0.02,9.15
17.55,41.63,18.96,-26.62,-19.56,-14.02,22.38,-16.34,-16.66,-42.82,-7.64,-22.1,0.31
18.03,32.62,16.01,-4.25,0.54,3.32,19.8,1.57,-2.78,-18.65,-0.71,0.83,12.77
18.08,34.61,16.5,-4.73,-2.95,-0.86,14.92,-1.14,-2.68,-17.54,-3.38,-5.2,10.63
17.74,28.52,13.58,-1.72,-3.71,-2.0,12.1,5.42,0.83,-13.74,-9.19,-7.78,3.41
17.03,27.96,11.59,-6.54,-7.96,-5.57,8.93,-1.64,-5.67,-16.24,-3.67,-1.42,7.57
17.73,48.33,23.34,-18.46,-3.03,-3.12,28.51,-7.14,3.05,-20.35,11.42,-5.43,17.43
18.02,40.95,19.17,-16.75,-9.22,-5.07,20.53,-8.35,-3.34,-16.86,17.15,7.15,21.85
17.6,31.12,11.73,-10.73,-8.76,-9.79,4.81,-10.83,-10.78,-22.79,-7.51,-7.45,6.05
17.47,33.18,12.46,-8.26,-5.89,-5.2,4.79,-11.59,-8.69,-14.86,2.13,-2.83,5.84
17.67,33.21,17.13,-5.27,-8.52,-10.42,6.36,-6.02,-7.7,-22.83,-8.19,-5.77,10.12
18.05,29.09,14.04,-1.59,2.34,6.28,19.21,1.54,-8.26,-22.81,-7.44,-3.39,7.05
17.66,50.69,16.77,-25.51,10.06,-8.72,33.64,-13.57,-3.4,-31.55,5.86,-3.02,22.44
17.93,39.53,18.32,-18.79,-2.62,5.62,35.12,-4.51,-1.89,-17.63,20.52,7.9,20.12
18.14,41.59,22.21,-9.32,-3.55,-3.98,20.11,-2.53,-0.11,-20.42,1.53,-5.96,12.9
17.61,50.62,22.92,-17.38,-2.01,-6.02,25.13,-15.28,-6.54,-34.75,-0.9,-17.46,11.54
17.36,52.51,25.44,-18.96,0.58,-15.07,26.61,-8.11,4.69,-27.66,2.98,-9.9,19.17
17.93,37.18,19.55,-6.16,-3.2,-2.97,16.83,-3.29,-5.99,-25.06,-7.08,-9.44,7.48
17.71,28.71,11.67,-7.59,-10.19,-10.17,4.89,-3.36,-5.76,-20.44,-10.86,-7.54,7.49
17.58,23.17,7.75,-2.01,-0.43,4.5,14.75,7.97,-0.46,-14.9,-14.11,-10.28,3.56
18.23,44.54,25.96,-11.28,-4.63,-1.56,34.75,8.72,6.63,-24.23,-1.42,-15.7,4.33
17.57,27.53,14.83,3.4,2.28,3.71,13.68,6.2,0.19,-11.76,-6.51,-3.59,4.1
17.94,29.32,12.59,-2.61,0.63,1.7,10.63,-3.48,-5.55,-13.12,-1.26,-1.21,8.89
17.41,49.9,18.41,-27.97,-0.68,-4.63,30.05,-16.77,-4.5,-32.19,5.3,-18.24,3.13
17.56,30.75,17.07,-3.06,-11.12,-11.26,8.58,6.11,2.73,-13.44,-4.86,-0.96,11.62
18.0,53.67,28.81,-26.11,-7.56,-8.65,27.92,-23.15,-13.18,-35.33,5.62,-16.68,8.84
18.0,34.99,18.21,-8.0,-8.8,-8.25,14.29,-0.64,-4.73,-27.05,-9.22,-6.84,15.06
17.4,40.94,20.78,-18.66,-13.73,-11.1,23.16,-3.39,-2.76,-31.51,-2.65,-9.49,15.19
17.28,25.12,6.94,-9.95,-10.36,-8.3,4.61,-2.12,-1.1,-7.29,4.47,5.9,13.02
17.83,35.42,13.42,-13.94,-8.44,-9.51,6.82,-15.47,-11.04,-20.66,5.14,1.53,15.3
18.31,42.47,22.58,-16.1,-11.39,-9.9,24.04,0.29,2.0,-28.23,0.21,-5.66,19.18
18.76,35.1,14.51,-10.04,-4.91,-4.63,14.09,-2.88,-4.86,-23.95,-7.78,-7.59,11.8
18.2,27.24,12.44,0.65,-0.43,-1.64,4.47,-3.32,-5.06,-14.36,-12.69,-15.49,-6.13
17.2,39.49,15.97,-15.68,-10.06,-13.24,7.61,-18.64,-16.28,-37.32,-10.51,-14.97,7.08
17.32,39.37,19.36,-7.9,-1.88,-4.72,12.57,-12.11,-11.45,-26.59,-2.12,-6.56,8.53
18.27,36.83,15.89,-13.16,-8.64,-7.92,11.75,-12.77,-12.37,-29.89,-5.23,-7.25,14.05
18.44,33.81,11.28,-17.79,-11.31,-12.82,4.33,-19.79,-20.22,-40.22,-18.83,-21.47,-1.5
18.1,26.83,12.88,0.6,-5.73,-9.04,-3.77,-8.23,-9.78,-14.46,-8.28,-4.32,2.98
18.09,38.25,18.56,-8.66,-4.48,-7.04,6.78,-18.27,-15.02,-24.31,-1.03,-7.52,4.42
17.83,58.33,23.94,-35.45,1.85,-11.31,29.46,-29.99,-11.34,-39.72,-1.34,-26.44,7.24
17.82,36.16,17.77,-11.55,-9.68,-6.95,18.01,0.81,1.35,-16.76,0.55,-12.19,-3.15
17.78,30.62,10.07,-16.97,-19.0,-20.19,-3.46,-17.98,-15.68,-25.12,-2.77,-3.09,11.66
17.38,39.27,18.78,-10.53,-5.31,-6.86,13.57,-10.79,-9.23,-24.91,-0.47,-6.54,6.89
17.65,30.57,15.15,-2.55,-4.58,-6.08,4.51,-8.34,-9.91,-20.34,-9.63,-11.87,-4.71
18.03,29.11,12.66,-1.96,-0.61,-3.37,0.11,-16.33,-18.66,-24.59,-12.8,-13.84,-7.81
16.95,44.85,15.25,-22.08,-1.14,-4.31,19.76,-22.81,-10.25,-26.16,14.57,-5.29,10.78
17.91,40.67,22.18,-10.26,-2.74,1.8,26.64,-6.71,-10.93,-30.23,1.6,-3.91,11.57
17.26,44.94,14.67,-15.79,-0.11,-4.92,16.11,-14.17,-0.32,-19.83,9.88,-8.16,10.87
18.1,51.75,26.98,-18.3,3.49,2.95,34.47,-18.97,-11.58,-33.46,6.66,-13.73,10.91
17.74,42.99,21.52,-7.1,2.6,-3.16,20.0,-1.59,2.55,-21.81,-3.32,-11.64,8.72
16.85,37.79,19.87,-10.82,-10.79,-9.18,19.75,4.33,4.85,-15.39,4.24,-2.72,10.62
17.21,32.49,19.47,-1.8,-6.53,-8.2,11.38,3.94,3.74,-9.71,2.68,2.57,11.9
17.84,31.56,16.55,-0.46,-1.25,-0.75,11.34,-1.18,-4.62,-14.99,-2.58,-1.01,6.96
17.9,34.13,18.22,-2.33,-0.71,-1.45,12.07,-5.91,-8.43,-20.76,-3.76,-4.85,5.86
17.1,53.01,16.59,-30.5,4.65,-14.46,26.75,-22.45,-5.65,-28.76,8.48,-10.58,11.47
17.59,42.36,16.84,-20.25,-6.8,-5.74,17.26,-16.62,-6.27,-18.66,16.37,-0.32,14.06
17.79,33.04,13.6,-8.14,-1.89,-2.66,5.91,-16.64,-12.47,-15.96,8.59,4.66,13.87
18.32,53.99,22.02,-20.11,5.96,0.1,28.04,-24.38,-2.48,-24.28,16.07,-7.51,21.22
18.38,31.76,12.28,-10.8,-5.26,-4.88,9.34,-12.5,-14.12,-25.93,0.1,5.84,24.99
18.16,32.67,16.84,0.14,3.22,1.83,10.02,-9.52,-14.9,-25.58,-6.78,-0.22,15.09
17.78,52.3,23.19,-36.33,-17.3,-21.21,19.28,-41.74,-28.89,-38.35,10.05,-15.21,13.73
17.42,43.75,25.07,-8.97,-2.82,-6.05,15.29,-16.37,-13.51,-27.7,7.93,1.21,11.07
17.5,55.73,17.43,-27.88,17.46,-6.01,24.88,-24.99,0.11,-25.46,17.74,-4.23,15.63
17.65,33.35,14.44,-5.08,2.43,7.15,20.08,-3.57,-9.41,-23.21,-4.94,-7.02,6.33
16.92,26.02,9.84,-3.38,-4.52,-6.28,-0.57,-9.54,-8.99,-11.5,-0.13,3.97,14.24
17.08,43.89,21.61,-18.25,-3.38,2.37,29.63,-9.56,-8.12,-28.74,4.61,-10.55,7.06
17.57,32.35,15.69,-4.94,-2.95,-1.83,14.64,0.08,-2.97,-18.65,-0.58,5.05,22.28
17.67,34.11,15.2,-9.12,-4.92,-3.58,15.89,-5.28,-9.24,-30.6,-8.25,-2.67,22.9
17.16,35.53,20.54,-4.6,-9.19,-10.57,10.33,-1.5,-2.65,-19.62,-1.75,2.56,21.74
17.2,44.5,20.83,-17.58,2.23,3.58,27.59,-20.45,-22.41,-43.9,-1.45,-13.44,12.47
16.6,34.64,14.22,-9.98,-2.54,0.15,17.27,-2.43,-0.79,-13.86,3.62,-3.05,6.45
17.17,49.96,22.04,-23.35,-5.1,-5.0,25.81,-21.54,-9.56,-31.26,14.15,-4.53,15.74
17.91,39.11,20.84,-5.8,0.04,0.81,21.6,-2.05,-5.56,-27.02,-8.07,-11.34,5.25
17.7,22.27,9.74,3.77,1.85,0.31,1.01,-6.48,-11.91,-14.9,-6.91,2.98,12.73
17.87,26.97,13.11,4.58,5.91,6.48,11.18,2.07,-0.75,-5.92,0.14,1.52,6.48
17.99,31.42,15.02,-2.95,1.51,4.84,17.73,-2.87,-9.68,-22.53,-1.55,5.6,22.52
17.85,24.91,7.88,-7.23,-7.92,-6.67,3.43,-5.03,-5.74,-9.81,4.28,10.9,22.92
17.45,23.87,11.05,3.99,3.79,2.45,5.2,-2.61,-4.32,-6.56,1.91,5.04,9.5
17.2,32.5,18.33,3.66,3.11,0.75,6.73,-6.5,-9.79,-19.66,-7.96,-4.91,6.63
16.92,32.81,14.23,-6.87,-7.33,-7.63,6.6,-3.32,1.25,-7.37,4.3,-1.88,6.81
17.32,33.03,14.24,-6.69,-4.14,-5.89,8.3,-4.56,-1.25,-11.06,3.09,0.75,11.13
17.78,29.24,13.82,-0.93,-2.28,-2.64,7.55,0.07,0.6,-9.33,-2.44,-3.89,5.87
17.5,58.5,22.19,-30.48,1.87,-19.32,34.09,-24.11,-2.66,-34.02,2.79,-22.17,0.67
17.53,42.99,25.64,-8.57,-7.97,-9.18,22.56,4.08,8.36,-20.54,-1.28,-12.82,8.03
17.03,30.05,15.54,-0.27,-3.82,-5.99,2.92,-6.94,-10.73,-20.14,-8.04,-1.7,9.73
17.76,32.84,16.36,-0.93,-2.4,-3.02,6.31,-5.32,-7.91,-17.82,-4.88,-0.76,12.89
17.82,24.0,6.51,-7.97,-9.67,-9.75,-0.69,-5.37,-2.14,-4.78,3.66,3.38,8.81
18.59,33.42,18.32,-1.49,-4.27,-5.29,9.59,-2.11,-6.02,-22.02,-11.21,-9.76,3.91
17.88,55.74,21.85,-23.17,7.39,-15.33,27.02,-22.01,-7.27,-35.02,2.13,-18.16,2.8
18.37,30.35,16.13,4.95,2.05,0.44,3.69,-6.24,-9.58,-14.62,-5.71,-1.69,5.98
