0.66,-34.89,-6.42,-13.77,-28.94,9.42,2.29,-28.03,4.94,1.85,-7.57,-5.24,2.08
1.92,-38.96,-21.19,-11.56,-16.39,-4.99,-18.89,-5.96,-14.68,1.21,-7.34,2.27,1.69
1.92,-41.0,-20.57,-14.68,-17.53,-7.9,-21.96,-9.4,-18.31,-7.25,-16.91,-1.36,-0.96
2.37,-35.11,-17.28,-12.65,-18.91,-12.19,-19.78,-12.1,-7.89,-1.17,1.56,3.73,-5.46
2.37,-37.14,-14.58,-8.44,-14.32,-4.15,-7.92,-6.28,-12.01,4.17,-8.75,-8.24,-4.67
7.64,4.64,-5.72,-33.88,-23.58,14.48,34.7,3.81,-14.35,1.5,24.83,21.95,20.35
6.91,8.93,-0.99,-19.66,-20.63,15.77,20.31,5.92,-2.54,-7.04,-1.86,2.03,2.48
14.5,46.78,19.81,-35.69,-14.72,-7.05,29.57,-9.98,1.16,-25.69,14.22,-10.37,15.55
16.03,46.5,21.54,-22.08,-10.74,-12.03,22.62,-6.61,5.11,-17.42,14.81,-4.74,14.13
16.32,40.31,18.2,-21.84,-17.19,-23.16,6.12,-12.74,-0.22,-17.77,4.24,-10.76,4.66
16.75,29.17,10.5,-8.4,-7.72,-9.55,-1.13,-15.56,-14.37,-20.59,-7.02,-7.62,1.56
16.72,30.47,12.37,-7.42,-6.22,-5.93,5.29,-7.04,-5.32,-11.13,2.69,-2.7,-0.23
16.77,26.26,7.21,-11.41,-13.52,-16.03,-7.19,-16.74,-13.77,-18.09,-7.01,-9.87,-5.09
17.5,40.49,20.48,-11.84,-9.64,-10.5,14.03,-5.47,3.21,-11.6,11.26,-2.73,6.41
17.4,31.19,11.96,-11.26,-12.89,-16.44,-1.46,-9.32,-1.03,-7.62,7.25,4.28,15.06
17.51,21.66,7.08,-0.97,-2.92,-5.16,-3.35,-8.62,-6.28,-5.2,0.49,-2.28,-3.77
18.65,57.0,32.66,-17.92,-3.66,-15.43,25.25,-18.09,-1.69,-22.48,17.77,-6.82,17.86
16.08,39.66,21.18,-19.45,-16.13,-10.99,23.31,5.38,11.37,-1.37,28.86,17.27,25.87
14.93,33.97,18.91,-5.73,-10.5,-8.79,14.22,4.08,1.28,-17.01,-1.3,0.78,19.89
15.25,37.63,19.07,-9.26,-8.92,-12.09,7.53,-8.65,1.62,-8.82,10.73,-3.03,4.02
16.72,42.11,19.56,-13.68,-4.88,-6.16,17.84,-7.99,-0.63,-16.63,5.91,-7.0,7.63
16.7,42.61,25.32,-16.05,-16.61,-16.74,19.78,0.37,4.82,-18.56,10.21,0.32,16.22
16.74,33.3,16.06,-9.34,-12.48,-14.49,6.04,-1.97,5.51,-3.06,16.1,10.41,14.96
17.58,33.76,15.26,-12.88,-11.99,-12.47,7.26,-8.33,-0.8,-8.27,13.86,0.82,1.54
17.36,50.99,17.25,-30.89,-3.06,-17.27,28.87,-6.32,18.6,-12.07,17.18,-10.67,7.3
17.87,39.01,16.73,-18.19,-13.7,-12.84,15.17,-4.95,5.6,-10.38,12.85,-6.49,2.56
18.39,35.39,14.75,-10.53,-6.59,-9.86,7.08,-6.89,-0.25,-14.96,-1.17,-8.64,4.3
18.13,43.07,17.79,-20.73,-13.39,-13.7,19.9,-1.96,10.31,-14.35,13.05,-2.72,18.6
17.77,41.21,17.71,-23.59,-15.78,-15.83,21.19,-0.42,10.84,-17.73,7.15,-7.37,19.77
17.72,56.18,21.99,-37.57,-8.16,-14.49,39.21,-10.05,10.41,-24.13,16.86,-11.72,17.22
18.13,58.29,20.22,-33.34,1.85,-27.26,32.15,-10.09,18.96,-14.14,18.0,-5.33,18.89
18.34,31.09,12.92,-5.99,-9.96,-11.2,1.13,-2.42,5.02,0.75,7.99,0.52,6.43
18.89,48.59,23.89,-19.94,-8.05,-9.6,27.23,-3.8,9.53,-14.77,17.31,-0.76,23.14
18.4,47.85,22.05,-19.77,-10.99,-13.55,21.87,-4.8,7.25,-21.21,7.94,-13.42,12.36
18.61,43.62,17.46,-23.38,-13.25,-19.5,13.08,-11.33,4.32,-20.32,4.75,-14.21,6.15
19.24,49.46,26.68,-20.89,-12.69,-13.9,24.85,-7.22,3.66,-24.63,10.29,-8.67,14.2
18.37,61.42,24.9,-30.72,6.7,-14.82,43.14,-12.6,4.72,-23.2,12.78,-17.93,14.09
18.73,38.94,16.58,-13.79,-8.39,-6.73,14.6,-6.81,-0.96,-16.2,5.04,-5.61,9.42
18.93,45.12,20.23,-20.98,-10.78,-15.49,14.95,-16.23,-5.25,-24.26,6.96,-13.18,1.66
18.94,53.08,28.71,-31.53,-16.94,-12.73,35.52,-13.16,-1.58,-19.52,30.88,-3.48,7.59
19.24,31.35,13.44,-5.23,0.29,1.29,12.62,5.85,14.69,0.88,11.04,1.99,-0.56
18.96,34.24,16.7,-3.08,1.26,3.39,18.41,3.61,5.36,-3.91,9.93,3.65,6.31
18.49,42.5,19.4,-12.94,-2.46,-7.87,12.29,-13.85,-1.54,-14.44,11.98,-3.05,7.43
18.37,55.48,19.73,-34.99,-6.62,-17.46,33.9,-13.75,6.68,-21.97,21.43,-10.43,15.83
18.7,45.93,20.47,-22.54,-7.07,-9.03,27.31,-4.41,6.79,-22.77,6.71,-12.48,11.24
18.71,54.86,30.57,-38.47,-23.71,-12.41,38.31,-26.55,-15.67,-25.6,30.03,-13.96,5.14
18.62,30.39,10.04,-17.63,-16.96,-15.73,7.55,-6.63,-5.45,-20.67,1.83,5.12,22.45
18.97,43.87,18.16,-17.18,-2.85,0.61,31.64,-0.84,5.81,-20.98,10.73,-4.26,18.73
18.93,35.37,18.85,-6.39,-7.11,-4.05,19.17,6.24,4.26,-14.23,0.73,-1.7,11.48
19.6,54.16,20.47,-31.22,-4.79,-19.04,23.83,-23.09,-1.49,-23.9,17.58,-4.82,20.15
19.12,38.84,19.36,-9.93,-5.56,-4.07,19.57,1.2,5.62,-10.35,9.42,0.91,13.29
18.92,41.04,22.12,-10.49,-5.04,-0.68,26.5,1.98,3.3,-13.75,12.48,2.5,13.47
18.43,24.33,7.32,-5.45,-5.88,-7.27,-1.95,-9.35,-6.19,-6.91,0.9,-1.66,-0.35
18.69,33.5,16.68,-7.03,-10.16,-15.29,0.16,-9.41,1.41,-5.26,8.74,-4.19,-0.69
19.0,31.68,14.05,-6.55,-6.09,-4.77,12.34,3.05,4.7,-6.43,5.77,4.4,14.78
18.6,22.91,7.36,-3.46,-3.86,-0.85,8.48,3.59,0.45,-7.33,-3.7,-2.35,5.95
18.76,34.33,17.35,-9.41,-5.8,-1.11,20.69,-4.67,-11.62,-28.62,0.2,2.27,16.38
18.86,44.59,19.54,-19.49,-8.79,-8.31,18.5,-12.76,-2.53,-20.52,11.98,-6.36,8.06
18.78,44.42,21.09,-24.39,-17.58,-15.8,20.75,-8.34,4.24,-13.64,22.94,6.06,25.08
19.21,41.52,21.79,-9.64,-6.23,-8.13,16.06,-4.13,9.81,-1.45,24.91,6.77,12.72
18.99,49.94,23.0,-23.61,-7.05,-10.58,27.51,-4.9,13.4,-12.44,16.9,-13.5,5.0
19.03,40.62,16.54,-17.18,-11.62,-14.93,11.62,-4.98,8.71,-5.66,19.17,4.64,20.17
18.57,19.8,5.13,-0.52,1.93,3.19,5.88,-0.37,-0.14,0.6,5.98,3.92,1.26
18.81,36.61,17.14,-11.49,-9.55,-9.04,12.9,-4.96,-2.36,-16.25,8.96,8.0,23.1
18.11,49.13,16.93,-29.85,-7.04,-18.42,21.51,-14.9,3.45,-23.99,12.73,-4.98,17.12
18.78,55.5,27.6,-30.18,-11.65,-11.95,33.54,-11.86,4.79,-24.04,19.41,-9.33,14.99
18.8,47.85,25.93,-22.71,-16.15,-11.43,34.78,2.37,13.04,-8.55,27.44,5.23,23.02
18.74,47.5,18.32,-22.48,-3.81,-16.9,20.69,-7.88,8.02,-20.86,1.93,-18.52,-0.35
18.79,39.74,16.28,-14.27,-3.97,-9.02,15.93,-0.68,13.55,-2.68,16.9,3.58,16.93
18.91,36.67,17.93,-8.73,-6.8,-6.62,13.85,-1.64,4.32,-6.16,14.95,4.52,8.69
18.99,33.31,15.88,-7.44,-6.54,-3.41,19.01,9.6,12.38,-1.51,10.89,1.96,6.67
18.99,30.14,14.85,-2.94,-8.02,-8.17,6.88,2.66,5.1,-0.7,11.8,14.23,20.14
18.84,57.22,27.53,-33.48,-10.27,-7.52,31.62,-29.37,6.18,-12.56,16.12,16.38,4.89
18.49,37.6,9.56,-20.3,-7.35,-13.33,7.25,-16.38,-2.69,-13.01,13.49,6.34,19.98
18.78,41.39,13.88,-11.63,8.68,-18.47,28.85,-3.73,9.66,-17.26,-14.91,20.23,2.54
18.6,27.36,9.43,-3.3,0.54,4.36,11.31,-3.41,-10.62,-19.8,-8.25,-4.97,2.58
18.44,31.18,14.14,-5.87,-4.24,-0.94,16.53,5.48,3.15,-13.42,-3.3,-5.72,4.76
18.54,48.04,27.26,-18.57,-13.51,-13.42,27.17,-1.62,5.74,-23.52,10.44,-2.56,20.4
18.55,37.56,19.56,-8.23,-7.55,-6.97,13.64,-3.94,-3.98,-19.53,1.44,-2.86,10.9
18.35,37.65,19.82,-7.75,-7.4,-8.76,13.75,2.22,5.45,-12.6,2.0,-3.65,11.2
18.54,34.67,19.19,-7.35,-14.26,-19.64,-0.75,-10.29,-4.94,-17.16,1.25,-1.03,13.44
18.49,33.28,17.79,-1.16,-5.25,-7.44,6.65,0.55,3.76,-5.02,4.61,1.12,7.23
18.68,49.17,26.65,-17.62,-10.02,-11.06,23.09,-12.0,-1.07,-19.84,20.39,3.2,19.59
18.57,55.54,22.58,-27.97,-3.8,-19.84,30.3,-9.7,15.5,-17.53,18.47,-2.51,30.34
18.2,55.78,23.29,-31.24,-6.01,-13.66,31.89,-19.36,2.26,-18.2,23.11,-0.76,32.16
18.67,49.29,21.4,-22.92,-9.77,-10.74,22.38,-11.67,6.33,-13.65,22.03,-8.47,4.55
18.9,28.07,12.12,-1.67,-2.46,-3.52,5.09,-0.76,3.18,0.54,8.72,6.42,9.91
18.99,53.97,23.41,-25.38,-8.05,-12.25,26.84,-12.26,8.85,-11.56,29.44,-1.69,23.3
18.53,29.36,14.08,-2.62,-7.2,-9.62,1.9,-1.82,3.07,-4.44,-1.91,-11.13,-7.87
18.9,33.51,16.55,-4.05,-3.56,-1.86,13.08,-0.98,-2.99,-13.9,4.14,6.93,17.84
18.44,42.11,24.03,-7.74,-6.11,-6.25,19.77,-0.88,1.05,-18.44,1.82,-8.88,5.07
18.03,41.34,17.48,-12.12,-2.75,-4.05,17.16,-5.4,1.47,-16.47,4.65,-10.84,1.5
18.63,36.98,17.77,-7.95,-2.37,-1.13,17.8,-0.15,5.84,-2.31,20.78,12.64,16.53
18.16,40.22,19.76,-10.18,-1.32,0.15,25.56,2.65,7.97,-6.7,15.37,2.87,10.95
17.96,23.34,8.02,-2.42,-4.77,-5.13,0.86,-3.26,-3.67,-8.09,-5.3,-5.44,-1.34
18.44,29.68,15.03,0.33,-2.5,-2.46,8.9,4.12,5.19,-3.02,2.97,2.53,10.82
18.28,45.75,26.29,-11.63,-4.7,-1.09,32.26,5.61,10.99,-8.36,15.32,-5.97,4.29
18.25,34.9,17.34,-4.96,-2.04,1.13,18.77,2.55,0.56,-12.97,4.97,4.2,16.5
18.39,46.91,28.37,-7.97,-3.91,-6.97,23.77,0.08,7.38,-15.94,5.65,-8.23,8.52
18.17,29.98,12.73,-3.23,-4.03,-4.61,4.64,-3.84,-1.79,-6.55,5.13,4.71,10.18
17.99,58.84,17.9,-39.61,5.28,-16.42,34.01,-19.44,8.66,-14.31,21.51,-4.46,22.84
17.89,38.4,17.1,-12.38,-7.23,-5.95,16.55,-2.39,3.09,-12.57,6.71,-6.59,2.63
18.58,40.67,19.98,-12.04,-4.97,-3.62,23.98,2.34,7.13,-11.16,12.76,4.82,22.29
18.87,42.35,26.24,-10.85,-9.11,-6.34,23.21,-0.89,2.17,-14.2,10.99,0.4,10.08
18.51,27.89,10.97,-4.87,-6.77,-9.12,0.43,-2.82,5.6,3.97,12.2,8.28,14.01
18.78,36.77,15.45,-11.96,-3.64,0.08,18.74,-6.84,-2.59,-13.89,14.39,10.52,29.98
18.47,27.64,10.83,-5.03,-4.74,-2.4,9.04,-1.57,-3.54,-10.22,1.42,1.57,6.92
18.63,27.62,11.11,-4.73,-2.75,1.03,15.69,4.24,-0.73,-12.39,2.26,8.22,21.17
18.77,38.75,15.3,-22.21,-12.81,-8.78,16.37,-17.86,-15.86,-33.39,0.38,-9.24,6.64
17.96,38.29,14.81,-17.16,-6.99,-11.16,11.47,-12.55,-8.05,-26.45,-4.41,-12.82,2.93
18.31,34.42,15.72,-15.96,-19.65,-20.9,3.66,-12.95,-14.91,-38.24,-18.59,-21.09,-1.74
18.21,29.31,14.2,-2.32,-6.99,-9.59,-0.15,-8.96,-11.07,-21.65,-13.04,-10.55,-0.9
18.22,29.28,13.88,-1.11,-0.86,1.48,14.87,7.86,6.06,-7.4,-5.88,-11.41,-2.85
18.17,52.27,26.33,-20.98,-6.53,-3.36,36.47,-5.04,9.61,-19.97,20.76,0.25,27.66
17.83,35.82,19.35,-4.03,-2.86,0.1,20.81,5.86,3.22,-12.14,6.17,4.54,14.74
17.63,24.78,10.93,2.92,2.5,3.74,8.47,2.65,0.92,-2.19,2.88,4.19,9.46
18.24,27.59,10.34,-5.11,-4.91,-6.14,1.86,-6.35,-0.05,1.16,13.19,7.16,6.36
17.97,48.16,19.34,-21.7,-1.96,-13.86,18.69,-17.29,-2.26,-20.66,14.83,0.35,22.02
17.27,28.79,12.33,-9.01,-16.06,-16.97,0.28,-3.53,-1.14,-10.99,-2.2,-5.81,0.88
18.29,46.05,20.79,-22.8,-7.42,-4.92,26.41,-8.58,2.36,-13.18,24.53,4.87,17.78
18.67,38.28,19.79,-7.03,-3.57,-1.92,19.68,2.98,5.31,-9.91,9.94,3.14,14.12
18.36,38.55,20.56,-6.98,-5.92,-6.7,14.95,-0.11,6.16,-10.15,3.75,-8.87,-0.66
17.9,24.73,7.37,-6.3,-5.23,-3.13,7.09,1.09,3.14,-0.2,8.71,7.8,11.71
18.01,33.26,15.22,-4.8,-4.1,-1.0,17.51,9.13,8.85,-5.47,4.78,2.62,13.5
17.81,43.55,13.74,-32.55,-15.89,-14.58,13.72,-26.94,-12.61,-28.43,11.47,-12.02,6.27
18.36,30.76,12.61,-3.09,-3.23,-1.16,11.17,5.78,7.06,-1.64,3.74,-0.56,4.79
18.96,46.64,21.64,-19.86,-8.06,-15.32,14.32,-15.98,-2.58,-24.35,11.06,-1.24,21.08
18.65,44.46,24.26,-18.75,-11.03,-6.68,23.75,-9.73,-4.48,-16.5,22.43,8.8,23.1
18.21,48.66,26.06,-23.13,-16.09,-15.21,22.45,-11.67,-1.77,-27.04,9.22,-11.23,15.99
18.52,47.87,19.16,-20.96,-7.54,-12.92,16.18,-16.12,1.87,-22.33,6.75,-15.2,7.76
18.21,29.79,11.32,-9.43,-8.41,-7.97,6.93,-4.98,-3.21,-12.12,5.14,7.39,19.25
18.12,41.56,22.41,-9.24,1.1,3.58,28.46,-0.73,-2.01,-22.29,4.76,-1.28,19.03
18.38,31.92,15.58,-0.66,3.42,7.44,21.06,8.32,7.23,-1.95,8.17,5.14,11.62
17.32,34.18,18.25,-7.22,-5.85,-1.65,22.55,10.63,10.97,-2.92,9.74,-0.68,2.88
18.01,39.9,22.58,-8.2,-3.63,1.68,27.54,3.55,1.23,-20.34,2.64,-6.04,11.23
17.69,50.55,19.14,-24.33,2.63,-9.21,24.28,-17.37,-1.24,-23.67,14.49,-4.15,14.18
17.94,51.92,25.58,-20.55,-0.08,-0.74,32.34,-10.83,3.48,-21.42,16.36,-5.36,15.95
17.63,36.02,17.57,-7.81,-6.28,-5.78,11.94,-4.25,-2.49,-15.39,3.61,2.54,14.63
18.81,54.42,22.96,-35.07,-10.55,-9.07,36.79,-15.17,4.63,-14.73,35.44,5.63,31.72
18.59,34.32,13.38,-20.89,-16.67,-14.67,11.33,-10.0,-0.77,-7.21,28.17,24.92,37.43
18.54,28.98,11.59,-3.29,1.57,4.56,14.93,3.29,5.1,0.79,14.43,13.42,18.84
18.31,41.0,19.91,-13.25,-2.25,2.17,25.82,-6.8,-3.9,-16.93,16.33,3.66,13.58
17.64,39.42,20.61,-11.75,-10.81,-10.41,14.82,-5.44,-1.42,-15.54,9.47,-0.3,11.39
18.46,35.12,14.22,-9.24,-5.54,-3.84,11.92,-3.36,1.19,-7.94,11.18,6.41,18.13
18.4,41.8,19.0,-16.98,-9.23,-9.23,18.03,-7.6,1.21,-14.26,15.24,4.83,20.7
18.49,29.22,10.55,-9.2,-5.98,-1.03,15.15,1.28,-1.54,-12.89,1.93,1.65,12.25
18.52,48.79,21.6,-22.22,-5.05,-6.12,27.64,-14.03,-4.49,-28.38,9.25,-11.66,11.42
18.28,38.79,18.7,-13.48,-7.84,-4.29,21.37,-4.33,-5.09,-25.42,-1.29,-9.66,4.35
18.89,42.74,24.31,-13.88,-12.65,-9.89,15.9,-16.21,-13.77,-26.45,10.26,0.81,14.42
18.48,28.01,9.24,-14.92,-19.19,-17.53,1.59,-5.37,-3.92,-11.02,5.56,5.14,10.61
19.19,35.48,13.72,-14.49,-6.85,-4.27,17.98,-0.52,4.69,-10.6,5.91,-5.9,5.89
18.87,40.63,19.77,-15.15,-12.21,-12.69,14.6,-5.6,1.63,-15.06,12.03,1.91,14.98
18.18,25.61,7.7,-8.13,-4.62,-0.12,14.78,6.32,5.78,-3.38,5.14,2.3,9.67
17.48,39.83,16.0,-18.34,-10.44,-8.49,19.71,-0.86,7.68,-13.31,9.49,-3.53,13.26
17.26,57.76,21.04,-39.89,-6.32,-9.05,26.06,-33.03,0.93,-20.08,29.89,-4.06,19.46
17.43,29.65,9.83,-9.77,-6.81,-2.72,11.43,-1.83,-0.69,-9.67,3.2,-2.61,4.43
18.77,32.35,13.92,-9.84,-9.57,-7.47,13.87,5.21,8.18,-5.7,7.67,3.97,14.62
18.17,44.0,28.76,-19.64,-11.66,5.17,44.6,-0.19,-4.1,-17.19,23.64,3.4,10.1
18.37,24.34,7.01,-6.97,-5.83,-3.68,5.69,-2.99,-3.2,-6.89,5.07,7.02,12.71
18.73,57.96,30.75,-30.35,2.26,8.37,49.37,-29.86,-25.78,-36.35,22.96,-14.75,22.96
18.18,29.0,11.87,-7.66,-4.02,-0.68,15.95,0.07,-5.49,-20.92,-2.54,3.51,19.76
18.38,23.55,6.54,-5.03,-3.24,-1.62,4.74,-5.77,-6.36,-7.37,7.27,10.35,15.3
18.68,46.63,20.18,-25.23,-4.31,2.42,40.24,-2.94,3.46,-24.37,12.7,-9.25,11.71
18.2,41.45,13.56,-20.83,-8.54,-5.58,22.45,-2.42,11.28,-5.93,25.19,7.95,25.58
18.37,34.33,17.79,-5.96,-6.06,-3.84,15.81,1.37,0.14,-12.66,6.94,6.46,16.65
17.9,31.18,11.48,-11.34,-10.01,-4.33,17.56,7.72,9.41,-1.94,13.79,10.18,16.76
17.98,52.25,18.86,-29.52,-1.36,-10.05,29.08,-10.87,12.07,-16.52,17.86,-11.39,5.61
18.43,42.36,19.98,-19.86,-6.48,0.17,33.91,-2.32,-1.43,-25.89,8.54,-6.19,13.43
18.38,40.6,18.51,-19.61,-15.46,-15.85,16.66,-5.95,1.12,-20.24,6.54,-2.06,18.45
17.85,37.84,16.88,-18.34,-13.99,-11.76,16.98,-4.95,-1.35,-21.27,4.07,-4.29,10.68
17.94,25.0,8.84,-2.94,1.53,5.4,14.86,2.82,-0.6,-7.6,4.17,6.62,12.65
17.29,23.58,5.61,-6.49,-7.41,-4.49,2.06,-4.71,-6.06,-7.89,0.75,3.59,9.1
17.46,33.98,17.35,-7.19,-8.18,-6.72,14.95,1.54,0.69,-13.77,6.55,9.98,25.09
18.18,33.55,15.21,-8.16,-4.92,-0.22,19.64,4.52,4.14,-8.42,10.88,10.0,23.17
17.94,30.79,14.15,-2.52,-1.22,-1.04,8.19,-4.23,-1.38,-3.18,11.2,6.95,9.0
17.64,35.31,15.58,-11.2,-6.08,-2.26,19.56,-0.89,-3.65,-25.76,-9.49,-15.7,2.34
17.57,35.48,15.85,-11.84,-7.37,-4.74,19.49,4.1,6.33,-13.42,2.41,-3.97,12.81
18.49,45.2,22.8,-17.02,-6.45,-7.0,25.24,-2.28,6.06,-16.73,14.71,1.97,23.86
18.64,39.65,18.78,-15.59,-11.81,-9.67,19.01,0.13,9.08,-7.9,15.72,4.19,17.5
17.84,30.81,7.54,-16.46,-12.28,-11.42,4.65,-9.78,-5.51,-15.14,1.14,-7.68,-1.38
18.08,63.21,30.92,-37.5,-2.48,-5.87,47.91,-22.9,0.13,-8.05,35.75,-5.32,16.95
18.11,39.52,21.82,-12.68,-13.47,-14.76,14.19,-1.82,3.96,-15.12,8.81,1.93,16.68
18.19,34.82,18.29,-6.57,-9.2,-10.4,11.56,3.6,8.45,-7.95,2.06,-5.88,4.16
18.01,43.99,20.7,-15.85,-1.63,-5.02,26.92,-3.56,5.18,-14.64,16.42,6.69,23.05
17.98,30.49,11.71,-8.19,-2.32,-0.07,12.4,-8.34,-12.06,-22.69,-2.49,0.37,14.58
17.92,36.87,18.69,-14.74,-13.46,-9.89,20.78,3.76,5.46,-14.73,5.64,-2.22,10.81
18.49,35.98,18.55,-7.03,-3.85,-0.19,21.94,3.42,0.88,-15.08,6.64,5.48,17.16
18.5,30.64,10.78,-8.63,-7.69,-3.6,11.78,5.68,10.06,3.08,12.24,6.33,12.86
18.53,57.01,22.53,-28.97,3.13,-9.81,39.13,-7.99,16.25,-11.57,22.66,-2.48,23.42
18.33,50.39,19.94,-23.96,-3.51,-2.06,37.01,-7.1,5.39,-26.79,13.96,-8.6,21.09
18.4,42.81,15.3,-23.61,-4.59,-5.5,21.93,-13.9,-1.77,-18.42,18.07,2.82,21.22
18.39,29.23,13.43,-0.84,-2.94,-2.8,7.3,0.72,0.52,-6.02,3.95,5.72,13.57
18.21,35.75,16.89,-9.29,-7.09,-7.39,13.45,0.85,6.79,-7.32,10.0,7.24,24.0
18.22,34.86,17.86,-6.63,-5.45,-2.25,21.71,10.52,11.53,-6.41,7.17,0.5,10.22
18.4,44.62,20.98,-18.33,-7.36,-6.75,23.58,-4.5,6.02,-13.07,15.21,-1.71,14.29
18.82,60.27,31.5,-28.75,-4.91,0.82,45.83,-20.32,-0.76,-10.3,30.74,-14.57,10.81
18.73,26.26,9.73,-5.02,-6.4,-5.14,5.44,-1.0,-0.57,-5.09,4.52,6.64,14.56
18.03,44.45,17.65,-24.82,-11.4,-11.68,19.62,-12.51,0.38,-20.05,13.11,-3.83,12.63
17.98,56.22,19.89,-29.57,4.74,-12.95,29.97,-20.6,4.89,-16.54,20.58,-3.73,18.19
18.64,54.01,21.47,-26.88,0.63,-7.04,31.8,-13.02,4.47,-21.52,24.41,3.15,25.97
18.18,60.58,29.01,-25.99,0.29,-22.51,35.23,-9.78,11.42,-16.01,17.36,-7.69,22.07
17.88,50.69,23.78,-18.64,-0.53,-8.27,23.82,-10.1,3.4,-19.07,14.52,-2.53,20.42
18.42,30.17,14.78,-6.51,-10.4,-7.78,14.82,8.68,4.18,-17.06,-9.96,-10.24,3.8
18.21,39.37,20.6,-12.4,-7.79,-3.66,23.71,-1.38,-2.07,-23.09,1.0,-5.28,11.01
18.42,31.85,16.89,-5.26,-9.55,-7.43,15.21,8.05,4.55,-14.34,-2.63,0.69,17.75
17.46,19.08,2.63,-2.61,-0.54,2.53,4.22,-1.76,-3.77,-4.58,-1.86,-2.45,-1.08
18.28,59.25,27.33,-34.35,-3.5,-4.02,44.58,-22.53,-4.09,-31.7,15.1,-14.66,19.2
18.53,33.48,14.06,-14.52,-10.53,-5.49,19.69,1.39,1.78,-13.89,9.78,5.65,17.68
17.71,31.68,14.86,-7.25,-8.35,-4.83,13.59,1.23,-0.77,-12.99,1.62,-0.93,6.13
17.83,31.31,10.65,-9.25,-7.09,-6.59,4.13,-10.53,-6.97,-13.74,1.43,-5.22,1.7
18.69,53.51,25.45,-20.37,1.95,-8.48,31.51,-9.5,1.11,-36.61,-3.56,-20.12,9.93
18.48,59.17,24.3,-30.6,-2.48,-2.85,37.77,-24.09,-3.93,-22.95,28.18,-14.61,7.87
18.49,43.33,22.16,-12.68,-5.59,-5.48,21.0,-5.23,-0.31,-19.33,8.31,-1.69,11.68
18.49,27.63,8.85,-4.0,-6.07,-6.05,-3.27,-10.63,-9.45,-8.44,-1.34,-4.51,-4.83
18.29,36.56,16.27,-13.49,-9.38,-7.92,15.44,-5.01,-3.24,-20.4,0.29,-6.94,6.92
18.31,34.66,14.66,-12.5,-7.92,-7.33,12.17,-8.47,-4.5,-15.91,6.82,2.97,16.3
18.47,37.12,15.87,-10.6,-0.82,1.97,20.38,-2.87,0.07,-13.36,8.02,-1.35,10.22
18.73,50.83,28.51,-18.95,-0.65,4.01,37.13,-7.59,-3.87,-23.57,18.44,0.8,19.52
18.16,32.0,14.96,-5.8,-2.77,0.25,16.9,-0.27,-3.75,-15.69,3.9,6.81,19.32
17.93,38.95,15.79,-16.98,-13.12,-16.96,5.23,-20.88,-14.93,-34.32,-2.79,-6.59,14.88
17.93,35.86,18.21,-9.87,-6.6,-3.17,23.32,5.95,2.9,-21.48,-1.13,-1.15,20.1
18.17,29.66,12.04,-4.17,-3.39,-0.54,10.9,1.51,0.39,-8.37,-3.87,-12.46,-9.93
18.77,33.81,18.81,-1.29,-6.1,-9.97,3.8,-2.85,1.73,-9.53,-3.32,-12.43,-4.78
18.51,24.87,9.04,-3.07,-6.24,-4.45,3.71,-0.36,-3.13,-7.11,0.81,6.19,11.41
19.21,43.7,19.68,-12.08,0.98,-5.1,22.53,-0.98,9.68,-12.23,6.15,-7.58,4.57
18.76,28.85,13.32,-0.17,-4.47,-4.27,4.58,2.07,1.99,-3.78,-0.05,-1.17,2.79
18.13,40.16,19.86,-10.97,-3.15,-2.49,17.73,-11.21,-9.44,-22.29,8.82,4.2,20.52
18.2,56.42,26.65,-25.61,-0.47,-6.22,37.48,-19.73,-5.65,-30.37,14.17,-7.59,14.01
17.26,21.76,1.97,-13.33,-5.64,0.39,14.35,1.0,-2.49,-13.91,-3.01,-3.41,6.01
18.22,48.32,22.52,-22.43,-2.74,-0.34,29.58,-15.61,-4.39,-24.12,20.76,4.79,28.81
18.04,42.06,23.86,-10.91,-6.25,-4.18,24.54,-1.37,-2.28,-28.38,1.24,-2.46,20.74
18.25,37.1,16.75,-6.2,-1.3,-3.03,13.85,-0.59,4.1,-6.85,10.5,5.12,14.64
18.65,35.35,14.68,-15.86,-12.18,-10.61,13.07,-7.82,-5.47,-20.37,5.0,2.21,17.19
17.97,29.29,13.4,-3.22,-3.93,-1.63,15.13,6.55,0.74,-17.75,-9.75,-5.58,12.14
17.94,44.76,25.01,-16.04,-11.82,-5.95,25.14,-7.13,-6.06,-23.11,13.6,-1.72,10.35
18.84,31.18,14.0,-4.93,-5.92,-4.3,11.13,2.41,2.36,-8.15,6.11,8.96,20.33
18.91,66.6,29.33,-35.22,3.54,-10.5,47.38,-36.03,-8.64,-24.61,23.21,-8.59,25.99
18.27,36.87,18.1,-11.2,-5.53,-4.79,17.98,-6.88,-8.42,-27.56,1.33,4.29,27.17
18.23,33.24,14.85,-7.16,-2.05,-0.28,15.46,-2.25,0.2,-9.48,8.74,2.96,10.09
18.16,41.16,22.22,-16.88,-10.17,-4.26,25.09,-3.73,1.95,-11.13,18.51,0.76,6.48
19.01,59.19,26.2,-29.29,1.75,-6.2,36.62,-17.25,5.85,-20.93,20.93,-7.62,21.31
18.38,38.02,20.13,-9.67,-6.11,-3.85,18.74,-2.91,-1.22,-13.04,13.04,5.69,12.44
18.01,47.26,28.67,-20.72,-17.83,-1.47,36.47,-10.1,-8.88,-16.99,28.06,-1.12,9.51
18.75,38.3,22.54,-6.58,-7.98,-7.42,20.08,3.72,1.94,-19.33,3.1,3.07,19.87
18.23,44.18,24.76,-11.23,-7.79,-9.87,18.94,-5.91,0.77,-17.91,8.48,-1.28,14.38
18.02,33.98,13.24,-15.09,-14.33,-13.53,4.42,-13.73,-11.64,-21.22,2.29,-1.03,11.34
18.86,59.67,30.98,-28.95,-4.78,-2.59,42.37,-20.95,-6.14,-30.58,22.84,-8.43,19.15
18.43,54.35,22.08,-21.19,3.87,-1.3,31.71,-12.26,2.63,-23.04,20.98,-6.26,22.39
17.71,26.92,10.3,-4.13,-4.49,-3.78,5.48,-1.53,-0.46,-4.49,5.59,6.49,13.89
18.29,33.48,18.39,-2.88,-5.32,-4.78,11.06,0.47,0.36,-10.09,3.25,3.06,12.66
18.32,32.43,13.96,-5.7,1.72,5.88,19.32,0.04,0.32,-7.19,12.1,8.04,13.77
17.58,32.42,15.04,-7.78,-5.47,-0.83,17.36,0.85,-2.41,-15.62,-0.04,-3.16,4.8
18.61,38.87,18.44,-14.84,-9.14,-5.97,24.48,1.94,1.51,-23.29,0.8,-5.24,12.29
18.36,25.15,8.25,-4.26,-0.39,5.75,17.13,5.54,-1.82,-11.52,1.08,6.97,15.06
18.25,30.16,11.44,-7.88,0.36,5.97,24.96,10.16,9.4,-6.0,8.25,5.52,15.91
18.22,36.44,13.64,-20.27,-11.9,-8.99,17.15,-10.53,-8.61,-28.67,2.0,-0.51,23.86
18.26,28.12,13.17,-0.81,0.26,5.22,18.36,7.9,0.04,-14.84,-11.0,-13.67,-6.58
17.93,42.67,19.02,-12.04,-1.76,0.22,23.33,-3.24,1.68,-18.56,4.41,-7.08,12.0
18.46,65.57,31.24,-39.53,-1.31,-3.46,56.84,-22.46,-2.78,-24.96,20.83,-15.82,14.21
18.21,33.11,16.81,-6.03,-6.62,-5.82,13.23,-0.68,-2.45,-17.32,1.79,5.63,21.21
18.23,49.88,24.04,-22.69,-8.31,-7.92,26.16,-10.42,-0.19,-23.82,18.12,-4.21,12.4
18.33,25.89,11.77,-1.62,-3.58,0.49,15.83,11.73,6.09,-6.01,1.08,7.26,15.54
17.79,36.66,17.8,-13.23,-7.34,0.8,26.73,-2.72,-9.07,-28.13,0.72,-3.82,11.79
18.34,40.64,20.46,-11.75,-5.32,-3.74,21.79,-4.31,-5.24,-25.1,4.32,-0.24,17.5
18.61,34.68,13.81,-18.28,-18.73,-21.47,-0.03,-18.77,-14.45,-27.53,-1.22,-3.03,12.89
18.09,33.31,13.81,-6.31,-4.6,-4.79,9.34,-2.17,1.22,-10.5,-0.37,-5.52,6.72
18.23,56.17,24.4,-27.27,-0.29,-9.36,32.83,-16.54,8.28,-12.92,31.39,6.05,29.61
18.81,30.84,14.62,-6.76,-11.06,-13.07,3.25,-4.27,-0.45,-9.45,5.56,4.98,14.44
18.48,48.43,24.96,-19.96,-9.54,-10.18,23.8,-8.75,2.94,-16.29,20.16,2.07,18.36
18.38,28.95,7.02,-14.41,-9.99,-7.85,4.39,-13.02,-10.1,-15.21,5.72,2.5,11.6
18.43,38.76,12.8,-25.05,-9.02,-8.57,18.56,-17.01,-12.5,-34.88,2.49,-4.18,17.63
18.9,42.65,20.2,-23.2,-8.86,-3.25,32.47,-0.85,5.83,-16.56,14.24,-2.77,12.15
18.46,26.25,8.53,-7.7,-3.5,1.65,16.68,4.53,0.17,-12.66,-2.71,-3.88,3.86
18.73,31.11,15.1,-4.5,-5.57,-4.17,13.1,3.74,2.49,-11.71,-2.09,-5.68,2.6
18.74,36.34,18.03,-9.09,-8.9,-9.44,12.93,-0.0,3.53,-14.1,-0.57,-8.79,2.99
18.43,48.8,24.14,-20.29,-9.44,-9.56,26.65,-2.54,12.67,-9.38,21.51,-2.23,14.07
18.08,32.12,15.69,-6.62,-7.64,-4.97,16.91,7.55,6.21,-10.79,1.86,-0.29,10.38
18.22,31.92,13.04,-5.68,0.36,4.83,19.97,5.58,5.28,-5.43,9.31,6.14,14.41
18.13,50.89,22.11,-26.18,-2.17,-3.47,32.33,-12.3,-1.23,-30.07,6.7,-15.15,14.22
18.38,36.88,20.81,-7.75,-9.12,-8.27,16.55,2.48,3.56,-12.45,8.67,8.82,22.36
18.33,28.11,14.68,0.98,-4.38,-6.12,0.92,-8.85,-15.25,-23.34,-11.83,-3.58,7.03
18.45,32.55,16.01,-3.91,-1.43,0.85,15.46,-2.02,-5.0,-14.64,7.04,11.31,24.03
18.57,30.3,14.07,-2.84,-3.38,-7.33,-0.07,-12.85,-9.0,-9.88,10.07,13.0,18.87
18.43,37.12,16.94,-9.7,-2.55,-2.17,14.11,-10.86,-11.01,-22.17,6.11,4.34,17.25
18.47,37.06,21.27,-4.95,-8.23,-9.12,12.22,0.95,3.75,-8.65,11.54,8.02,15.65
17.18,55.62,21.14,-33.18,-5.15,-8.84,30.51,-22.59,-0.87,-25.74,20.28,-8.39,18.22
18.34,34.44,19.13,-2.36,-3.97,-2.6,17.42,7.95,6.74,-8.82,3.6,4.14,16.34
18.11,52.7,27.45,-15.64,-0.33,-6.05,24.18,-17.18,1.08,-12.64,25.64,5.15,23.21
18.29,50.68,28.46,-17.9,-8.85,-8.4,32.41,0.45,14.02,-12.04,18.39,-4.47,14.05
18.45,27.85,12.03,-0.3,-1.21,0.2,8.21,0.81,-1.71,-9.08,-2.3,-1.23,5.5
18.56,39.62,23.46,-10.0,-13.11,-12.49,20.69,9.19,13.26,-12.41,4.32,-6.32,11.4
17.57,33.57,16.34,-14.93,-20.32,-23.83,2.82,-6.63,-3.02,-22.62,-6.05,-7.46,12.76
17.57,34.53,18.06,-13.36,-19.82,-22.72,8.64,4.2,11.77,-13.25,-4.3,-14.83,6.24
18.55,41.06,20.82,-11.62,-6.25,-4.2,23.04,0.23,3.06,-17.68,7.17,-1.29,16.87
18.28,22.55,8.18,0.09,0.9,2.23,7.95,0.8,-2.38,-6.39,2.43,9.91,20.08
17.89,32.45,14.65,-10.68,-8.26,-3.62,19.49,2.35,-2.16,-20.64,-1.62,-1.05,13.51
18.44,47.63,24.54,-23.63,-13.7,-13.9,25.57,-4.09,11.07,-17.74,16.59,-3.53,24.23
18.3,29.76,14.96,-1.03,-2.58,-3.09,9.69,2.92,3.47,-6.8,0.25,-3.46,4.03
18.53,32.72,15.5,-5.33,-0.61,2.17,18.71,0.84,-1.52,-14.82,4.68,7.81,23.54
18.56,34.67,19.89,2.33,4.4,6.92,20.5,4.99,1.44,-11.39,1.26,0.09,10.19
18.15,34.05,17.99,-7.92,-9.53,-8.71,19.09,10.82,12.67,-7.89,6.14,6.83,29.27
17.88,57.76,27.29,-29.67,-4.03,-18.11,36.34,-6.32,9.62,-27.03,16.64,-3.98,32.88
18.08,29.5,13.81,-2.32,-3.79,-3.4,9.88,5.21,7.79,-1.03,5.37,3.35,13.34
17.81,26.77,10.6,-0.98,-1.83,-0.15,3.98,-6.14,-10.99,-14.24,-4.8,-1.33,1.78
17.62,24.41,9.86,-0.63,-1.98,-1.28,5.96,-0.18,-2.59,-6.95,2.08,8.78,17.6
18.03,27.97,11.07,-0.6,1.91,3.3,8.45,-4.06,-3.72,-4.01,12.14,15.33,21.02
17.06,35.23,18.93,-8.68,-8.78,-6.93,17.89,0.85,-3.7,-24.41,-4.62,-3.18,10.94
17.82,38.02,21.0,-6.03,-3.01,-0.22,19.89,-5.95,-10.01,-26.11,-0.43,-2.47,11.27
17.77,30.7,15.45,-2.26,-5.85,-5.94,8.23,1.83,2.1,-4.48,7.43,7.38,13.16
18.56,46.05,29.51,-9.58,-6.96,-4.36,28.31,1.75,6.05,-15.77,13.48,2.41,16.02
18.23,36.12,19.0,-1.6,5.56,6.22,20.35,-2.05,-2.19,-11.74,12.45,12.73,22.48
18.57,32.99,17.63,3.04,9.26,14.46,25.64,6.18,-3.71,-16.49,-0.9,2.12,12.21
18.32,57.27,31.19,-22.41,-6.02,-3.67,39.75,-15.66,-2.4,-20.25,28.43,-1.86,17.2
18.63,49.95,28.99,-13.38,-6.13,-7.35,27.41,-2.92,3.59,-18.84,16.05,-2.36,12.55
18.76,30.04,14.8,0.61,2.33,5.47,18.57,9.95,6.77,-4.39,3.37,1.91,6.29
17.87,41.77,19.08,-9.84,3.0,-0.52,21.65,-4.9,0.87,-15.01,7.78,-4.16,4.84
17.8,38.11,20.1,-4.37,0.79,-0.36,13.22,-13.57,-12.24,-19.55,7.43,1.66,8.52
18.38,58.5,29.95,-31.45,-1.53,5.48,50.73,-14.92,1.74,-17.44,29.07,-8.75,8.86
18.33,26.98,11.97,1.1,1.33,0.89,6.42,-0.2,1.99,0.47,7.31,4.79,6.73
17.72,51.22,22.11,-17.69,2.45,1.95,30.48,-14.55,-2.79,-23.01,14.72,-7.91,15.12
17.26,39.35,20.55,-16.92,-20.07,-21.71,9.02,-11.51,-7.53,-28.18,-1.4,-7.05,11.01
18.16,37.86,21.56,-9.93,-10.68,-11.35,15.88,1.27,3.34,-15.88,3.49,-3.72,7.61
16.84,45.95,23.29,-20.45,-11.11,-8.68,29.21,0.09,5.54,-24.26,5.02,-10.55,12.61
17.62,46.59,24.5,-16.9,-8.49,-8.42,30.26,5.49,15.29,-8.2,24.31,10.28,27.21
18.03,61.22,25.46,-29.66,4.48,-16.4,40.1,-9.56,15.6,-12.94,29.34,-4.81,21.63
17.26,36.36,17.82,-8.33,-6.23,-3.46,17.92,4.41,8.62,-3.24,13.6,3.11,5.97
16.84,39.77,22.11,-10.96,-11.72,-10.08,21.6,5.09,8.37,-14.74,3.6,-8.1,4.09
17.71,45.35,22.94,-15.87,-6.72,-9.13,26.15,4.44,13.32,-12.93,10.25,-6.3,14.84
17.45,28.01,10.89,-6.79,-5.91,-2.21,11.65,-0.58,-4.99,-15.67,-3.68,-3.04,5.91
17.96,41.49,22.57,-11.17,-4.98,-1.88,27.76,3.1,6.46,-14.97,14.41,9.84,28.78
16.48,42.82,13.47,-23.84,-3.53,-13.97,16.11,-11.79,-0.57,-25.06,-0.66,-9.79,9.98
17.2,28.29,10.29,-4.39,-3.47,-0.49,8.53,-2.9,-9.34,-20.53,-11.34,-6.75,6.14
17.48,50.49,23.24,-20.54,-1.6,-9.2,29.88,-0.18,16.73,-16.17,16.5,-1.02,22.98
17.35,32.26,13.49,-6.12,-3.04,0.01,15.72,2.55,2.18,-10.18,2.09,-1.45,9.37
16.74,38.51,20.83,-6.8,-5.27,-3.37,20.9,4.21,8.56,-5.69,12.58,4.42,14.13
17.73,49.22,27.62,-27.04,-13.1,-3.82,38.46,-6.65,-1.7,-15.3,29.7,5.41,19.03
17.75,28.18,11.83,-2.82,-2.25,-1.51,7.98,-1.56,-0.85,-6.58,4.36,4.48,11.63
16.78,45.24,24.38,-19.91,-11.46,-8.21,28.37,-1.44,3.22,-18.22,11.46,-3.28,17.09
17.25,45.41,20.61,-19.42,-3.63,-2.69,32.68,4.09,12.33,-13.16,15.83,-0.58,16.22
17.33,55.2,23.64,-35.79,-10.22,-10.56,41.05,-6.92,12.06,-18.36,23.19,-4.86,26.15
17.29,26.54,10.93,-1.13,0.19,2.97,14.5,9.58,8.39,-1.04,1.36,-1.01,5.53
17.39,36.58,17.98,-8.3,-5.99,-3.99,19.62,6.26,9.6,-8.53,5.56,-2.28,13.1
17.47,45.88,26.21,-16.3,-9.07,-0.72,38.2,9.17,11.68,-13.06,19.51,2.32,18.27
16.75,37.64,18.69,-7.15,-5.65,-5.97,16.63,2.48,7.2,-14.0,-0.5,-8.24,7.22
17.61,40.59,24.27,-5.6,-6.51,-7.38,20.21,5.31,6.71,-14.55,4.25,0.59,19.23
16.74,40.55,19.62,-15.51,-12.22,-14.38,12.33,-10.39,-0.55,-17.75,5.38,-5.93,8.48
16.76,23.35,7.96,-2.95,-3.53,-0.29,10.6,7.42,6.12,-0.27,4.26,4.98,8.07
17.4,35.29,17.52,-8.27,-5.18,-1.35,18.83,1.43,-0.1,-12.43,7.74,3.33,12.61
17.36,36.01,18.24,-9.75,-11.56,-9.8,12.49,-2.95,-0.75,-13.13,7.75,3.61,14.67
17.2,42.33,19.66,-10.47,-0.48,-2.55,21.15,-2.1,7.75,-8.87,13.66,-0.0,12.96
16.63,47.7,29.08,-14.73,-9.81,-5.53,30.11,1.73,5.27,-15.7,16.62,-2.53,12.83
16.28,31.03,15.58,-4.45,-7.8,-3.7,17.83,15.2,12.03,-5.91,-1.23,-2.19,8.06
16.52,43.11,21.89,-15.74,-7.12,-6.62,24.06,2.53,8.21,-16.26,5.17,-11.23,6.62
17.2,56.7,27.0,-25.54,0.47,-5.88,34.8,-6.6,12.03,-13.92,20.0,-5.22,19.04
17.2,47.34,25.01,-19.5,-8.8,-1.66,34.79,1.08,10.68,-6.64,24.55,-2.91,8.39
17.24,32.35,19.26,1.44,-0.13,1.54,18.97,10.61,6.36,-8.17,2.98,2.22,6.88
17.13,27.1,13.34,3.73,2.52,1.35,6.55,1.89,3.46,0.72,3.56,-0.33,0.27
16.09,34.19,18.06,-8.67,-12.21,-11.2,13.62,6.15,8.89,-7.91,3.73,-3.84,5.07
16.45,30.81,14.83,-4.13,-4.86,-2.3,12.16,1.0,-3.66,-18.49,-7.42,-5.77,8.93
16.75,38.95,18.27,-11.06,1.1,7.51,30.69,0.32,-2.62,-20.82,6.65,-1.61,11.71
17.52,31.64,16.23,-0.18,2.19,7.15,22.68,11.39,6.74,-6.72,0.89,-2.57,5.58
17.26,29.67,13.22,1.01,1.44,3.91,10.24,3.06,1.81,0.68,9.96,8.84,8.75
17.16,49.16,23.35,-22.92,-11.01,-15.14,24.02,-8.93,6.87,-22.67,6.47,-11.95,7.38
17.61,35.72,19.45,-5.53,-6.97,-6.68,18.8,11.64,13.79,-9.54,-0.17,-5.76,10.45
17.9,32.99,16.96,-0.67,0.75,2.97,18.2,7.91,6.1,-8.26,-1.62,-5.85,2.23
17.22,45.18,26.64,-10.81,-4.72,-7.19,24.37,1.74,8.45,-15.84,3.21,-7.23,15.65
17.41,35.62,17.6,-4.82,0.14,1.87,20.59,6.23,7.76,-6.63,5.87,1.09,14.17
17.13,42.84,22.9,-5.68,1.75,4.77,25.58,-0.14,3.34,-12.62,11.83,2.36,14.19
17.24,41.75,29.13,-0.92,-4.87,-9.09,18.96,5.07,6.32,-17.56,1.92,0.76,19.23
17.47,31.85,18.06,6.4,6.36,5.69,11.9,1.06,-3.64,-12.08,-1.21,4.0,14.38
