Bedroom -49 -40 -52 -64 -75 -77 -84 0
Bedroom -47 -40 -54 -67 -77 -77 -82 0
Bedroom -44 -39 -56 -67 -73 -76 -77 0
Bedroom -46 -40 -55 -70 -77 -77 -80 0
Bedroom -44 -39 -53 -63 -80 -77 -78 0
Bedroom -44 -39 -53 -64 -79 -79 -78 0
Bedroom -45 -38 -52 -63 -79 -79 -84 0
Bedroom -46 -39 -52 -64 -79 -78 -78 0
Bedroom -47 -39 -52 -64 -78 -77 -78 0
Bedroom -46 -38 -53 -64 -79 -77 -77 0
Bedroom -51 -38 -52 -65 -76 -76 -77 0
Bedroom -45 -39 -52 -63 -75 -76 -76 0
Bedroom -45 -40 -52 -62 -78 -75 -82 0
Bedroom -46 -39 -53 -61 -75 -77 -82 0
Bedroom -53 -38 -54 -62 -75 -77 -78 0
Bedroom -47 -38 -53 -62 -75 -77 -78 0
Bedroom -47 -41 -50 -70 -78 -80 -86 0
Bedroom -38 -46 -43 -71 -71 -80 -89 0
Bedroom -41 -53 -56 -68 -81 -79 -89 0
Bedroom -49 -48 -57 -70 -73 -73 -83 0
Bedroom -52 -48 -57 -68 -76 -73 -85 0
Bedroom -50 -49 -57 -69 -76 -73 -89 0
Bedroom -49 -48 -57 -70 -76 -73 -89 0
Bedroom -49 -48 -57 -69 -76 -72 -89 0
Bedroom -49 -48 -57 -71 -76 -72 -89 0
Bedroom -49 -79 -57 -69 -76 -73 -89 0
Bedroom -50 -48 -56 -70 -74 -73 -89 0
Bedroom -48 -47 -57 -72 -76 -73 -88 0
Bedroom -52 -44 -59 -79 -73 -73 -88 0
Bedroom -47 -55 -47 -66 -70 -73 -88 0
Bedroom -54 -48 -56 -62 -72 -73 -88 0
Bathroom -59 -50 -54 -76 -79 -89 -81 0
Bathroom -49 -53 -54 -70 -74 -89 -80 0
Bathroom -50 -54 -54 -67 -73 -89 -80 0
Bathroom -51 -47 -54 -61 -72 -77 -80 0
Bathroom -52 -49 -54 -63 -72 -77 -80 0
Bathroom -51 -48 -54 -64 -72 -77 -80 0
Bathroom -51 -48 -54 -65 -72 -77 -76 0
Bathroom -50 -76 -55 -64 -72 -77 -76 0
Bathroom -49 -53 -54 -63 -73 -76 -79 0
Bathroom -51 -52 -54 -66 -72 -76 -84 0
Bathroom -46 -55 -55 -68 -72 -77 -82 0
Bathroom -48 -53 -56 -76 -71 -77 -82 0
Bathroom -49 -54 -55 -69 -73 -81 -77 0
Bathroom -54 -51 -55 -65 -75 -81 -79 0
Bathroom -48 -56 -55 -63 -75 -81 -79 0
Bathroom -54 -50 -54 -66 -89 -84 -77 0
Bathroom -52 -51 -56 -69 -77 -81 -77 0
Bathroom -53 -52 -56 -67 -83 -81 -77 0
Bathroom -48 -55 -55 -67 -74 -86 -79 0
Bathroom -54 -47 -54 -64 -73 -86 -79 0
Bathroom -54 -54 -55 -67 -76 -86 -79 0
Bathroom -51 -55 -55 -64 -76 -86 -84 0
Bathroom -57 -54 -63 -69 -85 -81 -90 0
Bathroom -63 -56 -58 -74 -80 -84 -90 0
Bathroom -61 -58 -58 -73 -81 -86 -90 0
Bathroom -63 -56 -57 -70 -80 -89 -89 0
Bathroom -60 -55 -58 -72 -82 -89 -89 0
Bathroom -62 -56 -58 -71 -81 -88 -89 0
Bathroom -62 -58 -58 -72 -81 -89 -82 0
Bathroom -53 -57 -62 -68 -86 -80 -80 0
Bathroom -50 -64 -55 -71 -82 -80 -80 0
Bathroom -52 -56 -58 -74 -83 -80 -79 0
Bathroom -51 -59 -58 -69 -83 -81 -80 0
Bathroom -51 -60 -60 -68 -84 -81 -80 0
Bathroom -51 -64 -58 -67 -83 -81 -86 0
Bathroom -52 -57 -59 -66 -83 -81 -86 0
Bathroom -53 -58 -59 -73 -90 -81 -80 0
Bathroom -51 -58 -58 -71 -82 -80 -80 0
Bathroom -54 -58 -59 -67 -82 -81 -79 0
Bathroom -50 -59 -55 -77 -87 -81 -79 0
Bathroom -58 -49 -63 -69 -84 -85 -89 0
Bathroom -53 -53 -56 -63 -74 -83 -77 0
Bathroom -53 -48 -56 -64 -76 -83 -77 0
Bathroom -58 -49 -56 -77 -77 -83 -77 0
Bathroom -58 -50 -59 -89 -79 -83 -77 0
Bathroom -57 -48 -58 -79 -79 -83 -82 0
Bathroom -58 -50 -58 -71 -80 -83 -82 -91
Bathroom -60 -52 -62 -73 -79 -83 -82 -91
Bathroom -54 -52 -60 -78 -75 -86 -82 -91
Bathroom -56 -53 -57 -72 -78 -84 -82 -91
Bathroom -53 -57 -59 -65 -82 -77 -82 -91
Bathroom -68 -54 -65 -68 -81 -84 -82 -91
Bathroom -62 -56 -62 -63 -74 -88 -82 -91
Bathroom -65 -56 -66 -69 -80 -87 -82 -91
Bathroom -60 -67 -66 -68 -82 -86 -91 -91
Bathroom -57 -56 -65 -73 -78 -86 -91 -91
Bathroom -57 -53 -65 -73 -78 -86 -88 -91
Bathroom -58 -53 -60 -70 -76 -89 -88 -91
Bathroom -58 -53 -63 -71 -75 -89 -88 -91
LivingRoom -32 -28 -42 -52 -71 -72 -71 -78
LivingRoom -32 -32 -36 -53 -73 -72 -72 -77
LivingRoom -43 -28 -41 -48 -62 -70 -67 -79
LivingRoom -44 -27 -44 -52 -64 -70 -67 -79
LivingRoom -45 -32 -52 -56 -68 -68 -67 -79
LivingRoom -46 -81 -52 -61 -68 -70 -67 -79
LivingRoom -42 -32 -50 -58 -91 -68 -70 -79
LivingRoom -42 -40 -50 -58 -70 -75 -67 -81
LivingRoom -48 -38 -55 -55 -69 -72 -76 -81
LivingRoom -40 -47 -52 -64 -63 -72 -76 -81
LivingRoom -42 -45 -48 -56 -66 -76 -69 -85
LivingRoom -44 -45 -54 -56 -64 -76 -75 -85
LivingRoom -44 -41 -57 -53 -70 -76 -75 -85
LivingRoom -42 -44 -56 -53 -65 -73 -76 -85
LivingRoom -46 -47 -57 -67 -71 -73 -70 -85
LivingRoom -47 -40 -55 -69 -63 -73 -73 -85
LivingRoom -45 -49 -50 -57 -70 -62 -71 -85
LivingRoom -38 -32 -46 -66 -63 -73 -73 -85
LivingRoom -34 -36 -50 -57 -65 -73 -79 -85
LivingRoom -45 -45 -56 -56 -58 -76 -74 -85
LivingRoom -38 -39 -51 -55 -63 -69 -72 -85
LivingRoom -44 -47 -59 -51 -62 -70 -79 -85
LivingRoom -47 -33 -48 -62 -66 -65 -76 -85
LivingRoom -40 -36 -43 -53 -66 -65 -74 -85
LivingRoom -34 -31 -52 -55 -62 -76 -74 -85
LivingRoom -28 -39 -47 -65 -70 -69 -70 -85
LivingRoom -36 -80 -47 -55 -66 -64 -77 -85
LivingRoom -49 -76 -59 -52 -67 -72 -76 -85
LivingRoom -43 -47 -49 -48 -64 -67 -70 -85
LivingRoom -62 -48 -63 -43 -59 -67 -70 -85
LivingRoom -39 -48 -45 -53 -60 -76 -74 -85
DiningTable -44 -47 -53 -47 -56 -66 -81 -85
DiningTable -53 -51 -53 -47 -61 -66 -83 -85
DiningTable -47 -53 -51 -50 -64 -66 -83 -87
DiningTable -50 -49 -52 -49 -65 -79 -80 -87
DiningTable -47 -47 -51 -49 -65 -79 -80 -87
DiningTable -47 -47 -50 -50 -64 -81 -84 -87
DiningTable -47 -47 -50 -49 -64 -81 -81 -87
DiningTable -46 -49 -48 -49 -64 -81 -79 -87
DiningTable -43 -46 -48 -49 -64 -80 -79 -87
DiningTable -45 -45 -48 -49 -65 -80 -78 -87
DiningTable -49 -45 -47 -48 -64 -80 -78 -87
DiningTable -42 -47 -47 -50 -65 -77 -77 -87
DiningTable -43 -45 -46 -47 -65 -77 -79 -87
DiningTable -44 -46 -48 -50 -67 -77 -79 -87
DiningTable -44 -47 -47 -46 -64 -80 -80 -87
DiningTable -47 -49 -49 -49 -66 -80 -80 -87
DiningTable -52 -48 -57 -47 -66 -80 -81 -87
DiningTable -48 -47 -90 -48 -64 -80 -83 -87
DiningTable -53 -40 -50 -49 -66 -80 -78 -87
DiningTable -46 -46 -50 -50 -66 -80 -80 -87
DiningTable -47 -45 -50 -51 -66 -80 -84 -87
DiningTable -46 -46 -50 -50 -66 -76 -84 -87
DiningTable -45 -46 -51 -50 -66 -83 -84 -89
DiningTable -59 -46 -48 -50 -65 -83 -79 -89
DiningTable -48 -46 -51 -50 -67 -81 -84 -89
DiningTable -47 -48 -50 -51 -66 -80 -84 -89
DiningTable -48 -48 -50 -51 -68 -80 -81 -89
DiningTable -44 -47 -49 -50 -65 -80 -84 -89
DiningTable -42 -45 -55 -51 -65 -80 -83 -89
DiningTable -41 -46 -53 -48 -68 -82 -84 -89
DiningTable -46 -48 -54 -50 -67 -82 -77 -89
DiningTable -55 -43 -52 -47 -65 -82 -82 -89
DiningTable -44 -45 -49 -51 -66 -80 -81 -89
DiningTable -45 -45 -50 -50 -66 -82 -79 -89
DiningTable -46 -46 -49 -50 -66 -79 -78 -89
DiningTable -55 -45 -49 -50 -65 -79 -78 -89
DiningTable -42 -42 -50 -52 -66 -79 -78 -84
DiningTable -43 -45 -48 -50 -64 -80 -79 -84
DiningTable -46 -45 -47 -50 -65 -83 -81 -84
DiningTable -47 -45 -51 -49 -66 -79 -81 -84
DiningTable -46 -46 -50 -50 -66 -79 -81 -84
DiningTable -46 -48 -49 -50 -66 -79 -79 -84
DiningTable -49 -47 -49 -50 -67 -78 -80 -84
DiningTable -46 -45 -47 -47 -65 -76 -84 -84
DiningTable -41 -34 -49 -50 -64 -75 -80 -84
DiningTable -58 -44 -52 -49 -68 -80 -80 -84
DiningTable -51 -82 -52 -50 -70 -78 -79 -84
DiningTable -62 -39 -53 -51 -71 -77 -82 -84
DiningTable -59 -42 -53 -51 -70 -78 -79 -84
DiningTable -58 -40 -52 -51 -70 -78 -81 -84
DiningTable -56 -39 -52 -50 -70 -78 -81 -84
DiningTable -53 -44 -55 -51 -69 -78 -83 -84
DiningTable -53 -44 -53 -50 -66 -78 -83 -84
DiningTable -57 -41 -49 -51 -68 -77 -79 -84
DiningTable -63 -38 -53 -52 -70 -77 -79 -84
DiningTable -58 -44 -53 -52 -69 -76 -84 -84
DiningTable -66 -41 -53 -51 -70 -78 -87 -84
DiningTable -55 -39 -56 -52 -70 -78 -87 -84
DiningTable -53 -43 -55 -52 -71 -80 -84 -84
DiningTable -49 -41 -54 -52 -70 -80 -84 -84
DiningTable -54 -40 -52 -52 -71 -81 -84 -84
DiningTable -45 -37 -48 -53 -64 -81 -80 -84
DiningTable -48 -51 -47 -57 -71 -82 -80 -84
DiningTable -42 -39 -46 -52 -68 -78 -77 -84
DiningTable -39 -40 -48 -57 -73 -78 -84 -84
DiningTable -43 -47 -49 -58 -73 -86 -84 -84
DiningTable -46 -41 -50 -57 -68 -79 -78 -84
DiningTable -51 -43 -52 -57 -68 -75 -80 -84
DiningTable -48 -47 -52 -52 -74 -82 -88 -84
Kitchen -54 -46 -55 -67 -70 -80 -77 -89
Kitchen -57 -49 -61 -54 -74 -83 -81 -89
Kitchen -52 -53 -56 -54 -74 -80 -85 -89
Kitchen -58 -58 -60 -57 -74 -80 -85 -89
Kitchen -49 -47 -61 -60 -73 -84 -82 -89
Kitchen -49 -44 -56 -59 -69 -84 -82 -89
Kitchen -56 -45 -62 -56 -72 -84 -82 -89
Kitchen -53 -44 -56 -59 -72 -84 -81 -89
Kitchen -48 -43 -59 -56 -73 -84 -82 -89
Kitchen -49 -45 -64 -53 -71 -82 -83 -89
Kitchen -55 -43 -79 -55 -69 -81 -85 -89
Kitchen -51 -44 -68 -56 -71 -81 -85 -89
Kitchen -51 -49 -60 -56 -71 -81 -81 -89
Kitchen -46 -41 -67 -53 -70 -81 -86 -89
Kitchen -51 -44 -61 -54 -68 -81 -86 -89
Kitchen -54 -47 -55 -55 -75 -87 -83 -89
Kitchen -54 -50 -53 -56 -74 -87 -83 -89
Kitchen -50 -52 -66 -62 -71 -87 -82 -89
Kitchen -47 -52 -62 -66 -72 -77 -82 -89
Kitchen -47 -50 -63 -59 -71 -77 -82 -89
Kitchen -48 -52 -63 -62 -69 -78 -83 -89
Kitchen -48 -53 -63 -63 -70 -78 -79 -89
Kitchen -47 -53 -63 -63 -71 -77 -78 -89
Kitchen -53 -54 -64 -59 -74 -87 -85 -89
Kitchen -53 -51 -65 -60 -72 -87 -82 -89
Kitchen -52 -49 -63 -60 -73 -87 -81 -89
Kitchen -49 -50 -67 -58 -71 -87 -81 -89
Kitchen -47 -54 -61 -67 -70 -77 -83 -89
Kitchen -47 -52 -61 -62 -72 -76 -83 -89
Kitchen -47 -52 -64 -67 -74 -76 -83 -89
Kitchen -46 -49 -58 -63 -72 -76 -81 -89
Kitchen -50 -51 -62 -79 -72 -76 -81 -89
Kitchen -56 -41 -50 -60 -78 -76 -81 -83
Kitchen -56 -38 -53 -57 -78 -81 -81 -83
Kitchen -54 -86 -58 -57 -76 -81 -83 -83
Kitchen -51 -49 -52 -70 -72 -81 -85 -83
Kitchen -49 -48 -53 -71 -78 -81 -85 -83
Kitchen -53 -47 -57 -72 -78 -81 -85 -83
Kitchen -54 -45 -53 -62 -80 -88 -85 -87
Kitchen -51 -46 -54 -65 -79 -84 -84 -90
Kitchen -48 -49 -53 -70 -73 -84 -84 -90
Kitchen -52 -43 -55 -58 -75 -84 -84 -90
Kitchen -56 -40 -53 -58 -73 -84 -79 -90
Kitchen -58 -46 -53 -58 -76 -84 -84 -88
Kitchen -57 -60 -63 -68 -81 -82 -83 -88
Kitchen -54 -59 -63 -63 -83 -82 -83 -88
Kitchen -54 -59 -63 -61 -83 -82 -84 -88
Kitchen -53 -53 -64 -65 -83 -82 -83 -88
Kitchen -51 -46 -52 -56 -73 -82 -86 -88
Kitchen -52 -51 -62 -57 -77 -82 -84 -88
Kitchen -54 -49 -65 -58 -74 -84 -83 -86
